# Cls = PFC
# Exp = ITER
# Name = BLK10
5.000000000000000000e+00 1.800000000000000000e+01
5.765600000000000058e+00 4.567800000000000082e+00
5.776600000000000179e+00 4.483299999999999841e+00
6.523699999999999832e+00 3.914099999999999913e+00
6.647899999999999920e+00 4.077200000000000379e+00
5.886700000000000266e+00 4.657199999999999562e+00
0.000000000000000000e+00 2.785568300577737078e-01
3.490658503988658956e-01 2.785568300577737078e-01
6.981317007977317912e-01 2.785568300577737078e-01
1.047197551196597631e+00 2.785568300577737078e-01
1.396263401595463582e+00 2.785568300577737078e-01
1.745329251994329534e+00 2.785568300577737078e-01
2.094395102393195263e+00 2.785568300577737078e-01
2.443460952792061214e+00 2.785568300577737078e-01
2.792526803190927165e+00 2.785568300577737078e-01
3.141592653589793116e+00 2.785568300577737078e-01
-2.792526803190927609e+00 2.785568300577737078e-01
-2.443460952792061658e+00 2.785568300577737078e-01
-2.094395102393196151e+00 2.785568300577737078e-01
-1.745329251994329534e+00 2.785568300577737078e-01
-1.396263401595464027e+00 2.785568300577737078e-01
-1.047197551196597631e+00 2.785568300577737078e-01
-6.981317007977322353e-01 2.785568300577737078e-01
-3.490658503988666728e-01 2.785568300577737078e-01
