# Cls = PFC
# Exp = NSTX
# Name = BumperOutter02
4.400000000000000000e+01 0.000000000000000000e+00
1.401484299999999905e+02 2.575703100000000063e+02
1.412031199999999842e+02 2.572187500000000000e+02
1.419062499999999716e+02 2.573203100000000063e+02
1.419062499999999716e+02 2.583163999999999874e+02
1.422382799999999747e+02 2.583163999999999874e+02
1.422382799999999747e+02 2.593203100000000063e+02
1.425703099999999779e+02 2.593203100000000063e+02
1.425703099999999779e+02 2.603125000000000000e+02
1.428906199999999842e+02 2.603125000000000000e+02
1.428906199999999842e+02 2.613163999999999874e+02
1.432226499999999874e+02 2.613163999999999874e+02
1.432226499999999874e+02 2.623125000000000000e+02
1.435546899999999937e+02 2.623125000000000000e+02
1.435546899999999937e+02 2.633164100000000190e+02
1.438867199999999968e+02 2.633164100000000190e+02
1.438867199999999968e+02 2.643086000000000126e+02
1.442148400000000095e+02 2.643086000000000126e+02
1.442148400000000095e+02 2.653007800000000316e+02
1.445351500000000158e+02 2.653007800000000316e+02
1.445351500000000158e+02 2.663046900000000505e+02
1.448671900000000221e+02 2.663046900000000505e+02
1.448671900000000221e+02 2.673007800000000316e+02
1.451992200000000253e+02 2.673007800000000316e+02
1.451992200000000253e+02 2.683046900000000505e+02
1.455312500000000284e+02 2.683046900000000505e+02
1.455312500000000284e+02 2.692968800000000442e+02
1.458632800000000316e+02 2.692968800000000442e+02
1.458592800000000409e+02 2.702890700000000379e+02
1.461835000000000377e+02 2.702890700000000379e+02
1.461835000000000377e+02 2.712968800000000442e+02
1.465155300000000409e+02 2.712968800000000442e+02
1.465155300000000409e+02 2.722890600000000632e+02
1.468436500000000535e+02 2.722890600000000632e+02
1.468436500000000535e+02 2.732929700000000821e+02
1.471756800000000567e+02 2.732929700000000821e+02
1.471756800000000567e+02 2.742851600000000758e+02
1.474960000000000662e+02 2.742851600000000758e+02
1.474960000000000662e+02 2.752812500000000568e+02
1.478280300000000693e+02 2.752812500000000568e+02
1.478280300000000693e+02 2.762851600000000758e+02
1.481600500000000693e+02 2.762851600000000758e+02
1.481600500000000693e+02 2.772773500000000695e+02
1.475663100000000725e+02 2.772773500000000695e+02
1.466795900000000756e+02 2.776328100000000632e+02
