# Cls = PFC
# Exp = WEST
# Name = BumperOuterV2
9.200000000000000000e+01 1.000000000000000000e+00
2.964289065309421378e+00 5.237580000000000569e-01
2.949734965944058818e+00 5.149930000000000341e-01
2.948030682892055498e+00 5.081299999999999706e-01
2.988685050245676322e+00 4.422350000000000447e-01
3.007349649084555931e+00 4.149979999999999780e-01
3.022702963370367701e+00 3.856859999999999733e-01
3.030468583296153984e+00 3.710410000000000097e-01
3.037326191335069314e+00 3.693349999999999689e-01
3.051880939811381310e+00 3.781010000000000204e-01
3.053535836228224110e+00 3.748740000000000405e-01
3.037931764183158911e+00 3.681549999999999545e-01
3.035316625456395467e+00 3.615860000000000185e-01
3.042232689871864793e+00 3.476060000000000261e-01
3.055270009813371601e+00 3.172919999999999630e-01
3.068307345834996536e+00 2.869789999999999841e-01
3.070346949291724581e+00 2.801070000000000504e-01
3.073682277413363639e+00 2.715640000000000276e-01
3.080247526791474844e+00 2.689479999999999649e-01
3.095870610693217895e+00 2.756669999999999954e-01
3.097075532151097210e+00 2.722450000000000148e-01
3.080688496977420421e+00 2.676960000000000450e-01
3.077210831750402331e+00 2.615410000000000235e-01
3.080033294092289875e+00 2.525800000000000267e-01
3.082518126719290485e+00 2.466100000000000236e-01
3.091344758816783944e+00 2.148130000000000039e-01
3.100171409974777692e+00 1.830159999999999842e-01
3.103751191863484582e+00 1.671140000000000125e-01
3.109901705612252876e+00 1.636340000000000017e-01
3.126270188738650813e+00 1.681829999999999992e-01
3.127001558863218733e+00 1.646299999999999986e-01
3.110169525377193711e+00 1.623350000000000071e-01
3.105893703948671813e+00 1.567050000000000110e-01
3.108803698811651195e+00 1.410970000000000002e-01
3.113257685716683820e+00 1.083990000000000092e-01
3.117711677373165902e+00 7.570099999999999052e-02
3.119116199618731766e+00 5.960300000000000320e-02
3.124741735841379597e+00 5.532399999999999818e-02
3.141573879719686158e+00 5.761900000000000355e-02
3.141819085035291614e+00 5.399999999999999939e-02
3.124831480890129853e+00 5.399999999999999939e-02
3.119834844754606706e+00 4.900000000000000189e-02
3.120609846604506465e+00 3.300000000000000155e-02
3.120046300237386383e+00 1.149999999999999981e-02
3.120609846604506465e+00 0.000000000000000000e+00
3.120609846604506465e+00 -3.300000000000000155e-02
3.119834844754606706e+00 -4.900000000000000189e-02
3.124831480890129853e+00 -5.399999999999999939e-02
3.141819085035291614e+00 -5.399999999999999939e-02
3.141573879719686158e+00 -5.761900000000000355e-02
3.124741735841379597e+00 -5.532399999999999818e-02
3.119116199618731766e+00 -5.960300000000000320e-02
3.117711677373165902e+00 -7.570099999999999052e-02
3.113257685716683820e+00 -1.083990000000000092e-01
3.108803698811651195e+00 -1.410970000000000002e-01
3.105893703948671813e+00 -1.567050000000000110e-01
3.110169525377193711e+00 -1.623350000000000071e-01
3.127001558863218733e+00 -1.646299999999999986e-01
3.126270188738650813e+00 -1.681829999999999992e-01
3.109901705612252876e+00 -1.636340000000000017e-01
3.103751191863484582e+00 -1.671140000000000125e-01
3.100171409974777692e+00 -1.830159999999999842e-01
3.091344758816783944e+00 -2.148130000000000039e-01
3.082518126719290485e+00 -2.466100000000000236e-01
3.080033294092289875e+00 -2.525800000000000267e-01
3.077210831750402331e+00 -2.615410000000000235e-01
3.080688496977420421e+00 -2.676960000000000450e-01
3.097075532151097210e+00 -2.722450000000000148e-01
3.095870610693217895e+00 -2.756669999999999954e-01
3.080247526791474844e+00 -2.689479999999999649e-01
3.073682277413363639e+00 -2.715640000000000276e-01
3.070346949291724581e+00 -2.801070000000000504e-01
3.068307345834996536e+00 -2.869789999999999841e-01
3.055270009813371601e+00 -3.172919999999999630e-01
3.042232689871864793e+00 -3.476060000000000261e-01
3.035316625456395467e+00 -3.615860000000000185e-01
3.037931764183158911e+00 -3.681549999999999545e-01
3.053535836228224110e+00 -3.748740000000000405e-01
3.051880939811381310e+00 -3.781010000000000204e-01
3.037326191335069314e+00 -3.693349999999999689e-01
3.030468583296153984e+00 -3.710410000000000097e-01
3.022702963370367701e+00 -3.856859999999999733e-01
3.005693982131414366e+00 -4.139610000000000234e-01
2.988685050245676322e+00 -4.422350000000000447e-01
2.948030682892055498e+00 -5.081299999999999706e-01
2.949734965944058818e+00 -5.149930000000000341e-01
2.964289065309421378e+00 -5.237580000000000569e-01
3.109405693186561681e+00 -5.426119999999999832e-01
3.362327806491359983e+00 -5.704500000000000542e-02
3.550000000000000266e+00 -5.714999999999999941e-02
3.550000000000000266e+00 5.714999999999999941e-02
3.363484197010594201e+00 5.673700000000000271e-02
3.107995761040384775e+00 5.446670000000000122e-01
2.385377619458727949e+00 1.161666666666665293e-01
