# Cls = PFC
# Exp = COMPASS
# Name = inner
5.400000000000000000e+01 0.000000000000000000e+00
3.275629878044128418e-01 1.707690060138702393e-01
3.249000000000000221e-01 1.522000000000000020e-01
3.250000000000000666e-01 1.429999999999999882e-01
3.245000000000000107e-01 7.620000000000000384e-02
3.250000000000000666e-01 0.000000000000000000e+00
3.244000000000000217e-01 -7.620000000000000384e-02
3.250000000000000666e-01 -1.429999999999999882e-01
3.251999999999999891e-01 -1.522000000000000020e-01
3.275629878044128418e-01 -1.707690060138702393e-01
3.314230144023895264e-01 -1.707690060138702393e-01
3.348850011825561523e-01 -1.707690060138702393e-01
3.377690017223358154e-01 -1.696150004863739014e-01
3.406539857387542725e-01 -1.650000065565109253e-01
3.441149890422821045e-01 -1.563459932804107666e-01
3.458459973335266113e-01 -1.494230031967163086e-01
3.470000028610229492e-01 -1.396149992942810059e-01
3.470000028610229492e-01 -1.212436035275459290e-01
3.470000028610229492e-01 -1.116589978337287903e-01
3.470000028610229492e-01 -1.024238020181655884e-01
3.470000028610229492e-01 -9.349802136421203613e-02
3.470000028610229492e-01 -8.484550565481185913e-02
3.470000028610229492e-01 -7.643374800682067871e-02
3.470000028610229492e-01 -6.823313981294631958e-02
3.470000028610229492e-01 -6.021653115749359131e-02
3.470000028610229492e-01 -5.235888063907623291e-02
3.470000028610229492e-01 -4.463687911629676819e-02
3.470000028610229492e-01 -3.702866658568382263e-02
3.470000028610229492e-01 -2.951357513666152954e-02
3.470000028610229492e-01 -2.207188867032527924e-02
3.470000028610229492e-01 -1.468463055789470673e-02
3.470000028610229492e-01 -7.333361543715000153e-03
3.470000028610229492e-01 1.885656908395816345e-11
3.470000028610229492e-01 7.333361543715000153e-03
3.470000028610229492e-01 1.468463055789470673e-02
3.470000028610229492e-01 2.207188867032527924e-02
3.470000028610229492e-01 2.951357513666152954e-02
3.470000028610229492e-01 3.702866658568382263e-02
3.470000028610229492e-01 4.463687911629676819e-02
3.470000028610229492e-01 5.235888063907623291e-02
3.470000028610229492e-01 6.021653115749359131e-02
3.470000028610229492e-01 6.823313236236572266e-02
3.470000028610229492e-01 7.643374800682067871e-02
3.470000028610229492e-01 8.484550565481185913e-02
3.470000028610229492e-01 9.349802136421203613e-02
3.470000028610229492e-01 1.024238020181655884e-01
3.470000028610229492e-01 1.116589978337287903e-01
3.470000028610229492e-01 1.212436035275459290e-01
3.470000028610229492e-01 1.396149992942810059e-01
3.458459973335266113e-01 1.494230031967163086e-01
3.441149890422821045e-01 1.563459932804107666e-01
3.406539857387542725e-01 1.650000065565109253e-01
3.377690017223358154e-01 1.696150004863739014e-01
3.348850011825561523e-01 1.707690060138702393e-01
3.314230144023895264e-01 1.707690060138702393e-01
