# Cls = Ves
# Exp = COMPASS
# Name = InnerV1
5.200000000000000000e+01 0.000000000000000000e+00
3.245000000000000107e-01 7.620000000000000384e-02
3.250000000000000666e-01 0.000000000000000000e+00
3.244000000000000217e-01 -7.620000000000000384e-02
3.250000000000000666e-01 -1.429999999999999882e-01
3.251999999999999891e-01 -1.522000000000000020e-01
3.310000000000000719e-01 -2.079999999999999905e-01
3.335000000000000187e-01 -2.265000000000000069e-01
3.460000000000000853e-01 -2.720000000000000195e-01
3.553000000000000047e-01 -2.980999999999999761e-01
3.720000000000000528e-01 -3.330000000000000182e-01
3.932999999999999829e-01 -3.593999999999999972e-01
3.970000000000000195e-01 -3.629999999999999893e-01
4.320000000000000506e-01 -3.810000000000000053e-01
4.575000000000000178e-01 -3.845000000000000084e-01
4.710000000000000853e-01 -3.850000000000000089e-01
5.270000000000000240e-01 -3.699999999999999956e-01
5.443999999999999950e-01 -3.630999999999999783e-01
5.790000000000000702e-01 -3.459999999999999742e-01
6.209999999999999964e-01 -3.150000000000000022e-01
6.260000000000001119e-01 -3.119999999999999996e-01
6.760000000000000453e-01 -2.590000000000000080e-01
6.845999999999999863e-01 -2.500000000000000000e-01
7.190000000000000835e-01 -2.000000000000000111e-01
7.410999999999999810e-01 -1.633000000000000007e-01
7.540000000000000036e-01 -1.360000000000000098e-01
7.728000000000000425e-01 -8.899999999999999578e-02
7.790000000000000258e-01 -6.700000000000000400e-02
7.890000000000000346e-01 0.000000000000000000e+00
7.790000000000000258e-01 6.700000000000000400e-02
7.729000000000000314e-01 8.899999999999999578e-02
7.540000000000000036e-01 1.360000000000000098e-01
7.410999999999999810e-01 1.632000000000000117e-01
7.190000000000000835e-01 2.000000000000000111e-01
6.844999999999999973e-01 2.500000000000000000e-01
6.760000000000000453e-01 2.590000000000000080e-01
6.260000000000001119e-01 3.119999999999999996e-01
6.212999999999999634e-01 3.160000000000000031e-01
5.790000000000000702e-01 3.459999999999999742e-01
5.446999999999999620e-01 3.637000000000000233e-01
5.270000000000000240e-01 3.699999999999999956e-01
4.710000000000000853e-01 3.850000000000000089e-01
4.575000000000000178e-01 3.845000000000000084e-01
4.320000000000000506e-01 3.810000000000000053e-01
3.970000000000000195e-01 3.629999999999999893e-01
3.934000000000000274e-01 3.593999999999999972e-01
3.720000000000000528e-01 3.330000000000000182e-01
3.553000000000000047e-01 2.980999999999999761e-01
3.460000000000000853e-01 2.720000000000000195e-01
3.336000000000000076e-01 2.265000000000000069e-01
3.310000000000000719e-01 2.079999999999999905e-01
3.249000000000000221e-01 1.522000000000000020e-01
3.250000000000000666e-01 1.429999999999999882e-01
