# Cls = Ves
# Exp = SPARC
# Name = VesInner
1.600000000000000000e+01 0.000000000000000000e+00
1.903624997658255324e+00 1.625313140897490127e+00
1.822281170468061262e+00 1.650066351373266960e+00
1.649867334048523926e+00 1.628849292438505625e+00
1.240495118137360020e+00 1.238986335033750663e+00
1.242263388978638528e+00 -1.241638275611990139e+00
1.653403988014126913e+00 -1.632385387846270852e+00
1.819628670636938228e+00 -1.651834249388481446e+00
1.904509226648099407e+00 -1.630617190453720333e+00
1.904509226648099407e+00 -1.126712742418771729e+00
1.938992098729516833e+00 -1.090466941201505779e+00
2.325375839298168490e+00 -1.091350104343605576e+00
2.663129979639944356e+00 -6.298795870673439268e-01
2.661361521660254859e+00 6.307656317163037318e-01
2.323607381318478993e+00 1.090468045155432275e+00
1.937223640749827336e+00 1.090468045155432275e+00
1.901856726816976373e+00 1.124945742535564897e+00
