# Cls = CoilPF
# Exp = TCV
# Name = E03A3
2.900000000000000000e+01 0.000000000000000000e+00
1.159999966621398926e+00 3.550239722665320397e-01
1.174999952316284180e+00 3.550239722665320397e-01
1.174999952316284180e+00 3.711097474191702994e-01
1.174999952316284180e+00 3.872449538286994453e-01
1.174999952316284180e+00 4.033801602382285911e-01
1.174999952316284180e+00 4.195153666477577370e-01
1.174999952316284180e+00 4.356505730572868829e-01
1.174999952316284180e+00 4.517857794668160287e-01
1.174999952316284180e+00 4.679209858763451746e-01
1.174999952316284180e+00 4.840561922858743205e-01
1.174999952316284180e+00 5.001913986954034108e-01
1.174999952316284180e+00 5.163266051049325567e-01
1.174999952316284180e+00 5.324618115144618136e-01
1.174999952316284180e+00 5.485970179239908484e-01
1.174999952316284180e+00 5.549760739662743525e-01
1.159999966621398926e+00 5.549760739662743525e-01
1.159999966621398926e+00 5.475173417259665554e-01
1.159999966621398926e+00 5.318739891052246538e-01
1.159999966621398926e+00 5.162306364844827522e-01
1.159999966621398926e+00 5.005872838637408506e-01
1.159999966621398926e+00 4.849439312429988935e-01
1.159999966621398926e+00 4.693005786222569919e-01
1.159999966621398926e+00 4.536572260015150904e-01
1.159999966621398926e+00 4.380138733807731888e-01
1.159999966621398926e+00 4.223705207600312872e-01
1.159999966621398926e+00 4.067271681392893856e-01
1.159999966621398926e+00 3.910838155185474840e-01
1.159999966621398926e+00 3.754404628978055825e-01
1.159999966621398926e+00 3.597971102770636809e-01
