# Cls = PFC
# Exp = NSTX
# Name = BumperOutter03
4.400000000000000000e+01 0.000000000000000000e+00
1.475664099999999905e+02 3.260585899999999810e+02
1.481601499999999874e+02 3.260585899999999810e+02
1.481601499999999874e+02 3.270507799999999747e+02
1.478281299999999874e+02 3.270507799999999747e+02
1.478281299999999874e+02 3.280546899999999937e+02
1.474960899999999810e+02 3.280546899999999937e+02
1.474960899999999810e+02 3.290468799999999874e+02
1.471757799999999747e+02 3.290468799999999874e+02
1.471757799999999747e+02 3.300507799999999747e+02
1.468437499999999716e+02 3.300507799999999747e+02
1.468437499999999716e+02 3.310468699999999558e+02
1.465156299999999590e+02 3.310468699999999558e+02
1.465156299999999590e+02 3.320390599999999495e+02
1.461835899999999526e+02 3.320390599999999495e+02
1.461835899999999526e+02 3.330429699999999684e+02
1.458593799999999590e+02 3.330429699999999684e+02
1.458593799999999590e+02 3.340351599999999621e+02
1.455312499999999716e+02 3.340351599999999621e+02
1.455312499999999716e+02 3.350390599999999495e+02
1.451992199999999684e+02 3.350390599999999495e+02
1.451992199999999684e+02 3.360351499999999305e+02
1.448671899999999653e+02 3.360351499999999305e+02
1.448671899999999653e+02 3.370273399999999242e+02
1.445351499999999589e+02 3.370273399999999242e+02
1.445351499999999589e+02 3.380312499999999432e+02
1.442148399999999526e+02 3.380312499999999432e+02
1.442148399999999526e+02 3.390234399999999368e+02
1.438867199999999400e+02 3.390234399999999368e+02
1.438867199999999400e+02 3.400312499999999432e+02
1.435546899999999368e+02 3.400312499999999432e+02
1.435546899999999368e+02 3.410234399999999368e+02
1.432226499999999305e+02 3.410234399999999368e+02
1.432226499999999305e+02 3.420273499999999558e+02
1.428906199999999274e+02 3.420273499999999558e+02
1.428906199999999274e+02 3.430195299999999747e+02
1.425703099999999210e+02 3.430195299999999747e+02
1.425703099999999210e+02 3.440156299999999874e+02
1.422382799999999179e+02 3.440156299999999874e+02
1.422382799999999179e+02 3.450195299999999747e+02
1.419062499999999147e+02 3.450195299999999747e+02
1.419062499999999147e+02 3.460117199999999684e+02
1.413163999999999021e+02 3.460117199999999684e+02
1.404939499999998986e+02 3.456332899999999881e+02
1.471721199999998930e+02 3.260361300000000142e+02
