#Name = VESiR
#Exp = AUG
#CLs = Ves
36        0
2.521    0.000
2.506    0.210
2.461    0.416
2.387    0.613
2.286    0.798
2.159    0.966
2.010    1.114
1.841    1.240
1.705    1.303
1.558    1.329
1.409    1.315
1.269    1.264
1.147    1.177
1.052    1.062
0.990    0.927
0.965    0.779
0.957    0.519
0.953    0.260
0.951    0.000
0.953   -0.260
0.957   -0.519
0.965   -0.779
0.990   -0.927
1.052   -1.062
1.147   -1.177
1.269   -1.264
1.409   -1.315
1.558   -1.329
1.705   -1.303
1.841   -1.240
2.010   -1.114
2.159   -0.966
2.286   -0.798
2.387   -0.613
2.461   -0.416
2.506   -0.210
