# Cls = PFC
# Exp = ITER
# Name = Div7
5.200000000000000000e+01 5.400000000000000000e+01
4.576999999999999957e+00 -4.058699999999999974e+00
4.498899999999999899e+00 -4.120700000000000252e+00
4.381199999999999761e+00 -4.077899999999999636e+00
4.375000000000000000e+00 -4.070000000000000284e+00
4.365700000000000358e+00 -3.987800000000000011e+00
4.349000000000000199e+00 -3.986400000000000166e+00
4.352599999999999802e+00 -3.940399999999999903e+00
4.305799999999999628e+00 -3.936700000000000088e+00
4.302500000000000213e+00 -3.978800000000000114e+00
4.281500000000000306e+00 -3.977100000000000080e+00
4.284900000000000375e+00 -3.935099999999999820e+00
4.238000000000000433e+00 -3.931400000000000006e+00
4.226499999999999702e+00 -4.078100000000000058e+00
4.177200000000000024e+00 -4.074300000000000033e+00
4.149200000000000443e+00 -4.151399999999999757e+00
4.616200000000000081e+00 -4.321399999999999686e+00
4.873099999999999987e+00 -4.426300000000000345e+00
5.173099999999999810e+00 -4.562999999999999723e+00
5.404099999999999682e+00 -4.611500000000000377e+00
5.431700000000000195e+00 -4.582900000000000418e+00
5.407799999999999940e+00 -4.559000000000000163e+00
5.451600000000000001e+00 -4.515200000000000102e+00
5.418999999999999595e+00 -4.482499999999999929e+00
5.379400000000000404e+00 -4.522100000000000009e+00
5.302999999999999936e+00 -4.445700000000000429e+00
5.342600000000000016e+00 -4.406100000000000350e+00
5.308799999999999741e+00 -4.372300000000000075e+00
5.265699999999999825e+00 -4.415499999999999758e+00
5.240000000000000213e+00 -4.389800000000000146e+00
5.192999999999999616e+00 -4.422600000000000087e+00
5.100200000000000067e+00 -4.380300000000000082e+00
5.086199999999999832e+00 -4.257399999999999629e+00
5.062899999999999956e+00 -3.977700000000000014e+00
5.062199999999999811e+00 -3.898699999999999832e+00
5.043999999999999595e+00 -3.891599999999999948e+00
5.032700000000000173e+00 -3.865699999999999914e+00
5.048399999999999999e+00 -3.825800000000000090e+00
5.001900000000000013e+00 -3.807500000000000107e+00
4.989799999999999791e+00 -3.838200000000000056e+00
4.970299999999999940e+00 -3.846699999999999786e+00
4.937800000000000189e+00 -3.833800000000000097e+00
4.929299999999999571e+00 -3.814400000000000013e+00
4.941399999999999793e+00 -3.783700000000000063e+00
4.894400000000000084e+00 -3.765200000000000102e+00
4.878700000000000259e+00 -3.805000000000000160e+00
4.832200000000000273e+00 -3.808199999999999807e+00
4.778900000000000148e+00 -3.864399999999999835e+00
4.888300000000000090e+00 -4.001900000000000013e+00
4.930399999999999672e+00 -4.280599999999999739e+00
4.672399999999999665e+00 -4.178700000000000081e+00
4.888300000000000090e+00 -4.001900000000000013e+00
4.778900000000000148e+00 -3.864399999999999835e+00
-3.770497530241264522e-02 3.710046035240825713e-02
7.865030816387598434e-02 3.710046035240825713e-02
1.950055916301646208e-01 3.710046035240825713e-02
3.113608750964532712e-01 3.710046035240825713e-02
4.277161585627419216e-01 3.710046035240825713e-02
5.440714420290304609e-01 3.710046035240825713e-02
6.604267254953191113e-01 3.710046035240825713e-02
7.767820089616077617e-01 3.710046035240825713e-02
8.931372924278964121e-01 3.710046035240825713e-02
1.009492575894185062e+00 3.710046035240825713e-02
1.125847859360473713e+00 3.710046035240825713e-02
1.242203142826762363e+00 3.710046035240825713e-02
1.358558426293051014e+00 3.710046035240825713e-02
1.474913709759339664e+00 3.710046035240825713e-02
1.591268993225628314e+00 3.710046035240825713e-02
1.707624276691916965e+00 3.710046035240825713e-02
1.823979560158205615e+00 3.710046035240825713e-02
1.940334843624494265e+00 3.710046035240825713e-02
2.056690127090782472e+00 3.710046035240825713e-02
2.173045410557071122e+00 3.710046035240825713e-02
2.289400694023359772e+00 3.710046035240825713e-02
2.405755977489648423e+00 3.710046035240825713e-02
2.522111260955937073e+00 3.710046035240825713e-02
2.638466544422225724e+00 3.710046035240825713e-02
2.754821827888514374e+00 3.710046035240825713e-02
2.871177111354803024e+00 3.710046035240825713e-02
2.987532394821091675e+00 3.710046035240825713e-02
3.103887678287380325e+00 3.710046035240825713e-02
-3.062942345425917701e+00 3.710046035240825713e-02
-2.946587061959629050e+00 3.710046035240825713e-02
-2.830231778493340400e+00 3.710046035240825713e-02
-2.713876495027051750e+00 3.710046035240825713e-02
-2.597521211560763099e+00 3.710046035240825713e-02
-2.481165928094474449e+00 3.710046035240825713e-02
-2.364810644628185798e+00 3.710046035240825713e-02
-2.248455361161897148e+00 3.710046035240825713e-02
-2.132100077695608942e+00 3.710046035240825713e-02
-2.015744794229319847e+00 3.710046035240825713e-02
-1.899389510763031419e+00 3.710046035240825713e-02
-1.783034227296742324e+00 3.710046035240825713e-02
-1.666678943830454118e+00 3.710046035240825713e-02
-1.550323660364165024e+00 3.710046035240825713e-02
-1.433968376897876817e+00 3.710046035240825713e-02
-1.317613093431587723e+00 3.710046035240825713e-02
-1.201257809965299517e+00 3.710046035240825713e-02
-1.084902526499010422e+00 3.710046035240825713e-02
-9.685472430327222160e-01 3.710046035240825713e-02
-8.521919595664331215e-01 3.710046035240825713e-02
-7.358366761001449152e-01 3.710046035240825713e-02
-6.194813926338558208e-01 3.710046035240825713e-02
-5.031261091675676145e-01 3.710046035240825713e-02
-3.867708257012785755e-01 3.710046035240825713e-02
-2.704155422349903137e-01 3.710046035240825713e-02
-1.540602587687012470e-01 3.710046035240825713e-02
