# Cls = Ves
# Exp = WEST
# Name = OuterV0
6.250000000000000000e+02 0.000000000000000000e+00
3.418699999999999850e+00 0.000000000000000000e+00
3.418649700000000013e+00 1.001271500000000016e-02
3.418498699999999779e+00 2.002441900000000163e-02
3.418247099999999872e+00 3.003409900000000160e-02
3.417894800000000011e+00 4.004074299999999670e-02
3.417441999999999869e+00 5.004334099999999813e-02
3.416888699999999890e+00 6.004088099999999734e-02
3.416234799999999794e+00 7.003235300000000552e-02
3.415480599999999978e+00 8.001674799999999865e-02
3.414626000000000161e+00 8.999305500000000235e-02
3.413671200000000017e+00 9.996026800000000490e-02
3.412616199999999989e+00 1.099173799999999951e-01
3.411461200000000193e+00 1.198633800000000055e-01
3.410206300000000024e+00 1.297972699999999924e-01
3.408851499999999923e+00 1.397180399999999878e-01
3.407397099999999845e+00 1.496246900000000046e-01
3.405843200000000071e+00 1.595162099999999916e-01
3.404189899999999991e+00 1.693916199999999928e-01
3.402437400000000167e+00 1.792499100000000123e-01
3.400586000000000109e+00 1.890900799999999937e-01
3.398635599999999979e+00 1.989111399999999863e-01
3.396586699999999848e+00 2.087121000000000115e-01
3.394439300000000159e+00 2.184919600000000128e-01
3.392193699999999978e+00 2.282497500000000012e-01
3.389850099999999866e+00 2.379844600000000088e-01
3.387408800000000220e+00 2.476951300000000133e-01
3.384869999999999823e+00 2.573807599999999862e-01
3.382233999999999963e+00 2.670403800000000216e-01
3.379500900000000030e+00 2.766730099999999970e-01
3.376671200000000095e+00 2.862776799999999788e-01
3.373745099999999830e+00 2.958534199999999781e-01
3.370722799999999797e+00 3.053992500000000110e-01
3.367604800000000065e+00 3.149142200000000225e-01
3.364391200000000026e+00 3.243973700000000182e-01
3.361082500000000195e+00 3.338477300000000092e-01
3.357678899999999800e+00 3.432643499999999959e-01
3.354180899999999799e+00 3.526462799999999786e-01
3.350588699999999864e+00 3.619925700000000135e-01
3.346902699999999786e+00 3.713022799999999846e-01
3.343123299999999798e+00 3.805744500000000086e-01
3.339250900000000133e+00 3.898081700000000094e-01
3.335285900000000137e+00 3.990024899999999874e-01
3.331228600000000206e+00 4.081564899999999829e-01
3.327079599999999804e+00 4.172692399999999857e-01
3.322839099999999934e+00 4.263398099999999857e-01
3.318507599999999780e+00 4.353673000000000126e-01
3.314085599999999854e+00 4.443507899999999955e-01
3.309573599999999782e+00 4.532893700000000248e-01
3.304971899999999962e+00 4.621821400000000191e-01
3.300281000000000020e+00 4.710282000000000080e-01
3.295501499999999862e+00 4.798266600000000159e-01
3.290633699999999884e+00 4.885766200000000170e-01
3.285678199999999993e+00 4.972772100000000250e-01
3.280635499999999816e+00 5.059275399999999534e-01
3.275506099999999865e+00 5.145267300000000432e-01
3.270290500000000211e+00 5.230739300000000203e-01
3.264989200000000036e+00 5.315682699999999539e-01
3.259602899999999970e+00 5.400088800000000244e-01
3.254131899999999966e+00 5.483949099999999577e-01
3.248576900000000212e+00 5.567255300000000240e-01
3.242938500000000168e+00 5.649998699999999596e-01
3.237217100000000070e+00 5.732171200000000244e-01
3.231413400000000102e+00 5.813764399999999943e-01
3.225528000000000173e+00 5.894770000000000287e-01
3.219561500000000187e+00 5.975179800000000041e-01
3.213514400000000215e+00 6.054985800000000085e-01
3.207387400000000000e+00 6.134179800000000293e-01
3.201181099999999891e+00 6.212753899999999829e-01
3.194896200000000075e+00 6.290700099999999573e-01
3.188533200000000178e+00 6.368010499999999796e-01
3.182092700000000107e+00 6.444677399999999556e-01
3.175575600000000165e+00 6.520692900000000236e-01
3.168982300000000141e+00 6.596049400000000285e-01
3.162313699999999894e+00 6.670739399999999764e-01
3.155570200000000103e+00 6.744755099999999448e-01
3.148752800000000018e+00 6.818089200000000405e-01
3.141861899999999874e+00 6.890734200000000476e-01
3.134898300000000138e+00 6.962682799999999617e-01
3.127862799999999943e+00 7.033927800000000508e-01
3.120756000000000085e+00 7.104461800000000382e-01
3.113578700000000143e+00 7.174277900000000097e-01
3.106331500000000023e+00 7.243368900000000110e-01
3.099015300000000028e+00 7.311727799999999666e-01
3.091630700000000065e+00 7.379347899999999516e-01
3.084178500000000156e+00 7.446222099999999511e-01
3.076659400000000044e+00 7.512343799999999794e-01
3.069074300000000033e+00 7.577706199999999503e-01
3.061423800000000028e+00 7.642302800000000396e-01
3.053708799999999890e+00 7.706127099999999785e-01
3.045929999999999804e+00 7.769172500000000037e-01
3.038088199999999794e+00 7.831432799999999972e-01
3.030184199999999883e+00 7.892901599999999629e-01
3.022218800000000094e+00 7.953572700000000051e-01
3.014192899999999842e+00 8.013439999999999452e-01
3.006107099999999921e+00 8.072497400000000489e-01
2.997962400000000027e+00 8.130738899999999658e-01
2.989759600000000184e+00 8.188158800000000515e-01
2.981499400000000133e+00 8.244751099999999555e-01
2.973182800000000015e+00 8.300510199999999728e-01
2.964810500000000015e+00 8.355430400000000146e-01
2.956383499999999831e+00 8.409506100000000428e-01
2.947902500000000092e+00 8.462731999999999477e-01
2.939368400000000214e+00 8.515102599999999633e-01
2.930782199999999893e+00 8.566612599999999800e-01
2.922144499999999923e+00 8.617256800000000494e-01
2.913456399999999835e+00 8.667030199999999907e-01
2.904718700000000098e+00 8.715927599999999664e-01
2.895932300000000126e+00 8.763944200000000073e-01
2.887098099999999778e+00 8.811075000000000434e-01
2.878216899999999967e+00 8.857315399999999839e-01
2.869289699999999943e+00 8.902660599999999702e-01
2.860317300000000174e+00 8.947106099999999618e-01
2.851300800000000191e+00 8.990647299999999786e-01
2.842240900000000181e+00 9.033279899999999696e-01
2.833138599999999840e+00 9.074999599999999944e-01
2.823994799999999916e+00 9.115802100000000019e-01
2.814810500000000104e+00 9.155683300000000413e-01
2.805586499999999983e+00 9.194639199999999901e-01
2.796323899999999973e+00 9.232665899999999981e-01
2.787023500000000098e+00 9.269759499999999930e-01
2.777686200000000216e+00 9.305916300000000030e-01
2.768313099999999860e+00 9.341132500000000061e-01
2.758905100000000221e+00 9.375404699999999591e-01
2.749463099999999827e+00 9.408729399999999909e-01
2.739987999999999868e+00 9.441103199999999473e-01
2.730480899999999878e+00 9.472522899999999968e-01
2.720942700000000158e+00 9.502985200000000354e-01
2.711374399999999962e+00 9.532487099999999991e-01
2.701776800000000200e+00 9.561025699999999850e-01
2.692151099999999797e+00 9.588597899999999896e-01
2.682498100000000107e+00 9.615201100000000389e-01
2.672818900000000220e+00 9.640832599999999974e-01
2.663114399999999993e+00 9.665489699999999518e-01
2.653385600000000011e+00 9.689169899999999780e-01
2.643633499999999970e+00 9.711870999999999698e-01
2.633859100000000009e+00 9.733590500000000034e-01
2.624063299999999987e+00 9.754326300000000227e-01
2.614247199999999882e+00 9.774076299999999717e-01
2.604411699999999996e+00 9.792838499999999557e-01
2.594557800000000025e+00 9.810611000000000193e-01
2.584686599999999945e+00 9.827392000000000349e-01
2.574799000000000060e+00 9.843179800000000368e-01
2.564896099999999901e+00 9.857972799999999980e-01
2.554978699999999936e+00 9.871769500000000530e-01
2.545047999999999977e+00 9.884568599999999927e-01
2.535105000000000164e+00 9.896368700000000018e-01
2.525150500000000076e+00 9.907168600000000325e-01
2.515185799999999805e+00 9.916967199999999760e-01
2.505211599999999983e+00 9.925763600000000464e-01
2.495229199999999814e+00 9.933556900000000134e-01
2.485239400000000209e+00 9.940346199999999799e-01
2.475243199999999977e+00 9.946130899999999775e-01
2.465241799999999817e+00 9.950910499999999770e-01
2.455236100000000032e+00 9.954684299999999597e-01
2.445227099999999876e+00 9.957452100000000472e-01
2.435215799999999930e+00 9.959213599999999778e-01
2.425203199999999892e+00 9.959968500000000446e-01
2.415190400000000182e+00 9.959716899999999651e-01
2.405178400000000050e+00 9.958458700000000219e-01
2.395168099999999800e+00 9.956194000000000432e-01
2.385160599999999853e+00 9.952923099999999579e-01
2.375156899999999904e+00 9.948646399999999668e-01
2.365158000000000094e+00 9.943364199999999986e-01
2.355164900000000117e+00 9.937077100000000218e-01
2.345178600000000113e+00 9.929785700000000048e-01
2.335200200000000059e+00 9.921490699999999663e-01
2.325230599999999814e+00 9.912193099999999646e-01
2.315270899999999799e+00 9.901893699999999576e-01
2.305321999999999871e+00 9.890593600000000540e-01
2.295385000000000009e+00 9.878293900000000294e-01
2.285460899999999906e+00 9.864995800000000425e-01
2.275550599999999868e+00 9.850700799999999591e-01
2.265655199999999869e+00 9.835410199999999881e-01
2.255775700000000050e+00 9.819125600000000453e-01
2.245912999999999826e+00 9.801848600000000467e-01
2.236068200000000061e+00 9.783581000000000083e-01
2.226242300000000007e+00 9.764324699999999968e-01
2.216436199999999968e+00 9.744081500000000284e-01
2.206650999999999918e+00 9.722853599999999874e-01
2.196887600000000162e+00 9.700642999999999905e-01
2.187146999999999952e+00 9.677452100000000224e-01
2.177430199999999871e+00 9.653283099999999672e-01
2.167738200000000059e+00 9.628138499999999711e-01
2.158072000000000212e+00 9.602020799999999578e-01
2.148432600000000026e+00 9.574932800000000022e-01
2.138820799999999966e+00 9.546877000000000280e-01
2.129237799999999847e+00 9.517856399999999883e-01
2.119684400000000135e+00 9.487873900000000082e-01
2.110161600000000082e+00 9.456932500000000408e-01
2.100670399999999827e+00 9.425035400000000285e-01
2.091211700000000118e+00 9.392185699999999748e-01
2.081786600000000043e+00 9.358386899999999731e-01
2.072395900000000069e+00 9.323642199999999658e-01
2.063040599999999891e+00 9.287955199999999856e-01
2.053721700000000094e+00 9.251329600000000042e-01
2.044439999999999813e+00 9.213769000000000542e-01
2.035196599999999911e+00 9.175277200000000466e-01
2.025992299999999968e+00 9.135858100000000537e-01
2.016828199999999960e+00 9.095515699999999759e-01
2.007705000000000073e+00 9.054254099999999861e-01
1.998623800000000061e+00 9.012077400000000349e-01
1.989585500000000007e+00 8.968990000000000018e-01
1.980590899999999932e+00 8.924996099999999988e-01
1.971640999999999977e+00 8.880100199999999555e-01
1.962736700000000001e+00 8.834306800000000237e-01
1.953878900000000085e+00 8.787620600000000115e-01
1.945068400000000031e+00 8.740046299999999491e-01
1.936306300000000036e+00 8.691588700000000278e-01
1.927593300000000065e+00 8.642252700000000454e-01
1.918930299999999978e+00 8.592043299999999606e-01
1.910318200000000077e+00 8.540965499999999544e-01
1.901757900000000001e+00 8.489024499999999751e-01
1.893250300000000053e+00 8.436225600000000213e-01
1.884796200000000033e+00 8.382574200000000308e-01
1.876396399999999964e+00 8.328075499999999520e-01
1.868051899999999987e+00 8.272735199999999844e-01
1.859763400000000066e+00 8.216558699999999549e-01
1.851531800000000061e+00 8.159551900000000524e-01
1.843357899999999994e+00 8.101720500000000325e-01
1.835242599999999946e+00 8.043070300000000339e-01
1.827186600000000105e+00 7.983607200000000237e-01
1.819190899999999944e+00 7.923337200000000191e-01
1.811256100000000036e+00 7.862266500000000269e-01
1.803383100000000017e+00 7.800401200000000035e-01
1.795572699999999911e+00 7.737747600000000059e-01
1.787825699999999962e+00 7.674311900000000408e-01
1.780142899999999972e+00 7.610100600000000437e-01
1.772524900000000070e+00 7.545120300000000002e-01
1.764972699999999950e+00 7.479377400000000176e-01
1.757487000000000021e+00 7.412878600000000207e-01
1.750068500000000027e+00 7.345630600000000454e-01
1.742717999999999989e+00 7.277640300000000062e-01
1.735436200000000095e+00 7.208914499999999892e-01
1.728223899999999924e+00 7.139460100000000198e-01
1.721081700000000048e+00 7.069284099999999516e-01
1.714010500000000103e+00 6.998393699999999606e-01
1.707010799999999939e+00 6.926795999999999509e-01
1.700083599999999917e+00 6.854498300000000377e-01
1.693229300000000048e+00 6.781507799999999531e-01
1.686448699999999912e+00 6.707832000000000239e-01
1.679742599999999975e+00 6.633478200000000324e-01
1.673111599999999921e+00 6.558454000000000228e-01
1.666556300000000101e+00 6.482767000000000390e-01
1.660077400000000036e+00 6.406424899999999534e-01
1.653675599999999912e+00 6.329435300000000320e-01
1.647351500000000080e+00 6.251805999999999752e-01
1.641105800000000059e+00 6.173544800000000388e-01
1.634939099999999979e+00 6.094659799999999628e-01
1.628851999999999967e+00 6.015158800000000028e-01
1.622845099999999929e+00 5.935049900000000100e-01
1.616919100000000054e+00 5.854341100000000075e-01
1.611074499999999965e+00 5.773040699999999470e-01
1.605311900000000014e+00 5.691156899999999519e-01
1.599631900000000106e+00 5.608697799999999845e-01
1.594035099999999927e+00 5.525672000000000361e-01
1.588522100000000048e+00 5.442087700000000083e-01
1.583093300000000037e+00 5.357953399999999533e-01
1.577749400000000080e+00 5.273277600000000342e-01
1.572491000000000083e+00 5.188068900000000205e-01
1.567318400000000000e+00 5.102335799999999644e-01
1.562232300000000018e+00 5.016087099999999577e-01
1.557233099999999926e+00 4.929331399999999919e-01
1.552321400000000073e+00 4.842077599999999871e-01
1.547497700000000087e+00 4.754334399999999849e-01
1.542762399999999978e+00 4.666110700000000167e-01
1.538116100000000097e+00 4.577415400000000023e-01
1.533559200000000011e+00 4.488257500000000233e-01
1.529092099999999954e+00 4.398645999999999945e-01
1.524715299999999996e+00 4.308589999999999920e-01
1.520429299999999984e+00 4.218098599999999809e-01
1.516234499999999930e+00 4.127180799999999872e-01
1.512131200000000009e+00 4.035845900000000208e-01
1.508119999999999905e+00 3.944103199999999809e-01
1.504201300000000074e+00 3.851961799999999991e-01
1.500375299999999967e+00 3.759431100000000248e-01
1.496642599999999934e+00 3.666520500000000071e-01
1.493003499999999928e+00 3.573239400000000066e-01
1.489458299999999902e+00 3.479597099999999776e-01
1.486007499999999926e+00 3.385603200000000257e-01
1.482651299999999894e+00 3.291267099999999890e-01
1.479390100000000041e+00 3.196598399999999729e-01
1.476224200000000097e+00 3.101606599999999769e-01
1.473154000000000075e+00 3.006301299999999954e-01
1.470179799999999926e+00 2.910692200000000174e-01
1.467301799999999989e+00 2.814788999999999763e-01
1.464520400000000055e+00 2.718601299999999776e-01
1.461835900000000077e+00 2.622138800000000103e-01
1.459248399999999890e+00 2.525411300000000026e-01
1.456758299999999950e+00 2.428428599999999937e-01
1.454365799999999931e+00 2.331200499999999953e-01
1.452071200000000006e+00 2.233736799999999911e-01
1.449874700000000072e+00 2.136047299999999927e-01
1.447776500000000022e+00 2.038141900000000062e-01
1.445776900000000031e+00 1.940030600000000049e-01
1.443875900000000101e+00 1.841723200000000005e-01
1.442073900000000020e+00 1.743229699999999938e-01
1.440371000000000068e+00 1.644559999999999911e-01
1.438767399999999919e+00 1.545723999999999987e-01
1.437263200000000074e+00 1.446731900000000071e-01
1.435858599999999985e+00 1.347593500000000000e-01
1.434553799999999990e+00 1.248318999999999956e-01
1.433348800000000089e+00 1.148918300000000003e-01
1.432243799999999956e+00 1.049401499999999959e-01
1.431238900000000092e+00 9.497786199999999623e-02
1.430334100000000053e+00 8.500597499999999751e-02
1.429529700000000014e+00 7.502549799999999602e-02
1.428825699999999976e+00 6.503743900000000244e-02
1.428222099999999939e+00 5.504280599999999968e-02
1.427718999999999960e+00 4.504261100000000323e-02
1.427316500000000099e+00 3.503786400000000190e-02
1.427014500000000075e+00 2.502957499999999835e-02
1.426813200000000004e+00 1.501875700000000063e-02
1.426712600000000108e+00 5.006420999999999615e-03
1.426712600000000108e+00 -5.006420999999999615e-03
1.426813200000000004e+00 -1.501875700000000063e-02
1.427014500000000075e+00 -2.502957499999999835e-02
1.427316500000000099e+00 -3.503786400000000190e-02
1.427718999999999960e+00 -4.504261100000000323e-02
1.428222099999999939e+00 -5.504280599999999968e-02
1.428825699999999976e+00 -6.503743900000000244e-02
1.429529700000000014e+00 -7.502549799999999602e-02
1.430334100000000053e+00 -8.500597499999999751e-02
1.431238900000000092e+00 -9.497786199999999623e-02
1.432243799999999956e+00 -1.049401499999999959e-01
1.433348800000000089e+00 -1.148918300000000003e-01
1.434553799999999990e+00 -1.248318999999999956e-01
1.435858599999999985e+00 -1.347593500000000000e-01
1.437263200000000074e+00 -1.446731900000000071e-01
1.438767399999999919e+00 -1.545723999999999987e-01
1.440371000000000068e+00 -1.644559999999999911e-01
1.442073900000000020e+00 -1.743229699999999938e-01
1.443875900000000101e+00 -1.841723200000000005e-01
1.445776900000000031e+00 -1.940030600000000049e-01
1.447776500000000022e+00 -2.038141900000000062e-01
1.449874700000000072e+00 -2.136047299999999927e-01
1.452071200000000006e+00 -2.233736799999999911e-01
1.454365799999999931e+00 -2.331200499999999953e-01
1.456758299999999950e+00 -2.428428599999999937e-01
1.459248399999999890e+00 -2.525411300000000026e-01
1.461835900000000077e+00 -2.622138800000000103e-01
1.464520400000000055e+00 -2.718601299999999776e-01
1.467301799999999989e+00 -2.814788999999999763e-01
1.470179799999999926e+00 -2.910692200000000174e-01
1.473154000000000075e+00 -3.006301299999999954e-01
1.476224200000000097e+00 -3.101606599999999769e-01
1.479390100000000041e+00 -3.196598399999999729e-01
1.482651299999999894e+00 -3.291267099999999890e-01
1.486007499999999926e+00 -3.385603200000000257e-01
1.489458299999999902e+00 -3.479597099999999776e-01
1.493003499999999928e+00 -3.573239400000000066e-01
1.496642599999999934e+00 -3.666520500000000071e-01
1.500375299999999967e+00 -3.759431100000000248e-01
1.504201300000000074e+00 -3.851961799999999991e-01
1.508119999999999905e+00 -3.944103199999999809e-01
1.512131200000000009e+00 -4.035845900000000208e-01
1.516234499999999930e+00 -4.127180799999999872e-01
1.520429299999999984e+00 -4.218098599999999809e-01
1.524715299999999996e+00 -4.308589999999999920e-01
1.529092099999999954e+00 -4.398645999999999945e-01
1.533559200000000011e+00 -4.488257500000000233e-01
1.538116100000000097e+00 -4.577415400000000023e-01
1.542762399999999978e+00 -4.666110700000000167e-01
1.547497700000000087e+00 -4.754334399999999849e-01
1.552321400000000073e+00 -4.842077599999999871e-01
1.557233099999999926e+00 -4.929331399999999919e-01
1.562232300000000018e+00 -5.016087099999999577e-01
1.567318400000000000e+00 -5.102335799999999644e-01
1.572491000000000083e+00 -5.188068900000000205e-01
1.577749400000000080e+00 -5.273277600000000342e-01
1.583093300000000037e+00 -5.357953399999999533e-01
1.588522100000000048e+00 -5.442087700000000083e-01
1.594035099999999927e+00 -5.525672000000000361e-01
1.599631900000000106e+00 -5.608697799999999845e-01
1.605311900000000014e+00 -5.691156899999999519e-01
1.611074499999999965e+00 -5.773040699999999470e-01
1.616919100000000054e+00 -5.854341100000000075e-01
1.622845099999999929e+00 -5.935049900000000100e-01
1.628851999999999967e+00 -6.015158800000000028e-01
1.634939099999999979e+00 -6.094659799999999628e-01
1.641105800000000059e+00 -6.173544800000000388e-01
1.647351500000000080e+00 -6.251805999999999752e-01
1.653675599999999912e+00 -6.329435300000000320e-01
1.660077400000000036e+00 -6.406424899999999534e-01
1.666556300000000101e+00 -6.482767000000000390e-01
1.673111599999999921e+00 -6.558454000000000228e-01
1.679742599999999975e+00 -6.633478200000000324e-01
1.686448699999999912e+00 -6.707832000000000239e-01
1.693229300000000048e+00 -6.781507799999999531e-01
1.700083599999999917e+00 -6.854498300000000377e-01
1.707010799999999939e+00 -6.926795999999999509e-01
1.714010500000000103e+00 -6.998393699999999606e-01
1.721081700000000048e+00 -7.069284099999999516e-01
1.728223899999999924e+00 -7.139460100000000198e-01
1.735436200000000095e+00 -7.208914499999999892e-01
1.742717999999999989e+00 -7.277640300000000062e-01
1.750068500000000027e+00 -7.345630600000000454e-01
1.757487000000000021e+00 -7.412878600000000207e-01
1.764972699999999950e+00 -7.479377400000000176e-01
1.772524900000000070e+00 -7.545120300000000002e-01
1.780142899999999972e+00 -7.610100600000000437e-01
1.787825699999999962e+00 -7.674311900000000408e-01
1.795572699999999911e+00 -7.737747600000000059e-01
1.803383100000000017e+00 -7.800401200000000035e-01
1.811256100000000036e+00 -7.862266500000000269e-01
1.819190899999999944e+00 -7.923337200000000191e-01
1.827186600000000105e+00 -7.983607200000000237e-01
1.835242599999999946e+00 -8.043070300000000339e-01
1.843357899999999994e+00 -8.101720500000000325e-01
1.851531800000000061e+00 -8.159551900000000524e-01
1.859763400000000066e+00 -8.216558699999999549e-01
1.868051899999999987e+00 -8.272735199999999844e-01
1.876396399999999964e+00 -8.328075499999999520e-01
1.884796200000000033e+00 -8.382574200000000308e-01
1.893250300000000053e+00 -8.436225600000000213e-01
1.901757900000000001e+00 -8.489024499999999751e-01
1.910318200000000077e+00 -8.540965499999999544e-01
1.918930299999999978e+00 -8.592043299999999606e-01
1.927593300000000065e+00 -8.642252700000000454e-01
1.936306300000000036e+00 -8.691588700000000278e-01
1.945068400000000031e+00 -8.740046299999999491e-01
1.953878900000000085e+00 -8.787620600000000115e-01
1.962736700000000001e+00 -8.834306800000000237e-01
1.971640999999999977e+00 -8.880100199999999555e-01
1.980590899999999932e+00 -8.924996099999999988e-01
1.989585500000000007e+00 -8.968990000000000018e-01
1.998623800000000061e+00 -9.012077400000000349e-01
2.007705000000000073e+00 -9.054254099999999861e-01
2.016828199999999960e+00 -9.095515699999999759e-01
2.025992299999999968e+00 -9.135858100000000537e-01
2.035196599999999911e+00 -9.175277200000000466e-01
2.044439999999999813e+00 -9.213769000000000542e-01
2.053721700000000094e+00 -9.251329600000000042e-01
2.063040599999999891e+00 -9.287955199999999856e-01
2.072395900000000069e+00 -9.323642199999999658e-01
2.081786600000000043e+00 -9.358386899999999731e-01
2.091211700000000118e+00 -9.392185699999999748e-01
2.100670399999999827e+00 -9.425035400000000285e-01
2.110161600000000082e+00 -9.456932500000000408e-01
2.119684400000000135e+00 -9.487873900000000082e-01
2.129237799999999847e+00 -9.517856399999999883e-01
2.138820799999999966e+00 -9.546877000000000280e-01
2.148432600000000026e+00 -9.574932800000000022e-01
2.158072000000000212e+00 -9.602020799999999578e-01
2.167738200000000059e+00 -9.628138499999999711e-01
2.177430199999999871e+00 -9.653283099999999672e-01
2.187146999999999952e+00 -9.677452100000000224e-01
2.196887600000000162e+00 -9.700642999999999905e-01
2.206650999999999918e+00 -9.722853599999999874e-01
2.216436199999999968e+00 -9.744081500000000284e-01
2.226242300000000007e+00 -9.764324699999999968e-01
2.236068200000000061e+00 -9.783581000000000083e-01
2.245912999999999826e+00 -9.801848600000000467e-01
2.255775700000000050e+00 -9.819125600000000453e-01
2.265655199999999869e+00 -9.835410199999999881e-01
2.275550599999999868e+00 -9.850700799999999591e-01
2.285460899999999906e+00 -9.864995800000000425e-01
2.295385000000000009e+00 -9.878293900000000294e-01
2.305321999999999871e+00 -9.890593600000000540e-01
2.315270899999999799e+00 -9.901893699999999576e-01
2.325230599999999814e+00 -9.912193099999999646e-01
2.335200200000000059e+00 -9.921490699999999663e-01
2.345178600000000113e+00 -9.929785700000000048e-01
2.355164900000000117e+00 -9.937077100000000218e-01
2.365158000000000094e+00 -9.943364199999999986e-01
2.375156899999999904e+00 -9.948646399999999668e-01
2.385160599999999853e+00 -9.952923099999999579e-01
2.395168099999999800e+00 -9.956194000000000432e-01
2.405178400000000050e+00 -9.958458700000000219e-01
2.415190400000000182e+00 -9.959716899999999651e-01
2.425203199999999892e+00 -9.959968500000000446e-01
2.435215799999999930e+00 -9.959213599999999778e-01
2.445227099999999876e+00 -9.957452100000000472e-01
2.455236100000000032e+00 -9.954684299999999597e-01
2.465241799999999817e+00 -9.950910499999999770e-01
2.475243199999999977e+00 -9.946130899999999775e-01
2.485239400000000209e+00 -9.940346199999999799e-01
2.495229199999999814e+00 -9.933556900000000134e-01
2.505211599999999983e+00 -9.925763600000000464e-01
2.515185799999999805e+00 -9.916967199999999760e-01
2.525150500000000076e+00 -9.907168600000000325e-01
2.535105000000000164e+00 -9.896368700000000018e-01
2.545047999999999977e+00 -9.884568599999999927e-01
2.554978699999999936e+00 -9.871769500000000530e-01
2.564896099999999901e+00 -9.857972799999999980e-01
2.574799000000000060e+00 -9.843179800000000368e-01
2.584686599999999945e+00 -9.827392000000000349e-01
2.594557800000000025e+00 -9.810611000000000193e-01
2.604411699999999996e+00 -9.792838499999999557e-01
2.614247199999999882e+00 -9.774076299999999717e-01
2.624063299999999987e+00 -9.754326300000000227e-01
2.633859100000000009e+00 -9.733590500000000034e-01
2.643633499999999970e+00 -9.711870999999999698e-01
2.653385600000000011e+00 -9.689169899999999780e-01
2.663114399999999993e+00 -9.665489699999999518e-01
2.672818900000000220e+00 -9.640832599999999974e-01
2.682498100000000107e+00 -9.615201100000000389e-01
2.692151099999999797e+00 -9.588597899999999896e-01
2.701776800000000200e+00 -9.561025699999999850e-01
2.711374399999999962e+00 -9.532487099999999991e-01
2.720942700000000158e+00 -9.502985200000000354e-01
2.730480899999999878e+00 -9.472522899999999968e-01
2.739987999999999868e+00 -9.441103199999999473e-01
2.749463099999999827e+00 -9.408729399999999909e-01
2.758905100000000221e+00 -9.375404699999999591e-01
2.768313099999999860e+00 -9.341132500000000061e-01
2.777686200000000216e+00 -9.305916300000000030e-01
2.787023500000000098e+00 -9.269759499999999930e-01
2.796323899999999973e+00 -9.232665899999999981e-01
2.805586499999999983e+00 -9.194639199999999901e-01
2.814810500000000104e+00 -9.155683300000000413e-01
2.823994799999999916e+00 -9.115802100000000019e-01
2.833138599999999840e+00 -9.074999599999999944e-01
2.842240900000000181e+00 -9.033279899999999696e-01
2.851300800000000191e+00 -8.990647299999999786e-01
2.860317300000000174e+00 -8.947106099999999618e-01
2.869289699999999943e+00 -8.902660599999999702e-01
2.878216899999999967e+00 -8.857315399999999839e-01
2.887098099999999778e+00 -8.811075000000000434e-01
2.895932300000000126e+00 -8.763944200000000073e-01
2.904718700000000098e+00 -8.715927599999999664e-01
2.913456399999999835e+00 -8.667030199999999907e-01
2.922144499999999923e+00 -8.617256800000000494e-01
2.930782199999999893e+00 -8.566612599999999800e-01
2.939368400000000214e+00 -8.515102599999999633e-01
2.947902500000000092e+00 -8.462731999999999477e-01
2.956383499999999831e+00 -8.409506100000000428e-01
2.964810500000000015e+00 -8.355430400000000146e-01
2.973182800000000015e+00 -8.300510199999999728e-01
2.981499400000000133e+00 -8.244751099999999555e-01
2.989759600000000184e+00 -8.188158800000000515e-01
2.997962400000000027e+00 -8.130738899999999658e-01
3.006107099999999921e+00 -8.072497400000000489e-01
3.014192899999999842e+00 -8.013439999999999452e-01
3.022218800000000094e+00 -7.953572700000000051e-01
3.030184199999999883e+00 -7.892901599999999629e-01
3.038088199999999794e+00 -7.831432799999999972e-01
3.045929999999999804e+00 -7.769172500000000037e-01
3.053708799999999890e+00 -7.706127099999999785e-01
3.061423800000000028e+00 -7.642302800000000396e-01
3.069074300000000033e+00 -7.577706199999999503e-01
3.076659400000000044e+00 -7.512343799999999794e-01
3.084178500000000156e+00 -7.446222099999999511e-01
3.091630700000000065e+00 -7.379347899999999516e-01
3.099015300000000028e+00 -7.311727799999999666e-01
3.106331500000000023e+00 -7.243368900000000110e-01
3.113578700000000143e+00 -7.174277900000000097e-01
3.120756000000000085e+00 -7.104461800000000382e-01
3.127862799999999943e+00 -7.033927800000000508e-01
3.134898300000000138e+00 -6.962682799999999617e-01
3.141861899999999874e+00 -6.890734200000000476e-01
3.148752800000000018e+00 -6.818089200000000405e-01
3.155570200000000103e+00 -6.744755099999999448e-01
3.162313699999999894e+00 -6.670739399999999764e-01
3.168982300000000141e+00 -6.596049400000000285e-01
3.175575600000000165e+00 -6.520692900000000236e-01
3.182092700000000107e+00 -6.444677399999999556e-01
3.188533200000000178e+00 -6.368010499999999796e-01
3.194896200000000075e+00 -6.290700099999999573e-01
3.201181099999999891e+00 -6.212753899999999829e-01
3.207387400000000000e+00 -6.134179800000000293e-01
3.213514400000000215e+00 -6.054985800000000085e-01
3.219561500000000187e+00 -5.975179800000000041e-01
3.225528000000000173e+00 -5.894770000000000287e-01
3.231413400000000102e+00 -5.813764399999999943e-01
3.237217100000000070e+00 -5.732171200000000244e-01
3.242938500000000168e+00 -5.649998699999999596e-01
3.248576900000000212e+00 -5.567255300000000240e-01
3.254131899999999966e+00 -5.483949099999999577e-01
3.259602899999999970e+00 -5.400088800000000244e-01
3.264989200000000036e+00 -5.315682699999999539e-01
3.270290500000000211e+00 -5.230739300000000203e-01
3.275506099999999865e+00 -5.145267300000000432e-01
3.280635499999999816e+00 -5.059275399999999534e-01
3.285678199999999993e+00 -4.972772100000000250e-01
3.290633699999999884e+00 -4.885766200000000170e-01
3.295501499999999862e+00 -4.798266600000000159e-01
3.300281000000000020e+00 -4.710282000000000080e-01
3.304971899999999962e+00 -4.621821400000000191e-01
3.309573599999999782e+00 -4.532893700000000248e-01
3.314085599999999854e+00 -4.443507899999999955e-01
3.318507599999999780e+00 -4.353673000000000126e-01
3.322839099999999934e+00 -4.263398099999999857e-01
3.327079599999999804e+00 -4.172692399999999857e-01
3.331228600000000206e+00 -4.081564899999999829e-01
3.335285900000000137e+00 -3.990024899999999874e-01
3.339250900000000133e+00 -3.898081700000000094e-01
3.343123299999999798e+00 -3.805744500000000086e-01
3.346902699999999786e+00 -3.713022799999999846e-01
3.350588699999999864e+00 -3.619925700000000135e-01
3.354180899999999799e+00 -3.526462799999999786e-01
3.357678899999999800e+00 -3.432643499999999959e-01
3.361082500000000195e+00 -3.338477300000000092e-01
3.364391200000000026e+00 -3.243973700000000182e-01
3.367604800000000065e+00 -3.149142200000000225e-01
3.370722799999999797e+00 -3.053992500000000110e-01
3.373745099999999830e+00 -2.958534199999999781e-01
3.376671200000000095e+00 -2.862776799999999788e-01
3.379500900000000030e+00 -2.766730099999999970e-01
3.382233999999999963e+00 -2.670403800000000216e-01
3.384869999999999823e+00 -2.573807599999999862e-01
3.387408800000000220e+00 -2.476951300000000133e-01
3.389850099999999866e+00 -2.379844600000000088e-01
3.392193699999999978e+00 -2.282497500000000012e-01
3.394439300000000159e+00 -2.184919600000000128e-01
3.396586699999999848e+00 -2.087121000000000115e-01
3.398635599999999979e+00 -1.989111399999999863e-01
3.400586000000000109e+00 -1.890900799999999937e-01
3.402437400000000167e+00 -1.792499100000000123e-01
3.404189899999999991e+00 -1.693916199999999928e-01
3.405843200000000071e+00 -1.595162099999999916e-01
3.407397099999999845e+00 -1.496246900000000046e-01
3.408851499999999923e+00 -1.397180399999999878e-01
3.410206300000000024e+00 -1.297972699999999924e-01
3.411461200000000193e+00 -1.198633800000000055e-01
3.412616199999999989e+00 -1.099173799999999951e-01
3.413671200000000017e+00 -9.996026800000000490e-02
3.414626000000000161e+00 -8.999305500000000235e-02
3.415480599999999978e+00 -8.001674799999999865e-02
3.416234799999999794e+00 -7.003235300000000552e-02
3.416888699999999890e+00 -6.004088099999999734e-02
3.417441999999999869e+00 -5.004334099999999813e-02
3.417894800000000011e+00 -4.004074299999999670e-02
3.418247099999999872e+00 -3.003409900000000160e-02
3.418498699999999779e+00 -2.002441900000000163e-02
3.418649700000000013e+00 -1.001271500000000016e-02
