# Cls = CoilPF
# Exp = TCV
# Name = E03A1
2.800000000000000000e+01 0.000000000000000000e+00
1.159999966621398926e+00 -5.599761094286884733e-01
1.174999952316284180e+00 -5.599761094286883623e-01
1.174999952316284180e+00 -5.485970927442829215e-01
1.174999952316284180e+00 -5.324618863347538866e-01
1.174999952316284180e+00 -5.163266799252247408e-01
1.174999952316284180e+00 -5.001914735156957059e-01
1.174999952316284180e+00 -4.840562671061666156e-01
1.174999952316284180e+00 -4.679210606966375252e-01
1.174999952316284180e+00 -4.517858542871084349e-01
1.174999952316284180e+00 -4.356506478775789004e-01
1.174999952316284180e+00 -4.195154414680498101e-01
1.174999952316284180e+00 -4.033802350585207197e-01
1.174999952316284180e+00 -3.872450286489916293e-01
1.174999952316284180e+00 -3.711098222394625390e-01
1.174999952316284180e+00 -3.600240077289461604e-01
1.159999966621398926e+00 -3.600240077289461604e-01
1.159999966621398926e+00 -3.754405684821398026e-01
1.159999966621398926e+00 -3.910839211028815932e-01
1.159999966621398926e+00 -4.067272737236234947e-01
1.159999966621398926e+00 -4.223706263443652853e-01
1.159999966621398926e+00 -4.380139789651075755e-01
1.159999966621398926e+00 -4.536573315858494215e-01
1.159999966621398926e+00 -4.693006842065912676e-01
1.159999966621398926e+00 -4.849440368273331137e-01
1.159999966621398926e+00 -5.005873894480750153e-01
1.159999966621398926e+00 -5.162307420688168058e-01
1.159999966621398926e+00 -5.318740946895585964e-01
1.159999966621398926e+00 -5.475174473103004980e-01
