#Name = DivLow1V0
#Exp = WEST
#CLs = CoilPF
1.000000000000000000e+01 0.000000000000000000e+00
2.042206995923038004e+00 -7.415929999999999467e-01
2.042207050252251133e+00 -7.075930000000000275e-01
1.980792770570662276e+00 -7.075930000000000275e-01
1.980793050544402689e+00 -7.730069999999999997e-01
2.042206995923038004e+00 -7.730069999999999997e-01
2.044793069367166982e+00 -7.730069999999999997e-01
2.044792623226619366e+00 -8.070069999999999188e-01
2.106206893914508438e+00 -8.070069999999999188e-01
2.106207112893221378e+00 -7.415929999999999467e-01
2.044793069367166982e+00 -7.415929999999999467e-01
