# Cls = PFC
# Exp = NSTX
# Name = VesselOutter02
8.100000000000000000e+01 0.000000000000000000e+00
9.792968999999999369e+01 2.269765600000000063e+02
1.056913999999999874e+02 2.269765600000000063e+02
1.056913999999999874e+02 2.278437500000000000e+02
9.836327999999998895e+01 2.278437500000000000e+02
9.836327999999998895e+01 2.448710900000000095e+02
9.787890799999999558e+01 2.448710900000000095e+02
9.787890799999999558e+01 2.473242199999999968e+02
9.742187299999999084e+01 2.473242199999999968e+02
9.742187299999999084e+01 2.483281299999999874e+02
9.696875299999999243e+01 2.483281299999999874e+02
9.696875299999999243e+01 2.493203099999999779e+02
9.651171799999998768e+01 2.493203099999999779e+02
9.651171799999998768e+01 2.503242199999999684e+02
9.605859799999998927e+01 2.503242199999999684e+02
9.605859799999998927e+01 2.513281299999999590e+02
9.560156299999998453e+01 2.513281299999999590e+02
9.560156299999998453e+01 2.523242199999999684e+02
9.514452799999997978e+01 2.523242199999999684e+02
9.514452799999997978e+01 2.533281199999999558e+02
9.469140799999998137e+01 2.533281199999999558e+02
9.469140799999998137e+01 2.543320299999999463e+02
9.423437299999997663e+01 2.543320299999999463e+02
9.423437299999997663e+01 3.490156299999999305e+02
9.469140799999998137e+01 3.490156299999999305e+02
9.469140799999998137e+01 3.500078099999999495e+02
9.514452799999997978e+01 3.500078099999999495e+02
9.514452799999997978e+01 3.510117199999999684e+02
9.560156299999998453e+01 3.510117199999999684e+02
9.560156299999998453e+01 3.520156299999999874e+02
9.605859799999998927e+01 3.520156299999999874e+02
9.605859799999998927e+01 3.530078100000000063e+02
9.651171799999998768e+01 3.530078100000000063e+02
9.651171799999998768e+01 3.540117200000000253e+02
9.696875299999999243e+01 3.540117200000000253e+02
9.696875299999999243e+01 3.550156300000000442e+02
9.742187299999999084e+01 3.550156300000000442e+02
9.742187299999999084e+01 3.560117200000000253e+02
9.787890799999999558e+01 3.560117200000000253e+02
9.787890799999999558e+01 3.584726600000000190e+02
9.836327999999998895e+01 3.584726600000000190e+02
9.836327999999998895e+01 3.757695300000000316e+02
1.056913999999999874e+02 3.757695300000000316e+02
1.056913999999999874e+02 3.766054700000000253e+02
9.792968999999999369e+01 3.763593800000000442e+02
9.787891999999999371e+01 3.596015600000000632e+02
9.742187999999998738e+01 3.596015600000000632e+02
9.742187999999998738e+01 3.586093700000000695e+02
9.696875999999998896e+01 3.586093700000000695e+02
9.696875999999998896e+01 3.576054700000000821e+02
9.651172499999998422e+01 3.576054700000000821e+02
9.651172499999998422e+01 3.566015600000000632e+02
9.605860499999998581e+01 3.566015600000000632e+02
9.605860499999998581e+01 3.556054700000000821e+02
9.560156999999999528e+01 3.556054700000000821e+02
9.560156999999999528e+01 3.546015600000000632e+02
9.514844300000000032e+01 3.546015600000000632e+02
9.514474300000000540e+01 3.536093800000000442e+02
9.469162300000000698e+01 3.536093800000000442e+02
9.469162300000000698e+01 3.526054700000000253e+02
9.423458800000000224e+01 3.526054700000000253e+02
9.423458800000000224e+01 3.515390600000000063e+02
9.395333800000000224e+01 3.515390600000000063e+02
9.344943500000000824e+01 3.516210599999999999e+02
9.344943500000000824e+01 2.525624599999999873e+02
9.423458800000000224e+01 2.525311599999999999e+02
9.423458800000000224e+01 2.507303799999999967e+02
9.469162300000000698e+01 2.507303799999999967e+02
9.469162300000000698e+01 2.497342899999999872e+02
9.514474300000000540e+01 2.497342899999999872e+02
9.514844300000000032e+01 2.487303899999999999e+02
9.560156999999999528e+01 2.487303899999999999e+02
9.560156999999999528e+01 2.477264800000000093e+02
9.605860500000000002e+01 2.477264800000000093e+02
9.605860500000000002e+01 2.467342900000000157e+02
9.651172499999999843e+01 2.467342900000000157e+02
9.651172499999999843e+01 2.457303900000000283e+02
9.696876000000000317e+01 2.457303900000000283e+02
9.696876000000000317e+01 2.447264800000000378e+02
9.742188000000000159e+01 2.447264800000000378e+02
9.742188000000000159e+01 2.437342900000000441e+02
9.787891500000000633e+01 2.437342900000000441e+02
