# Cls = PFC
# Exp = WEST
# Name = ThermalShieldLFSLowV0
1.120000000000000000e+02 1.200000000000000000e+01
2.802274000000000154e+00 -7.890116600000000036e-01
2.811277299999999979e+00 -7.846053499999999792e-01
2.820229499999999945e+00 -7.800962999999999647e-01
2.829129500000000075e+00 -7.754851200000000278e-01
2.837976199999999949e+00 -7.707724099999999634e-01
2.846768400000000199e+00 -7.659587700000000110e-01
2.855504999999999960e+00 -7.610448499999999949e-01
2.864184700000000028e+00 -7.560312799999999722e-01
2.872806499999999819e+00 -7.509187299999999787e-01
2.881369199999999964e+00 -7.457078499999999499e-01
2.889871799999999880e+00 -7.403993399999999614e-01
2.898312999999999917e+00 -7.349938900000000386e-01
2.906691900000000217e+00 -7.294922000000000351e-01
2.915007199999999798e+00 -7.238949999999999552e-01
2.923258000000000134e+00 -7.182030200000000253e-01
2.931443100000000079e+00 -7.124170100000000172e-01
2.939561400000000102e+00 -7.065377099999999855e-01
2.947611999999999899e+00 -7.005659100000000139e-01
2.955593700000000101e+00 -6.945023799999999747e-01
2.963505399999999845e+00 -6.883479200000000020e-01
2.971346299999999996e+00 -6.821033399999999469e-01
2.979115199999999852e+00 -6.757694400000000545e-01
2.986811100000000163e+00 -6.693470700000000440e-01
2.994432999999999900e+00 -6.628370500000000387e-01
3.001979899999999812e+00 -6.562402499999999694e-01
3.009450800000000203e+00 -6.495575300000000496e-01
3.016844799999999882e+00 -6.427897599999999878e-01
3.024160900000000041e+00 -6.359378300000000372e-01
3.031397999999999815e+00 -6.290026300000000070e-01
3.038555399999999906e+00 -6.219850799999999680e-01
3.045631999999999895e+00 -6.148860900000000518e-01
3.052626899999999921e+00 -6.077065900000000465e-01
3.059539099999999845e+00 -6.004475299999999516e-01
3.066367899999999924e+00 -5.931098500000000495e-01
3.073112300000000019e+00 -5.856945099999999460e-01
3.079771299999999989e+00 -5.782024799999999631e-01
3.086344299999999929e+00 -5.706347499999999684e-01
3.092830100000000026e+00 -5.629923100000000513e-01
3.099228200000000211e+00 -5.552761499999999684e-01
3.105537500000000062e+00 -5.474872899999999598e-01
3.111757200000000001e+00 -5.396267399999999936e-01
3.117886599999999842e+00 -5.316955500000000168e-01
3.123924900000000004e+00 -5.236947299999999972e-01
3.129871200000000186e+00 -5.156253499999999823e-01
3.135724800000000201e+00 -5.074884600000000301e-01
3.141484900000000025e+00 -4.992851200000000267e-01
3.147150799999999915e+00 -4.910164000000000195e-01
3.152721699999999849e+00 -4.826833999999999847e-01
3.158196900000000085e+00 -4.742872000000000199e-01
3.163575600000000154e+00 -4.658288999999999902e-01
3.168857200000000152e+00 -4.573096099999999775e-01
3.174040999999999890e+00 -4.487304500000000029e-01
3.179126300000000072e+00 -4.400925299999999818e-01
3.184112400000000065e+00 -4.313969799999999855e-01
3.188998699999999964e+00 -4.226449600000000140e-01
3.190369098867310793e+00 -4.201230000000000242e-01
3.183339832014915327e+00 -4.163033917062330946e-01
3.182013611485094096e+00 -4.187451473841258265e-01
3.177172380888943604e+00 -4.274175158729881518e-01
3.172232281376846874e+00 -4.360338963353766473e-01
3.167193872609092242e+00 -4.445931989207586033e-01
3.162057849865232750e+00 -4.530943000772496010e-01
3.156824915040739477e+00 -4.615360859368460300e-01
3.151495802474264529e+00 -4.699173839912211270e-01
3.146071037326153785e+00 -4.782372009492704135e-01
3.140551451011710515e+00 -4.864943879554819994e-01
3.134937711442639774e+00 -4.946879119348400744e-01
3.129230648369609735e+00 -5.028166301013956563e-01
3.123430921410490946e+00 -5.108795295557030380e-01
3.117539365799264495e+00 -5.188755025752732619e-01
3.111556610841667236e+00 -5.268035936167734246e-01
3.105483576936006962e+00 -5.346627039756610689e-01
3.099321115215700750e+00 -5.424517602152074680e-01
3.093069874820236098e+00 -5.501697783938317432e-01
3.086730540946188484e+00 -5.578158846553180616e-01
3.080304439647880255e+00 -5.653887908954229324e-01
3.073791794718221837e+00 -5.728878288745558045e-01
3.067194043551110916e+00 -5.803117374239770143e-01
3.060511620645461672e+00 -5.876597131098286741e-01
3.053745522068495699e+00 -5.949307868709801106e-01
3.046896859746614172e+00 -6.021238810970946931e-01
3.039966217953989247e+00 -6.092381776593996934e-01
3.032954628828860688e+00 -6.162726932581437111e-01
3.025862904440447476e+00 -6.232265831557799451e-01
3.018692308439736571e+00 -6.300987798763056924e-01
3.011443368823965461e+00 -6.368885278192970567e-01
3.004117225508037503e+00 -6.435948977676144711e-01
2.996714909353077161e+00 -6.502169723633791643e-01
2.989237276051736281e+00 -6.567539214748544518e-01
2.981685330380235310e+00 -6.632048809923987154e-01
2.974060048975668558e+00 -6.695690006509535941e-01
2.966362446006081566e+00 -6.758454490320058294e-01
2.958593419809498304e+00 -6.820334563958511120e-01
2.950754330080870513e+00 -6.881320975269988871e-01
2.942845855617400641e+00 -6.941406576528763583e-01
2.934869043474278349e+00 -7.000583743677366577e-01
2.926825218229249348e+00 -7.058843866409374446e-01
2.918715177397102067e+00 -7.116179791650015796e-01
2.910539989412768147e+00 -7.172584323954828145e-01
2.902300954461552784e+00 -7.228049287120688060e-01
2.893998825544456643e+00 -7.282568358390824059e-01
2.885635031524345528e+00 -7.336133402296124428e-01
2.877210322251597674e+00 -7.388738368397957945e-01
2.868726111003738311e+00 -7.440375654445495757e-01
2.860183297674153913e+00 -7.491038865921795242e-01
2.851583163206408145e+00 -7.540721033271006180e-01
2.842926580640133150e+00 -7.589416178706707150e-01
2.834214930724797465e+00 -7.637117546876781571e-01
2.825449249176292810e+00 -7.683818986269467244e-01
2.816630768440654187e+00 -7.729514325300065325e-01
2.807760593908706692e+00 -7.774197548077099729e-01
2.798757293908706867e+00 -7.818260648077099972e-01
-1.745329154862191867e+00 2.199364392388918343e-01
-1.396263304463325916e+00 2.199364392388918343e-01
-6.981316036655942359e-01 2.199364392388918343e-01
-3.490657532667282847e-01 2.199364392388918343e-01
3.490659475310033955e-01 2.199364392388918343e-01
6.981317979298693466e-01 2.199364392388918343e-01
1.396263498727601249e+00 2.199364392388918343e-01
1.745329349126467200e+00 2.199364392388918343e-01
2.443461049924198658e+00 2.199364392388918343e-01
2.792526900323065053e+00 2.199364392388918343e-01
-2.792526706058789721e+00 2.199364392388918343e-01
-2.443460855659924214e+00 2.199364392388918343e-01
