# Cls = PFC
# Exp = DEMO2019
# Name = equatlimiter
5.140000000000000000e+02 4.000000000000000000e+00
1.177706500000000034e+01 -1.370593000000000172e+00
1.183477800000000002e+01 -1.389999999999999902e+00
1.183827600000000047e+01 -1.379511500000000002e+00
1.184174799999999905e+01 -1.369014699999999918e+00
1.184519199999999906e+01 -1.358509700000000153e+00
1.184861000000000075e+01 -1.347996500000000042e+00
1.185200099999999956e+01 -1.337475200000000086e+00
1.185536600000000007e+01 -1.326945800000000064e+00
1.185870300000000022e+01 -1.316408299999999976e+00
1.186201399999999850e+01 -1.305862900000000160e+00
1.186529900000000026e+01 -1.295309599999999950e+00
1.186855599999999988e+01 -1.284748299999999954e+00
1.187178600000000017e+01 -1.274179299999999904e+00
1.187499000000000038e+01 -1.263602499999999962e+00
1.187816699999999948e+01 -1.253017900000000129e+00
1.188131699999999924e+01 -1.242425700000000077e+00
1.188444100000000070e+01 -1.231825900000000029e+00
1.188753700000000002e+01 -1.221218499999999985e+00
1.189060600000000001e+01 -1.210603499999999944e+00
1.189364899999999992e+01 -1.199981199999999859e+00
1.189666500000000049e+01 -1.189351400000000059e+00
1.189965399999999995e+01 -1.178714199999999934e+00
1.190261600000000008e+01 -1.168069699999999989e+00
1.190555099999999911e+01 -1.157417999999999836e+00
1.190845900000000057e+01 -1.146759099999999920e+00
1.191134000000000093e+01 -1.136093000000000020e+00
1.191419400000000017e+01 -1.125419799999999970e+00
1.191702100000000009e+01 -1.114739600000000053e+00
1.191982100000000067e+01 -1.104052299999999986e+00
1.192259399999999836e+01 -1.093358099999999888e+00
1.192534000000000027e+01 -1.082656999999999980e+00
1.192805899999999930e+01 -1.071949100000000099e+00
1.193075100000000077e+01 -1.061234300000000186e+00
1.193341599999999936e+01 -1.050512899999999972e+00
1.193605400000000039e+01 -1.039784700000000006e+00
1.193866500000000030e+01 -1.029049899999999962e+00
1.194124899999999911e+01 -1.018308500000000061e+00
1.194380500000000112e+01 -1.007560500000000081e+00
1.194633499999999948e+01 -9.968060799999999277e-01
1.194883699999999926e+01 -9.860452100000000053e-01
1.195131199999999971e+01 -9.752779500000000601e-01
1.195376000000000083e+01 -9.645043600000000605e-01
1.195618100000000084e+01 -9.537244899999999248e-01
1.195857500000000151e+01 -9.429383999999999544e-01
1.196094100000000005e+01 -9.321461199999999669e-01
1.196328000000000102e+01 -9.213477100000000419e-01
1.196559300000000015e+01 -9.105432300000000367e-01
1.196787699999999965e+01 -8.997327199999999303e-01
1.197013500000000086e+01 -8.889162400000000241e-01
1.197236499999999992e+01 -8.780938400000000144e-01
1.197456799999999966e+01 -8.672655700000000412e-01
1.197674400000000006e+01 -8.564314799999999117e-01
1.197889200000000010e+01 -8.455916300000000385e-01
1.198101300000000080e+01 -8.347460500000000172e-01
1.198310700000000040e+01 -8.238948200000000277e-01
1.198517400000000066e+01 -8.130379699999999987e-01
1.198721300000000056e+01 -8.021755500000000705e-01
1.198922400000000010e+01 -7.913076300000000396e-01
1.199120900000000134e+01 -7.804342499999999960e-01
1.199316599999999866e+01 -7.695554600000000800e-01
1.199509499999999917e+01 -7.586713200000000379e-01
1.199699699999999858e+01 -7.477818700000000707e-01
1.199887199999999865e+01 -7.368871699999999247e-01
1.200071999999999939e+01 -7.259872699999999623e-01
1.200253900000000051e+01 -7.150822100000000514e-01
1.200433199999999978e+01 -7.041720599999999886e-01
1.200609700000000046e+01 -6.932574200000000131e-01
1.200783400000000078e+01 -6.823388900000000312e-01
1.200954299999999897e+01 -6.714165199999999611e-01
1.201122499999999960e+01 -6.604903799999999325e-01
1.201287900000000164e+01 -6.495605100000000354e-01
1.201450599999999902e+01 -6.386269700000000160e-01
1.201610399999999856e+01 -6.276898100000000147e-01
1.201767599999999980e+01 -6.167490700000000103e-01
1.201921899999999965e+01 -6.058048199999999106e-01
1.202073500000000017e+01 -5.948571100000000778e-01
1.202222300000000033e+01 -5.839059899999999859e-01
1.202368300000000012e+01 -5.729515099999999972e-01
1.202511600000000058e+01 -5.619937200000000299e-01
1.202652100000000068e+01 -5.510326800000000524e-01
1.202789799999999865e+01 -5.400684500000000332e-01
1.202924699999999980e+01 -5.291010600000000119e-01
1.203056899999999985e+01 -5.181305899999999465e-01
1.203186299999999953e+01 -5.071570699999999876e-01
1.203312900000000063e+01 -4.961805599999999927e-01
1.203436800000000062e+01 -4.852011199999999858e-01
1.203557900000000025e+01 -4.742187900000000012e-01
1.203676200000000129e+01 -4.632336300000000073e-01
1.203791700000000020e+01 -4.522456999999999727e-01
1.203904400000000052e+01 -4.412550399999999873e-01
1.204014399999999974e+01 -4.302617100000000194e-01
1.204121600000000036e+01 -4.192657599999999873e-01
1.204226099999999988e+01 -4.082672400000000312e-01
1.204327699999999979e+01 -3.972662100000000085e-01
1.204426600000000036e+01 -3.862627200000000038e-01
1.204522700000000057e+01 -3.752568199999999909e-01
1.204616000000000042e+01 -3.642485699999999937e-01
1.204706499999999991e+01 -3.532380099999999912e-01
1.204794300000000007e+01 -3.422252100000000019e-01
1.204879299999999986e+01 -3.312102000000000102e-01
1.204961499999999930e+01 -3.201930500000000346e-01
1.205040900000000015e+01 -3.091738099999999934e-01
1.205117499999999886e+01 -2.981525300000000267e-01
1.205191400000000002e+01 -2.871292699999999920e-01
1.205262500000000081e+01 -2.761040699999999792e-01
1.205330700000000022e+01 -2.650769900000000123e-01
1.205396299999999954e+01 -2.540480800000000094e-01
1.205459000000000103e+01 -2.430174000000000223e-01
1.205518900000000038e+01 -2.319849900000000020e-01
1.205576100000000039e+01 -2.209509100000000004e-01
1.205630500000000005e+01 -2.099152200000000135e-01
1.205682099999999934e+01 -1.988779700000000150e-01
1.205730900000000005e+01 -1.878392000000000117e-01
1.205776900000000040e+01 -1.767989699999999997e-01
1.205820099999999861e+01 -1.657573400000000030e-01
1.205860599999999927e+01 -1.547143500000000005e-01
1.205898200000000031e+01 -1.436700700000000108e-01
1.205933100000000024e+01 -1.326245299999999905e-01
1.205965199999999982e+01 -1.215777999999999998e-01
1.205994499999999903e+01 -1.105299299999999985e-01
1.206020999999999965e+01 -9.948097000000000190e-02
1.206044699999999992e+01 -8.843097299999999605e-02
1.206065699999999907e+01 -7.737999100000000907e-02
1.206083800000000039e+01 -6.632807799999999865e-02
1.206099200000000060e+01 -5.527528699999999934e-02
1.206111699999999942e+01 -4.422167000000000459e-02
1.206121500000000069e+01 -3.316728000000000037e-02
1.206128499999999981e+01 -2.211217000000000044e-02
1.206132699999999858e+01 -1.105639199999999996e-02
1.206134100000000053e+01 2.714422300000000095e-11
1.206133100000000091e+01 1.096342600000000007e-02
1.206129999999999924e+01 2.192681299999999986e-02
1.206124900000000011e+01 3.289012399999999975e-02
1.206117699999999893e+01 4.385332100000000066e-02
1.206108499999999850e+01 5.481636499999999884e-02
1.206097300000000061e+01 6.577921800000000041e-02
1.206084000000000067e+01 7.674184099999999120e-02
1.206068600000000046e+01 8.770419699999999763e-02
1.206051200000000101e+01 9.866624699999999859e-02
1.206031799999999876e+01 1.096279500000000018e-01
1.206010299999999980e+01 1.205892800000000070e-01
1.205986799999999981e+01 1.315501800000000165e-01
1.205961199999999955e+01 1.425106299999999993e-01
1.205933499999999903e+01 1.534705800000000231e-01
1.205903900000000029e+01 1.644299899999999981e-01
1.205872100000000025e+01 1.753888300000000233e-01
1.205838400000000021e+01 1.863470600000000088e-01
1.205802599999999991e+01 1.973046400000000034e-01
1.205764700000000111e+01 2.082615300000000003e-01
1.205724799999999952e+01 2.192177000000000153e-01
1.205682900000000046e+01 2.301730999999999916e-01
1.205638899999999936e+01 2.411277000000000004e-01
1.205592799999999976e+01 2.520814599999999794e-01
1.205544700000000091e+01 2.630343399999999776e-01
1.205494599999999927e+01 2.739863100000000107e-01
1.205442400000000092e+01 2.849373099999999992e-01
1.205388199999999976e+01 2.958873300000000039e-01
1.205331999999999937e+01 3.068363100000000010e-01
1.205273600000000123e+01 3.177842300000000009e-01
1.205213299999999954e+01 3.287310400000000299e-01
1.205150899999999936e+01 3.396766999999999981e-01
1.205086499999999994e+01 3.506211699999999820e-01
1.205020000000000024e+01 3.615644299999999922e-01
1.204951499999999953e+01 3.725064200000000048e-01
1.204880899999999855e+01 3.834471199999999746e-01
1.204808300000000010e+01 3.943864799999999837e-01
1.204733599999999960e+01 4.053244599999999975e-01
1.204656899999999986e+01 4.162610399999999711e-01
1.204578199999999910e+01 4.271961600000000470e-01
1.204497399999999985e+01 4.381297900000000189e-01
1.204414600000000135e+01 4.490618900000000191e-01
1.204329700000000081e+01 4.599924300000000077e-01
1.204242799999999924e+01 4.709213700000000058e-01
1.204153900000000021e+01 4.818486599999999842e-01
1.204062900000000091e+01 4.927742799999999534e-01
1.203969900000000059e+01 5.036981799999999954e-01
1.203874800000000000e+01 5.146203200000000200e-01
1.203777700000000017e+01 5.255406699999999320e-01
1.203678599999999932e+01 5.364591799999999244e-01
1.203577399999999997e+01 5.473758299999998966e-01
1.203474199999999961e+01 5.582905700000000415e-01
1.203369000000000000e+01 5.692033599999999360e-01
1.203261700000000012e+01 5.801141599999999343e-01
1.203152399999999922e+01 5.910229500000000469e-01
1.203040999999999983e+01 6.019296699999999722e-01
1.202927599999999941e+01 6.128342999999999430e-01
1.202812199999999976e+01 6.237367900000000409e-01
1.202694699999999983e+01 6.346371100000000043e-01
1.202575200000000066e+01 6.455352100000000259e-01
1.202453599999999945e+01 6.564310700000000054e-01
1.202330100000000002e+01 6.673246299999999742e-01
1.202204500000000031e+01 6.782158699999999429e-01
1.202076800000000034e+01 6.891047499999999326e-01
1.201947200000000038e+01 6.999912200000000251e-01
1.201815400000000089e+01 7.108752600000000088e-01
1.201681699999999964e+01 7.217568100000000264e-01
1.201545899999999989e+01 7.326358499999999774e-01
1.201408100000000090e+01 7.435123399999999938e-01
1.201268300000000089e+01 7.543862299999999355e-01
1.201126499999999986e+01 7.652575000000000349e-01
1.200982599999999856e+01 7.761260899999999907e-01
1.200836600000000054e+01 7.869919899999999746e-01
1.200688700000000075e+01 7.978551300000000790e-01
1.200538700000000070e+01 8.087155000000000316e-01
1.200386699999999962e+01 8.195730499999999141e-01
1.200232699999999930e+01 8.304277399999999698e-01
1.200076600000000049e+01 8.412795400000000479e-01
1.199918599999999991e+01 8.521284000000000081e-01
1.199758499999999906e+01 8.629742999999999720e-01
1.199596299999999971e+01 8.738171799999999712e-01
1.199432200000000037e+01 8.846570200000000161e-01
1.199265999999999899e+01 8.954937800000000170e-01
1.199097799999999836e+01 9.063274099999999445e-01
1.198927600000000027e+01 9.171578899999999201e-01
1.198755300000000013e+01 9.279851599999999756e-01
1.198581099999999999e+01 9.388092100000000606e-01
1.198404800000000137e+01 9.496299800000000957e-01
1.198226499999999994e+01 9.604474400000000411e-01
1.198046100000000003e+01 9.712615500000000290e-01
1.197863800000000012e+01 9.820722800000000197e-01
1.197679399999999994e+01 9.928795799999999838e-01
1.197493000000000052e+01 1.003683400000000114e+00
1.197304600000000008e+01 1.014483800000000047e+00
1.197114200000000039e+01 1.025280600000000097e+00
1.196921800000000147e+01 1.036073799999999823e+00
1.196727399999999975e+01 1.046863399999999888e+00
1.196530899999999953e+01 1.057649400000000073e+00
1.196332400000000007e+01 1.068431700000000095e+00
1.196131899999999959e+01 1.079210299999999956e+00
1.195929399999999987e+01 1.089985100000000040e+00
1.195724899999999913e+01 1.100756100000000126e+00
1.195518399999999914e+01 1.111523200000000156e+00
1.195309899999999992e+01 1.122286499999999965e+00
1.195099300000000042e+01 1.133045900000000161e+00
1.194886800000000093e+01 1.143801300000000021e+00
1.194672199999999940e+01 1.154552799999999824e+00
1.194455700000000142e+01 1.165300199999999897e+00
1.194237099999999963e+01 1.176043500000000019e+00
1.194016500000000036e+01 1.186782800000000027e+00
1.193794000000000111e+01 1.197517900000000024e+00
1.193569399999999980e+01 1.208248800000000012e+00
1.193342799999999926e+01 1.218975600000000048e+00
1.193114199999999947e+01 1.229698000000000180e+00
1.192883599999999866e+01 1.240416199999999858e+00
1.192651000000000039e+01 1.251130100000000134e+00
1.192416500000000035e+01 1.261839600000000061e+00
1.192179900000000004e+01 1.272544699999999862e+00
1.191941300000000048e+01 1.283245399999999981e+00
1.191700699999999991e+01 1.293941600000000136e+00
1.191458100000000009e+01 1.304633299999999885e+00
1.191213500000000103e+01 1.315320500000000115e+00
1.190967000000000020e+01 1.326002999999999821e+00
1.190718399999999910e+01 1.336680900000000172e+00
1.190467800000000054e+01 1.347354200000000057e+00
1.190215300000000020e+01 1.358022799999999863e+00
1.189960699999999960e+01 1.368686700000000034e+00
1.189704199999999901e+01 1.379345700000000008e+00
1.189445700000000095e+01 1.389999999999999902e+00
1.183531600000000061e+01 1.375533200000000011e+00
1.183787399999999934e+01 1.364989800000000031e+00
1.184041299999999985e+01 1.354441600000000134e+00
1.184293100000000010e+01 1.343888799999999994e+00
1.184543100000000138e+01 1.333331200000000161e+00
1.184791000000000061e+01 1.322769000000000084e+00
1.185037000000000162e+01 1.312202199999999985e+00
1.185280999999999985e+01 1.301630799999999866e+00
1.185522999999999882e+01 1.291054900000000005e+00
1.185763099999999959e+01 1.280474499999999960e+00
1.186001100000000008e+01 1.269889599999999952e+00
1.186237199999999881e+01 1.259300300000000039e+00
1.186471399999999932e+01 1.248706600000000000e+00
1.186703499999999956e+01 1.238108500000000056e+00
1.186933699999999980e+01 1.227506200000000103e+00
1.187161799999999978e+01 1.216899500000000023e+00
1.187388099999999902e+01 1.206288600000000155e+00
1.187612299999999976e+01 1.195673500000000056e+00
1.187834499999999949e+01 1.185054300000000005e+00
1.188054800000000100e+01 1.174430900000000166e+00
1.188272999999999868e+01 1.163803399999999932e+00
1.188489299999999993e+01 1.153171799999999969e+00
1.188703600000000016e+01 1.142536299999999949e+00
1.188915899999999937e+01 1.131896699999999978e+00
1.189126300000000036e+01 1.121253200000000172e+00
1.189334599999999931e+01 1.110605800000000087e+00
1.189541000000000004e+01 1.099954600000000005e+00
1.189745299999999872e+01 1.089299500000000087e+00
1.189947700000000097e+01 1.078640599999999949e+00
1.190148100000000042e+01 1.067977900000000036e+00
1.190346500000000063e+01 1.057311499999999960e+00
1.190542899999999982e+01 1.046641500000000002e+00
1.190737299999999976e+01 1.035967699999999825e+00
1.190929700000000047e+01 1.025290400000000046e+00
1.191120099999999837e+01 1.014609499999999942e+00
1.191308599999999984e+01 1.003925100000000015e+00
1.191495000000000104e+01 9.932371300000000236e-01
1.191679399999999944e+01 9.825457300000000060e-01
1.191861900000000141e+01 9.718509000000000730e-01
1.192042300000000132e+01 9.611526900000000317e-01
1.192220800000000125e+01 9.504511300000000329e-01
1.192397199999999913e+01 9.397462500000000052e-01
1.192571700000000057e+01 9.290380999999999778e-01
1.192744099999999996e+01 9.183267100000001015e-01
1.192914600000000114e+01 9.076121200000000222e-01
1.193083000000000027e+01 8.968943600000000016e-01
1.193249500000000118e+01 8.861734800000000689e-01
1.193413900000000005e+01 8.754495100000000418e-01
1.193576399999999893e+01 8.647224900000000103e-01
1.193736800000000109e+01 8.539924500000000140e-01
1.193895199999999868e+01 8.432594400000000823e-01
1.194051699999999983e+01 8.325234900000000327e-01
1.194206099999999893e+01 8.217846300000000159e-01
1.194358499999999879e+01 8.110429100000000613e-01
1.194508899999999940e+01 8.002983699999999256e-01
1.194657300000000077e+01 7.895510299999999315e-01
1.194803800000000038e+01 7.788009499999999363e-01
1.194948100000000046e+01 7.680481499999999295e-01
1.195090500000000056e+01 7.572926700000000011e-01
1.195230899999999963e+01 7.465345500000000190e-01
1.195369299999999946e+01 7.357738299999999620e-01
1.195505700000000004e+01 7.250105399999999811e-01
1.195640000000000036e+01 7.142447299999999943e-01
1.195772299999999966e+01 7.034764300000000414e-01
1.195902700000000074e+01 6.927056700000000511e-01
1.196030999999999977e+01 6.819325099999999917e-01
1.196157299999999957e+01 6.711569600000000246e-01
1.196281600000000012e+01 6.603790800000000072e-01
1.196403900000000142e+01 6.495988899999999289e-01
1.196524199999999993e+01 6.388164399999999299e-01
1.196642400000000173e+01 6.280317599999999389e-01
1.196758699999999997e+01 6.172448900000000460e-01
1.196872899999999973e+01 6.064558700000000080e-01
1.196985100000000024e+01 5.956647400000000259e-01
1.197095299999999973e+01 5.848715300000000283e-01
1.197203499999999998e+01 5.740762899999999336e-01
1.197309699999999921e+01 5.632790400000000641e-01
1.197413799999999995e+01 5.524798300000000051e-01
1.197516000000000069e+01 5.416786899999999072e-01
1.197616099999999939e+01 5.308756600000000825e-01
1.197714200000000062e+01 5.200707900000000050e-01
1.197810299999999906e+01 5.092640999999999973e-01
1.197904299999999900e+01 4.984556299999999829e-01
1.197996400000000072e+01 4.876454299999999908e-01
1.198086400000000040e+01 4.768335300000000054e-01
1.198174400000000084e+01 4.660199700000000056e-01
1.198260399999999848e+01 4.552047800000000310e-01
1.198344399999999865e+01 4.443880100000000000e-01
1.198426399999999958e+01 4.335696900000000076e-01
1.198506300000000024e+01 4.227498499999999826e-01
1.198584199999999989e+01 4.119285400000000097e-01
1.198660100000000028e+01 4.011058000000000123e-01
1.198733999999999966e+01 3.902816599999999747e-01
1.198805800000000055e+01 3.794561599999999868e-01
1.198875699999999966e+01 3.686293299999999773e-01
1.198943500000000029e+01 3.578012199999999754e-01
1.199009299999999989e+01 3.469718599999999653e-01
1.199072999999999922e+01 3.361412999999999762e-01
1.199134800000000034e+01 3.253095599999999976e-01
1.199194499999999941e+01 3.144766900000000032e-01
1.199252200000000101e+01 3.036427199999999771e-01
1.199307899999999982e+01 2.928077000000000041e-01
1.199361500000000014e+01 2.819716500000000181e-01
1.199413099999999943e+01 2.711346199999999929e-01
1.199462800000000051e+01 2.602966400000000236e-01
1.199510299999999852e+01 2.494577600000000006e-01
1.199555900000000008e+01 2.386180099999999915e-01
1.199599400000000138e+01 2.277774300000000030e-01
1.199640899999999988e+01 2.169360499999999914e-01
1.199680400000000091e+01 2.060939199999999860e-01
1.199717900000000093e+01 1.952510699999999988e-01
1.199753299999999889e+01 1.844075300000000139e-01
1.199786699999999939e+01 1.735633599999999999e-01
1.199818100000000065e+01 1.627185800000000016e-01
1.199847500000000089e+01 1.518732299999999980e-01
1.199874799999999908e+01 1.410273599999999905e-01
1.199900200000000083e+01 1.301809899999999964e-01
1.199923399999999951e+01 1.193341700000000033e-01
1.199944699999999997e+01 1.084869299999999953e-01
1.199963899999999839e+01 9.763931400000000482e-02
1.199981200000000037e+01 8.679135899999999848e-02
1.199996299999999927e+01 7.594309999999999949e-02
1.200009499999999996e+01 6.509457800000000016e-02
1.200020600000000037e+01 5.424582800000000288e-02
1.200029800000000080e+01 4.339688900000000099e-02
1.200036799999999992e+01 3.254779899999999532e-02
1.200041899999999906e+01 2.169859599999999708e-02
1.200044899999999970e+01 1.084931699999999895e-02
1.200045999999999857e+01 -1.591615700000000001e-15
1.200044600000000017e+01 -1.090201600000000048e-02
1.200040399999999963e+01 -2.180342600000000075e-02
1.200033599999999900e+01 -3.270417900000000683e-02
1.200023899999999877e+01 -4.360422100000000550e-02
1.200011499999999920e+01 -5.450350100000000281e-02
1.199996400000000030e+01 -6.540196600000000582e-02
1.199978499999999926e+01 -7.629956599999999922e-02
1.199957899999999889e+01 -8.719624800000000397e-02
1.199934499999999993e+01 -9.809195900000000634e-02
1.199908300000000061e+01 -1.089866499999999905e-01
1.199879400000000018e+01 -1.198802600000000024e-01
1.199847799999999864e+01 -1.307727499999999932e-01
1.199813400000000030e+01 -1.416640600000000083e-01
1.199776300000000084e+01 -1.525541399999999770e-01
1.199736399999999925e+01 -1.634429399999999810e-01
1.199693699999999907e+01 -1.743304099999999912e-01
1.199648400000000059e+01 -1.852164799999999889e-01
1.199600200000000072e+01 -1.961011200000000176e-01
1.199549400000000077e+01 -2.069842699999999980e-01
1.199495800000000045e+01 -2.178658800000000118e-01
1.199439399999999978e+01 -2.287458900000000073e-01
1.199380299999999977e+01 -2.396242600000000056e-01
1.199318399999999940e+01 -2.505009300000000105e-01
1.199253799999999970e+01 -2.613758399999999704e-01
1.199186500000000066e+01 -2.722489599999999843e-01
1.199116400000000127e+01 -2.831202200000000335e-01
1.199043599999999898e+01 -2.939895700000000334e-01
1.198967999999999989e+01 -3.048569700000000049e-01
1.198889700000000147e+01 -3.157223599999999797e-01
1.198808700000000016e+01 -3.265856800000000448e-01
1.198724900000000027e+01 -3.374468899999999993e-01
1.198638399999999926e+01 -3.483059299999999858e-01
1.198549099999999967e+01 -3.591627500000000306e-01
1.198457100000000075e+01 -3.700173099999999882e-01
1.198362299999999969e+01 -3.808695399999999509e-01
1.198264799999999930e+01 -3.917193900000000006e-01
1.198164600000000135e+01 -4.025668199999999919e-01
1.198061599999999949e+01 -4.134117800000000065e-01
1.197955900000000007e+01 -4.242542000000000257e-01
1.197847499999999954e+01 -4.350940299999999650e-01
1.197736299999999865e+01 -4.459312400000000065e-01
1.197622400000000020e+01 -4.567657600000000206e-01
1.197505700000000139e+01 -4.675975299999999835e-01
1.197386399999999895e+01 -4.784265199999999663e-01
1.197264200000000045e+01 -4.892526700000000006e-01
1.197139400000000009e+01 -5.000759200000000071e-01
1.197011800000000115e+01 -5.108962200000000120e-01
1.196881500000000109e+01 -5.217135299999999809e-01
1.196748400000000068e+01 -5.325277800000000061e-01
1.196612600000000093e+01 -5.433389299999999977e-01
1.196474100000000007e+01 -5.541469300000000375e-01
1.196332799999999885e+01 -5.649517200000000461e-01
1.196188800000000008e+01 -5.757532499999999942e-01
1.196042100000000019e+01 -5.865514800000000140e-01
1.195892699999999920e+01 -5.973463299999999254e-01
1.195740500000000139e+01 -6.081377800000000722e-01
1.195585599999999893e+01 -6.189257499999999412e-01
1.195427899999999966e+01 -6.297102099999999369e-01
1.195267499999999927e+01 -6.404910999999999799e-01
1.195104399999999956e+01 -6.512683599999999906e-01
1.194938600000000051e+01 -6.620419499999999902e-01
1.194770099999999857e+01 -6.728118200000000604e-01
1.194598799999999983e+01 -6.835778999999999606e-01
1.194424799999999998e+01 -6.943401500000000448e-01
1.194247999999999976e+01 -7.050979800000000131e-01
1.194068599999999947e+01 -7.158507699999999696e-01
1.193886399999999881e+01 -7.265984899999999858e-01
1.193701599999999985e+01 -7.373410799999999821e-01
1.193513999999999875e+01 -7.480784900000000404e-01
1.193323799999999935e+01 -7.588106699999999094e-01
1.193130800000000136e+01 -7.695375700000000041e-01
1.192935100000000048e+01 -7.802591399999999622e-01
1.192736799999999953e+01 -7.909753200000000373e-01
1.192535699999999999e+01 -8.016860799999999676e-01
1.192332000000000036e+01 -8.123913400000000173e-01
1.192125499999999860e+01 -8.230910800000000860e-01
1.191916400000000031e+01 -8.337852299999999328e-01
1.191704499999999989e+01 -8.444737399999999727e-01
1.191489999999999938e+01 -8.551565700000000048e-01
1.191272799999999954e+01 -8.658336600000000605e-01
1.191052900000000037e+01 -8.765049599999999996e-01
1.190830300000000008e+01 -8.871704200000000151e-01
1.190604999999999869e+01 -8.978299899999999667e-01
1.190376999999999974e+01 -9.084836299999999865e-01
1.190146400000000071e+01 -9.191312699999999447e-01
1.189912999999999954e+01 -9.297728699999999735e-01
1.189677000000000007e+01 -9.404083799999999327e-01
1.189438299999999948e+01 -9.510377399999999648e-01
1.189196899999999957e+01 -9.616609200000000302e-01
1.188952899999999957e+01 -9.722778399999999488e-01
1.188706099999999921e+01 -9.828884799999999533e-01
1.188456699999999877e+01 -9.934927599999999748e-01
1.188204600000000077e+01 -1.004090699999999892e+00
1.187949899999999914e+01 -1.014682099999999920e+00
1.187692499999999995e+01 -1.025267000000000150e+00
1.187432399999999966e+01 -1.035845399999999916e+00
1.187169600000000003e+01 -1.046417200000000047e+00
1.186904200000000031e+01 -1.056982400000000100e+00
1.186636100000000127e+01 -1.067540799999999956e+00
1.186365300000000111e+01 -1.078092499999999898e+00
1.186091799999999985e+01 -1.088637400000000088e+00
1.185815699999999850e+01 -1.099175500000000083e+00
1.185537000000000063e+01 -1.109706599999999987e+00
1.185255599999999987e+01 -1.120230800000000082e+00
1.184971499999999978e+01 -1.130748000000000086e+00
1.184684700000000035e+01 -1.141258099999999942e+00
1.184395400000000009e+01 -1.151761099999999871e+00
1.184103299999999948e+01 -1.162256900000000037e+00
1.183808599999999878e+01 -1.172745600000000055e+00
1.183511199999999874e+01 -1.183227000000000029e+00
1.183211199999999863e+01 -1.193701099999999959e+00
1.182908600000000021e+01 -1.204167800000000010e+00
1.182603299999999891e+01 -1.214627099999999960e+00
1.182295300000000005e+01 -1.225079000000000029e+00
1.181984699999999933e+01 -1.235523300000000102e+00
1.181671399999999927e+01 -1.245960100000000015e+00
1.181355500000000092e+01 -1.256389200000000095e+00
1.181037000000000070e+01 -1.266810699999999956e+00
1.180715799999999938e+01 -1.277224499999999985e+00
1.180391999999999975e+01 -1.287630499999999900e+00
1.180065500000000078e+01 -1.298028700000000146e+00
1.179736399999999996e+01 -1.308419100000000057e+00
1.179404700000000084e+01 -1.318801499999999960e+00
1.179070299999999882e+01 -1.329175899999999855e+00
1.178733300000000028e+01 -1.339542299999999964e+00
1.178393699999999988e+01 -1.349900699999999842e+00
1.178051399999999838e+01 -1.360250900000000041e+00
6.356489135763347675e-02 1.271297827152669535e-01
1.634361218152529993e+00 1.271297827152669535e-01
-3.078027762232160125e+00 1.271297827152669535e-01
-1.507231435437263345e+00 1.271297827152669535e-01
