# Cls = PFC
# Exp = WEST
# Name = DivLowITERV3
1.490000000000000000e+02 4.560000000000000000e+02
1.951437505566089081e+00 -6.255000000000000560e-01
2.356617780927638517e+00 -7.892007772062769044e-01
2.356992838111822142e+00 -7.882735613562188437e-01
2.366357483076916512e+00 -7.650965613562188405e-01
2.355230815149348178e+00 -7.606005613562190071e-01
2.345866170185388455e+00 -7.837775613562190102e-01
2.345403013301709194e+00 -7.835910448457419353e-01
2.354767658266803565e+00 -7.604140448457419321e-01
2.343640990339235231e+00 -7.559180448457418766e-01
2.334276345375275064e+00 -7.790950448457418798e-01
2.333813188491596247e+00 -7.789085283352648048e-01
2.343177833456690617e+00 -7.557315283352648017e-01
2.332051165529122283e+00 -7.512355283352648572e-01
2.322686520565162560e+00 -7.744125283352648603e-01
2.322223363681483299e+00 -7.742260118247877854e-01
2.331588008646577670e+00 -7.510490118247877822e-01
2.320461340719009335e+00 -7.465530118247878377e-01
2.311096695755049168e+00 -7.697300118247878409e-01
2.310633538871370352e+00 -7.695434953143107659e-01
2.319998183836464722e+00 -7.463664953143107628e-01
2.308871515908896388e+00 -7.418704953143108183e-01
2.299506870944936221e+00 -7.650474953143108214e-01
2.299043714061257404e+00 -7.648609788038337465e-01
2.308408359026351775e+00 -7.416839788038337433e-01
2.297281691098783440e+00 -7.371879788038337988e-01
2.287917046134823273e+00 -7.603649788038338020e-01
2.287453889251144457e+00 -7.601784622933567270e-01
2.296818534216238827e+00 -7.370014622933567239e-01
2.285691866288670493e+00 -7.325054622933567794e-01
2.276327221324710326e+00 -7.556824622933567825e-01
2.275864064441031509e+00 -7.554959457828797076e-01
2.285228709406125880e+00 -7.323189457828797044e-01
2.274102041478557545e+00 -7.278229457828797599e-01
2.264737396514597378e+00 -7.509999457828797631e-01
2.264274239630918562e+00 -7.508134292724026881e-01
2.273638884596012932e+00 -7.276364292724026850e-01
2.262512216668444598e+00 -7.231404292724027405e-01
2.253147571704484431e+00 -7.463174292724027437e-01
2.252684414820805614e+00 -7.461309127619256687e-01
2.262049059785899985e+00 -7.229539127619256655e-01
2.250922391858331650e+00 -7.184579127619257211e-01
2.241557746894371483e+00 -7.416349127619257242e-01
2.241094590010692666e+00 -7.414483962514486493e-01
2.250459234975787037e+00 -7.182713962514486461e-01
2.239332567048218703e+00 -7.137753962514487016e-01
2.229967922084258536e+00 -7.369523962514487048e-01
2.229504765200579719e+00 -7.367658797409716298e-01
2.238869410165674090e+00 -7.135888797409716267e-01
2.227742742238105755e+00 -7.090928797409716822e-01
2.218378097274145588e+00 -7.322698797409716853e-01
2.217914940390466327e+00 -7.320833632304946104e-01
2.227279585355560698e+00 -7.089063632304946072e-01
2.216152917427992364e+00 -7.044103632304946627e-01
2.206788272464032641e+00 -7.275873632304946659e-01
2.206325115580353380e+00 -7.274008467200174799e-01
2.215689760545447751e+00 -7.042238467200174767e-01
2.204563092617879416e+00 -6.997278467200176433e-01
2.195198447653919693e+00 -7.229048467200176464e-01
2.194735290770240432e+00 -7.227183302095404605e-01
2.204099935735334803e+00 -6.995413302095404573e-01
2.192973267807766469e+00 -6.950453302095405128e-01
2.183608622843806746e+00 -7.182223302095405160e-01
2.183145465960127485e+00 -7.180358136990634410e-01
2.192510110925221856e+00 -6.948588136990634379e-01
2.181383442997653521e+00 -6.903628136990634934e-01
2.172018798033693798e+00 -7.135398136990634965e-01
2.171555641150014537e+00 -7.133532971885864216e-01
2.180920286115108908e+00 -6.901762971885864184e-01
2.169793618187540574e+00 -6.856802971885864739e-01
2.160428973223580851e+00 -7.088572971885864771e-01
2.159965816339901590e+00 -7.086707806781094021e-01
2.169330461304995961e+00 -6.854937806781093990e-01
2.158203793377427626e+00 -6.809977806781094545e-01
2.148839148413467903e+00 -7.041747806781094576e-01
2.148375991529788642e+00 -7.039882641676323827e-01
2.157740636494883013e+00 -6.808112641676323795e-01
2.146613968567314679e+00 -6.763152641676324350e-01
2.137249323603354956e+00 -6.994922641676324382e-01
2.136786166719675695e+00 -6.993057476571553632e-01
2.146150811684770066e+00 -6.761287476571553601e-01
2.135024143757201731e+00 -6.716327476571554156e-01
2.125659498793242008e+00 -6.948097476571554187e-01
2.125196341909562747e+00 -6.946232311466783438e-01
2.134560986874657118e+00 -6.714462311466783406e-01
2.123434318947088784e+00 -6.669502311466783961e-01
2.114069673983129061e+00 -6.901272311466783993e-01
2.113606517099449800e+00 -6.899407146362013243e-01
2.122971162064544171e+00 -6.667637146362013212e-01
2.111844494136975836e+00 -6.622677146362013767e-01
2.102479849173016113e+00 -6.854447146362013799e-01
2.102016692289336852e+00 -6.852581981257243049e-01
2.111381337254431223e+00 -6.620811981257243017e-01
2.100254669326862889e+00 -6.575851981257243573e-01
2.090890024362903166e+00 -6.807621981257243604e-01
2.090426867479223905e+00 -6.805756816152472854e-01
2.099791512444318275e+00 -6.573986816152472823e-01
2.088664844516749941e+00 -6.529026816152473378e-01
2.079300199552790218e+00 -6.760796816152473410e-01
2.078837042669110957e+00 -6.758931651047702660e-01
2.088201687634205328e+00 -6.527161651047702629e-01
2.077075019706636994e+00 -6.482201651047703184e-01
2.067710374742676827e+00 -6.713971651047703215e-01
2.067247217858998010e+00 -6.712106485942932466e-01
2.076611862824092380e+00 -6.480336485942932434e-01
2.065485194896524046e+00 -6.435376485942932989e-01
2.056120549932563879e+00 -6.667146485942933021e-01
2.055657393048885062e+00 -6.665281320838162271e-01
2.065022038013979433e+00 -6.433511320838162240e-01
2.053895370086411098e+00 -6.388551320838162795e-01
2.044530725122450932e+00 -6.620321320838162826e-01
2.044067568238772115e+00 -6.618456155733392077e-01
2.053432213203866485e+00 -6.386686155733392045e-01
2.042305545276298151e+00 -6.341726155733391490e-01
2.032940900312337984e+00 -6.573496155733391522e-01
2.032477743428659167e+00 -6.571630990628620772e-01
2.041842388393753538e+00 -6.339860990628620740e-01
2.030715720466185203e+00 -6.294900990628621296e-01
2.021351075502225036e+00 -6.526670990628621327e-01
2.020887918618546220e+00 -6.524805825523850578e-01
2.030252563583640590e+00 -6.293035825523850546e-01
2.019125895656072256e+00 -6.248075825523851101e-01
2.009761250692112089e+00 -6.479845825523851133e-01
2.009298093808433272e+00 -6.477980660419080383e-01
2.018662738773527643e+00 -6.246210660419080352e-01
2.007536070845959308e+00 -6.201250660419080907e-01
1.998171425881999141e+00 -6.433020660419080938e-01
1.997708268998320102e+00 -6.431155495314310189e-01
2.007072913963414695e+00 -6.199385495314310157e-01
1.995946246035846139e+00 -6.154425495314310712e-01
1.986581601071886194e+00 -6.386195495314310744e-01
1.986118444188207155e+00 -6.384330330209539994e-01
1.995483089153301526e+00 -6.152560330209539963e-01
1.984356421225733191e+00 -6.107600330209540518e-01
1.974991776261773246e+00 -6.339370330209540549e-01
1.974528619378094207e+00 -6.337505165104769800e-01
1.983893264343188578e+00 -6.105735165104769768e-01
1.972766596415620244e+00 -6.060775165104770323e-01
1.963401951451660299e+00 -6.292545165104770355e-01
1.962938794567981260e+00 -6.290679999999999605e-01
1.972303439533075631e+00 -6.058909999999999574e-01
1.961176771605507296e+00 -6.013950000000000129e-01
1.958885928041752988e+00 -6.069560000000000510e-01
1.932087169846381736e+00 -5.961290000000000200e-01
1.933963616764545090e+00 -5.914880000000000138e-01
1.907861744381128100e+00 -5.809440000000000159e-01
1.896249179496460657e+00 -6.096869999999999790e-01
1.922350157298612583e+00 -6.202309999999999768e-01
1.926468561322763895e+00 -6.100359999999999117e-01
1.953266400999362107e+00 -6.208640000000000825e-01
6.889457573661827115e-03 1.352029445766848338e-02
2.066837272098548742e-02 1.352029445766848338e-02
3.444728786830913297e-02 1.352029445766848512e-02
4.822620301563278894e-02 1.352029445766848859e-02
6.200511816295642409e-02 1.352029445766848165e-02
7.578403331028009393e-02 1.352029445766847471e-02
8.956294845760374990e-02 1.352029445766847471e-02
1.033418636049274059e-01 1.352029445766847471e-02
1.171207787522510618e-01 1.352029445766847471e-02
1.308996938995747039e-01 1.352029445766848859e-02
1.446786090468983599e-01 1.352029445766850246e-02
1.584575241942220714e-01 1.352029445766850246e-02
1.722364393415456718e-01 1.352029445766850246e-02
1.860153544888693278e-01 1.352029445766850246e-02
1.997942696361929282e-01 1.352029445766850246e-02
2.135731847835166397e-01 1.352029445766850246e-02
2.273520999308402402e-01 1.352029445766850246e-02
2.411310150781639516e-01 1.352029445766850246e-02
2.549099302254874688e-01 1.352029445766847471e-02
2.686888453728112358e-01 1.352029445766844695e-02
2.824677605201348918e-01 1.352029445766844695e-02
2.962466756674585477e-01 1.352029445766844695e-02
3.100255908147822037e-01 1.352029445766844695e-02
3.238045059621058597e-01 1.352029445766844695e-02
3.375834211094295156e-01 1.352029445766844695e-02
3.513623362567531716e-01 1.352029445766844695e-02
3.651412514040768276e-01 1.352029445766844695e-02
3.789201665514004835e-01 1.352029445766844695e-02
3.926990816987241950e-01 1.352029445766844695e-02
4.064779968460477955e-01 1.352029445766844695e-02
4.202569119933714514e-01 1.352029445766844695e-02
4.340358271406951074e-01 1.352029445766844695e-02
4.478147422880187634e-01 1.352029445766844695e-02
4.615936574353424193e-01 1.352029445766844695e-02
4.753725725826660753e-01 1.352029445766844695e-02
4.891514877299897313e-01 1.352029445766844695e-02
5.029304028773133872e-01 1.352029445766844695e-02
5.167093180246369322e-01 1.352029445766844695e-02
5.304882331719606992e-01 1.352029445766844695e-02
5.442671483192842441e-01 1.352029445766844695e-02
5.580460634666080111e-01 1.352029445766844695e-02
5.718249786139315560e-01 1.352029445766844695e-02
5.856038937612553230e-01 1.352029445766844695e-02
5.993828089085788680e-01 1.352029445766844695e-02
6.131617240559026349e-01 1.352029445766844695e-02
6.269406392032261799e-01 1.352029445766844695e-02
6.407195543505499469e-01 1.352029445766844695e-02
6.544984694978734918e-01 1.352029445766844695e-02
6.682773846451973698e-01 1.352029445766844695e-02
6.820562997925208037e-01 1.352029445766844695e-02
6.958352149398445707e-01 1.352029445766844695e-02
7.096141300871681157e-01 1.352029445766844695e-02
7.233930452344918827e-01 1.352029445766844695e-02
7.371719603818154276e-01 1.352029445766844695e-02
7.509508755291391946e-01 1.352029445766844695e-02
7.647297906764627395e-01 1.352029445766844695e-02
7.785087058237865065e-01 1.352029445766844695e-02
7.922876209711100515e-01 1.352029445766844695e-02
8.060665361184338185e-01 1.352029445766844695e-02
8.198454512657573634e-01 1.352029445766844695e-02
8.336243664130811304e-01 1.352029445766844695e-02
8.474032815604045643e-01 1.352029445766844695e-02
8.611821967077283313e-01 1.352029445766844695e-02
8.749611118550519873e-01 1.352029445766844695e-02
8.887400270023757543e-01 1.352029445766844695e-02
9.025189421496992992e-01 1.352029445766844695e-02
9.162978572970230662e-01 1.352029445766844695e-02
9.300767724443466111e-01 1.352029445766844695e-02
9.438556875916703781e-01 1.352029445766844695e-02
9.576346027389939231e-01 1.352029445766844695e-02
9.714135178863175790e-01 1.352029445766844695e-02
9.851924330336412350e-01 1.352029445766844695e-02
9.989713481809651130e-01 1.352029445766833593e-02
1.012750263328288547e+00 1.352029445766822491e-02
1.026529178475612092e+00 1.352029445766822491e-02
1.040308093622935859e+00 1.352029445766822491e-02
1.054087008770259626e+00 1.352029445766822491e-02
1.067865923917583171e+00 1.352029445766822491e-02
1.081644839064906716e+00 1.352029445766822491e-02
1.095423754212230483e+00 1.352029445766822491e-02
1.109202669359554250e+00 1.352029445766822491e-02
1.122981584506877795e+00 1.352029445766822491e-02
1.136760499654201340e+00 1.352029445766822491e-02
1.150539414801525107e+00 1.352029445766822491e-02
1.164318329948848874e+00 1.352029445766822491e-02
1.178097245096172418e+00 1.352029445766822491e-02
1.191876160243495963e+00 1.352029445766822491e-02
1.205655075390819730e+00 1.352029445766822491e-02
1.219433990538143497e+00 1.352029445766822491e-02
1.233212905685467042e+00 1.352029445766822491e-02
1.246991820832790587e+00 1.352029445766822491e-02
1.260770735980114354e+00 1.352029445766822491e-02
1.274549651127438121e+00 1.352029445766822491e-02
1.288328566274761666e+00 1.352029445766822491e-02
1.302107481422085211e+00 1.352029445766822491e-02
1.315886396569408978e+00 1.352029445766822491e-02
1.329665311716732745e+00 1.352029445766822491e-02
1.343444226864056290e+00 1.352029445766822491e-02
1.357223142011379835e+00 1.352029445766822491e-02
1.371002057158703602e+00 1.352029445766822491e-02
1.384780972306027369e+00 1.352029445766822491e-02
1.398559887453350914e+00 1.352029445766822491e-02
1.412338802600674459e+00 1.352029445766822491e-02
1.426117717747998226e+00 1.352029445766822491e-02
1.439896632895321993e+00 1.352029445766822491e-02
1.453675548042645538e+00 1.352029445766822491e-02
1.467454463189969083e+00 1.352029445766822491e-02
1.481233378337292850e+00 1.352029445766822491e-02
1.495012293484616617e+00 1.352029445766822491e-02
1.508791208631940162e+00 1.352029445766822491e-02
1.522570123779263707e+00 1.352029445766822491e-02
1.536349038926587474e+00 1.352029445766822491e-02
1.550127954073911241e+00 1.352029445766822491e-02
1.563906869221234786e+00 1.352029445766822491e-02
1.577685784368558330e+00 1.352029445766822491e-02
1.591464699515882097e+00 1.352029445766822491e-02
1.605243614663205864e+00 1.352029445766822491e-02
1.619022529810529409e+00 1.352029445766822491e-02
1.632801444957852954e+00 1.352029445766822491e-02
1.646580360105176721e+00 1.352029445766822491e-02
1.660359275252500488e+00 1.352029445766822491e-02
1.674138190399824033e+00 1.352029445766822491e-02
1.687917105547147578e+00 1.352029445766822491e-02
1.701696020694471345e+00 1.352029445766822491e-02
1.715474935841795112e+00 1.352029445766822491e-02
1.729253850989118657e+00 1.352029445766822491e-02
1.743032766136442202e+00 1.352029445766822491e-02
1.756811681283765969e+00 1.352029445766822491e-02
1.770590596431089514e+00 1.352029445766822491e-02
1.784369511578413281e+00 1.352029445766822491e-02
1.798148426725736826e+00 1.352029445766822491e-02
1.811927341873060371e+00 1.352029445766822491e-02
1.825706257020384138e+00 1.352029445766822491e-02
1.839485172167707905e+00 1.352029445766822491e-02
1.853264087315031450e+00 1.352029445766822491e-02
1.867043002462354995e+00 1.352029445766822491e-02
1.880821917609678762e+00 1.352029445766822491e-02
1.894600832757002529e+00 1.352029445766822491e-02
1.908379747904326074e+00 1.352029445766822491e-02
1.922158663051649619e+00 1.352029445766822491e-02
1.935937578198973386e+00 1.352029445766822491e-02
1.949716493346297153e+00 1.352029445766822491e-02
1.963495408493620697e+00 1.352029445766822491e-02
1.977274323640944242e+00 1.352029445766822491e-02
1.991053238788268009e+00 1.352029445766822491e-02
2.004832153935591776e+00 1.352029445766844695e-02
2.018611069082915321e+00 1.352029445766866900e-02
2.032389984230238866e+00 1.352029445766866900e-02
2.046168899377562411e+00 1.352029445766866900e-02
2.059947814524886400e+00 1.352029445766866900e-02
2.073726729672209945e+00 1.352029445766866900e-02
2.087505644819533490e+00 1.352029445766866900e-02
2.101284559966857479e+00 1.352029445766866900e-02
2.115063475114181024e+00 1.352029445766866900e-02
2.128842390261504569e+00 1.352029445766866900e-02
2.142621305408828114e+00 1.352029445766866900e-02
2.156400220556151659e+00 1.352029445766866900e-02
2.170179135703475648e+00 1.352029445766866900e-02
2.183958050850799193e+00 1.352029445766866900e-02
2.197736965998122738e+00 1.352029445766866900e-02
2.211515881145446727e+00 1.352029445766866900e-02
2.225294796292770272e+00 1.352029445766866900e-02
2.239073711440093817e+00 1.352029445766866900e-02
2.252852626587417362e+00 1.352029445766866900e-02
2.266631541734740907e+00 1.352029445766866900e-02
2.280410456882064896e+00 1.352029445766866900e-02
2.294189372029388441e+00 1.352029445766866900e-02
2.307968287176711986e+00 1.352029445766866900e-02
2.321747202324035975e+00 1.352029445766866900e-02
2.335526117471359520e+00 1.352029445766866900e-02
2.349305032618683065e+00 1.352029445766866900e-02
2.363083947766006609e+00 1.352029445766866900e-02
2.376862862913330154e+00 1.352029445766866900e-02
2.390641778060654143e+00 1.352029445766866900e-02
2.404420693207977688e+00 1.352029445766866900e-02
2.418199608355301233e+00 1.352029445766866900e-02
2.431978523502625222e+00 1.352029445766866900e-02
2.445757438649948767e+00 1.352029445766866900e-02
2.459536353797272312e+00 1.352029445766866900e-02
2.473315268944595857e+00 1.352029445766866900e-02
2.487094184091919402e+00 1.352029445766866900e-02
2.500873099239243391e+00 1.352029445766866900e-02
2.514652014386566936e+00 1.352029445766866900e-02
2.528430929533890481e+00 1.352029445766866900e-02
2.542209844681214470e+00 1.352029445766866900e-02
2.555988759828538015e+00 1.352029445766866900e-02
2.569767674975861560e+00 1.352029445766866900e-02
2.583546590123185105e+00 1.352029445766866900e-02
2.597325505270508650e+00 1.352029445766866900e-02
2.611104420417832639e+00 1.352029445766866900e-02
2.624883335565156184e+00 1.352029445766866900e-02
2.638662250712479729e+00 1.352029445766866900e-02
2.652441165859803274e+00 1.352029445766866900e-02
2.666220081007127263e+00 1.352029445766866900e-02
2.679998996154450808e+00 1.352029445766866900e-02
2.693777911301774353e+00 1.352029445766866900e-02
2.707556826449097898e+00 1.352029445766866900e-02
2.721335741596421443e+00 1.352029445766866900e-02
2.735114656743745432e+00 1.352029445766866900e-02
2.748893571891068976e+00 1.352029445766866900e-02
2.762672487038392521e+00 1.352029445766866900e-02
2.776451402185716510e+00 1.352029445766866900e-02
2.790230317333040055e+00 1.352029445766866900e-02
2.804009232480363600e+00 1.352029445766866900e-02
2.817788147627687145e+00 1.352029445766866900e-02
2.831567062775010690e+00 1.352029445766866900e-02
2.845345977922334679e+00 1.352029445766866900e-02
2.859124893069658224e+00 1.352029445766866900e-02
2.872903808216981769e+00 1.352029445766866900e-02
2.886682723364305758e+00 1.352029445766866900e-02
2.900461638511629303e+00 1.352029445766866900e-02
2.914240553658952848e+00 1.352029445766866900e-02
2.928019468806276393e+00 1.352029445766866900e-02
2.941798383953599938e+00 1.352029445766866900e-02
2.955577299100923927e+00 1.352029445766866900e-02
2.969356214248247472e+00 1.352029445766866900e-02
2.983135129395571017e+00 1.352029445766866900e-02
2.996914044542895006e+00 1.352029445766866900e-02
3.010692959690218551e+00 1.352029445766866900e-02
3.024471874837542096e+00 1.352029445766866900e-02
3.038250789984865641e+00 1.352029445766866900e-02
3.052029705132189186e+00 1.352029445766866900e-02
3.065808620279513175e+00 1.352029445766866900e-02
3.079587535426836720e+00 1.352029445766866900e-02
3.093366450574160265e+00 1.352029445766866900e-02
3.107145365721484254e+00 1.352029445766866900e-02
3.120924280868807799e+00 1.352029445766866900e-02
3.134703196016131344e+00 1.352029445766866900e-02
-3.134703196016131788e+00 1.352029445766866900e-02
-3.120924280868808243e+00 1.352029445766866900e-02
-3.107145365721484254e+00 1.352029445766866900e-02
-3.093366450574160709e+00 1.352029445766866900e-02
-3.079587535426837164e+00 1.352029445766866900e-02
-3.065808620279513175e+00 1.352029445766866900e-02
-3.052029705132189630e+00 1.352029445766866900e-02
-3.038250789984866085e+00 1.352029445766866900e-02
-3.024471874837542540e+00 1.352029445766866900e-02
-3.010692959690218995e+00 1.352029445766866900e-02
-2.996914044542895006e+00 1.352029445766866900e-02
-2.983135129395571461e+00 1.352029445766866900e-02
-2.969356214248247916e+00 1.352029445766866900e-02
-2.955577299100923927e+00 1.352029445766866900e-02
-2.941798383953600382e+00 1.352029445766866900e-02
-2.928019468806276837e+00 1.352029445766866900e-02
-2.914240553658953292e+00 1.352029445766866900e-02
-2.900461638511629747e+00 1.352029445766866900e-02
-2.886682723364305758e+00 1.352029445766866900e-02
-2.872903808216981769e+00 1.352029445766866900e-02
-2.859124893069658668e+00 1.352029445766866900e-02
-2.845345977922334679e+00 1.352029445766866900e-02
-2.831567062775011134e+00 1.352029445766866900e-02
-2.817788147627687145e+00 1.352029445766866900e-02
-2.804009232480364044e+00 1.352029445766866900e-02
-2.790230317333040055e+00 1.352029445766866900e-02
-2.776451402185716510e+00 1.352029445766866900e-02
-2.762672487038392966e+00 1.352029445766866900e-02
-2.748893571891069421e+00 1.352029445766866900e-02
-2.735114656743745876e+00 1.352029445766866900e-02
-2.721335741596421443e+00 1.352029445766866900e-02
-2.707556826449098342e+00 1.352029445766866900e-02
-2.693777911301774797e+00 1.352029445766866900e-02
-2.679998996154451252e+00 1.352029445766866900e-02
-2.666220081007127707e+00 1.352029445766866900e-02
-2.652441165859803274e+00 1.352029445766866900e-02
-2.638662250712480173e+00 1.352029445766866900e-02
-2.624883335565156628e+00 1.352029445766866900e-02
-2.611104420417832195e+00 1.352029445766866900e-02
-2.597325505270509094e+00 1.352029445766866900e-02
-2.583546590123185549e+00 1.352029445766866900e-02
-2.569767674975861560e+00 1.352029445766866900e-02
-2.555988759828538459e+00 1.352029445766866900e-02
-2.542209844681214026e+00 1.352029445766866900e-02
-2.528430929533890925e+00 1.352029445766866900e-02
-2.514652014386567380e+00 1.352029445766866900e-02
-2.500873099239243391e+00 1.352029445766866900e-02
-2.487094184091919846e+00 1.352029445766866900e-02
-2.473315268944595857e+00 1.352029445766866900e-02
-2.459536353797272756e+00 1.352029445766866900e-02
-2.445757438649949211e+00 1.352029445766866900e-02
-2.431978523502625222e+00 1.352029445766866900e-02
-2.418199608355301677e+00 1.352029445766866900e-02
-2.404420693207978132e+00 1.352029445766866900e-02
-2.390641778060654143e+00 1.352029445766866900e-02
-2.376862862913330599e+00 1.352029445766866900e-02
-2.363083947766007054e+00 1.352029445766866900e-02
-2.349305032618683509e+00 1.352029445766866900e-02
-2.335526117471359964e+00 1.352029445766866900e-02
-2.321747202324035975e+00 1.352029445766866900e-02
-2.307968287176712430e+00 1.352029445766866900e-02
-2.294189372029388885e+00 1.352029445766866900e-02
-2.280410456882064896e+00 1.352029445766866900e-02
-2.266631541734740907e+00 1.352029445766866900e-02
-2.252852626587417806e+00 1.352029445766866900e-02
-2.239073711440094261e+00 1.352029445766866900e-02
-2.225294796292770716e+00 1.352029445766866900e-02
-2.211515881145446727e+00 1.352029445766866900e-02
-2.197736965998123182e+00 1.352029445766866900e-02
-2.183958050850799193e+00 1.352029445766866900e-02
-2.170179135703475648e+00 1.352029445766866900e-02
-2.156400220556151659e+00 1.352029445766866900e-02
-2.142621305408828114e+00 1.352029445766866900e-02
-2.128842390261505013e+00 1.352029445766866900e-02
-2.115063475114181468e+00 1.352029445766866900e-02
-2.101284559966857923e+00 1.352029445766866900e-02
-2.087505644819533490e+00 1.352029445766866900e-02
-2.073726729672209945e+00 1.352029445766866900e-02
-2.059947814524886400e+00 1.352029445766866900e-02
-2.046168899377562855e+00 1.352029445766866900e-02
-2.032389984230239310e+00 1.352029445766866900e-02
-2.018611069082915765e+00 1.352029445766866900e-02
-2.004832153935591776e+00 1.352029445766866900e-02
-1.991053238788268454e+00 1.352029445766866900e-02
-1.977274323640944909e+00 1.352029445766866900e-02
-1.963495408493620475e+00 1.352029445766866900e-02
-1.949716493346296931e+00 1.352029445766866900e-02
-1.935937578198973386e+00 1.352029445766866900e-02
-1.922158663051649841e+00 1.352029445766866900e-02
-1.908379747904326296e+00 1.352029445766866900e-02
-1.894600832757002751e+00 1.352029445766866900e-02
-1.880821917609679206e+00 1.352029445766866900e-02
-1.867043002462355661e+00 1.352029445766866900e-02
-1.853264087315031228e+00 1.352029445766866900e-02
-1.839485172167707683e+00 1.352029445766866900e-02
-1.825706257020384138e+00 1.352029445766866900e-02
-1.811927341873060593e+00 1.352029445766866900e-02
-1.798148426725737048e+00 1.352029445766866900e-02
-1.784369511578413503e+00 1.352029445766866900e-02
-1.770590596431089958e+00 1.352029445766866900e-02
-1.756811681283766413e+00 1.352029445766866900e-02
-1.743032766136442868e+00 1.352029445766866900e-02
-1.729253850989118435e+00 1.352029445766866900e-02
-1.715474935841794890e+00 1.352029445766866900e-02
-1.701696020694471345e+00 1.352029445766866900e-02
-1.687917105547147800e+00 1.352029445766866900e-02
-1.674138190399824255e+00 1.352029445766866900e-02
-1.660359275252500710e+00 1.352029445766866900e-02
-1.646580360105177165e+00 1.352029445766866900e-02
-1.632801444957852732e+00 1.352029445766866900e-02
-1.619022529810529187e+00 1.352029445766866900e-02
-1.605243614663205642e+00 1.352029445766866900e-02
-1.591464699515882097e+00 1.352029445766866900e-02
-1.577685784368558553e+00 1.352029445766866900e-02
-1.563906869221235008e+00 1.352029445766866900e-02
-1.550127954073911463e+00 1.352029445766866900e-02
-1.536349038926587918e+00 1.352029445766866900e-02
-1.522570123779264373e+00 1.352029445766866900e-02
-1.508791208631939940e+00 1.352029445766866900e-02
-1.495012293484616395e+00 1.352029445766866900e-02
-1.481233378337292850e+00 1.352029445766866900e-02
-1.467454463189969305e+00 1.352029445766866900e-02
-1.453675548042645760e+00 1.352029445766866900e-02
-1.439896632895322215e+00 1.352029445766866900e-02
-1.426117717747998670e+00 1.352029445766866900e-02
-1.412338802600674237e+00 1.352029445766866900e-02
-1.398559887453350692e+00 1.352029445766866900e-02
-1.384780972306027147e+00 1.352029445766866900e-02
-1.371002057158703602e+00 1.352029445766866900e-02
-1.357223142011380057e+00 1.352029445766866900e-02
-1.343444226864056512e+00 1.352029445766866900e-02
-1.329665311716732967e+00 1.352029445766866900e-02
-1.315886396569409422e+00 1.352029445766866900e-02
-1.302107481422085877e+00 1.352029445766866900e-02
-1.288328566274761444e+00 1.352029445766866900e-02
-1.274549651127437899e+00 1.352029445766866900e-02
-1.260770735980114354e+00 1.352029445766866900e-02
-1.246991820832790809e+00 1.352029445766866900e-02
-1.233212905685467264e+00 1.352029445766866900e-02
-1.219433990538143719e+00 1.352029445766866900e-02
-1.205655075390820175e+00 1.352029445766866900e-02
-1.191876160243495741e+00 1.352029445766866900e-02
-1.178097245096172196e+00 1.352029445766866900e-02
-1.164318329948848652e+00 1.352029445766866900e-02
-1.150539414801525107e+00 1.352029445766866900e-02
-1.136760499654201562e+00 1.352029445766866900e-02
-1.122981584506878017e+00 1.352029445766866900e-02
-1.109202669359554472e+00 1.352029445766866900e-02
-1.095423754212230927e+00 1.352029445766866900e-02
-1.081644839064907382e+00 1.352029445766866900e-02
-1.067865923917582949e+00 1.352029445766866900e-02
-1.054087008770259404e+00 1.352029445766866900e-02
-1.040308093622935859e+00 1.352029445766866900e-02
-1.026529178475612314e+00 1.352029445766866900e-02
-1.012750263328288769e+00 1.352029445766866900e-02
-9.989713481809653350e-01 1.352029445766866900e-02
-9.851924330336416791e-01 1.352029445766866900e-02
-9.714135178863181341e-01 1.352029445766866900e-02
-9.576346027389938120e-01 1.352029445766866900e-02
-9.438556875916701561e-01 1.352029445766866900e-02
-9.300767724443466111e-01 1.352029445766866900e-02
-9.162978572970230662e-01 1.352029445766866900e-02
-9.025189421496995212e-01 1.352029445766866900e-02
-8.887400270023759763e-01 1.352029445766866900e-02
-8.749611118550524314e-01 1.352029445766866900e-02
-8.611821967077288864e-01 1.352029445766866900e-02
-8.474032815604054525e-01 1.352029445766866900e-02
-8.336243664130809083e-01 1.352029445766866900e-02
-8.198454512657573634e-01 1.352029445766866900e-02
-8.060665361184338185e-01 1.352029445766866900e-02
-7.922876209711102735e-01 1.352029445766866900e-02
-7.785087058237867286e-01 1.352029445766866900e-02
-7.647297906764632947e-01 1.352029445766866900e-02
-7.509508755291396387e-01 1.352029445766866900e-02
-7.371719603818152056e-01 1.352029445766866900e-02
-7.233930452344916606e-01 1.352029445766866900e-02
-7.096141300871681157e-01 1.352029445766866900e-02
-6.958352149398446818e-01 1.352029445766866900e-02
-6.820562997925210258e-01 1.352029445766866900e-02
-6.682773846451974809e-01 1.352029445766866900e-02
-6.544984694978739359e-01 1.352029445766866900e-02
-6.407195543505503910e-01 1.352029445766866900e-02
-6.269406392032268460e-01 1.352029445766866900e-02
-6.131617240559024129e-01 1.352029445766866900e-02
-5.993828089085788680e-01 1.352029445766866900e-02
-5.856038937612553230e-01 1.352029445766866900e-02
-5.718249786139317781e-01 1.352029445766866900e-02
-5.580460634666082331e-01 1.352029445766866900e-02
-5.442671483192846882e-01 1.352029445766866900e-02
-5.304882331719611432e-01 1.352029445766866900e-02
-5.167093180246367101e-01 1.352029445766866900e-02
-5.029304028773131652e-01 1.352029445766866900e-02
-4.891514877299896757e-01 1.352029445766866900e-02
-4.753725725826661308e-01 1.352029445766866900e-02
-4.615936574353425303e-01 1.352029445766866900e-02
-4.478147422880189854e-01 1.352029445766866900e-02
-4.340358271406954405e-01 1.352029445766866900e-02
-4.202569119933719510e-01 1.352029445766866900e-02
-4.064779968460483506e-01 1.352029445766866900e-02
-3.926990816987239175e-01 1.352029445766866900e-02
-3.789201665514004280e-01 1.352029445766866900e-02
-3.651412514040768276e-01 1.352029445766866900e-02
-3.513623362567533381e-01 1.352029445766866900e-02
-3.375834211094297932e-01 1.352029445766866900e-02
-3.238045059621062483e-01 1.352029445766866900e-02
-3.100255908147826478e-01 1.352029445766866900e-02
-2.962466756674582702e-01 1.352029445766866900e-02
-2.824677605201346697e-01 1.352029445766866900e-02
-2.686888453728111248e-01 1.352029445766866900e-02
-2.549099302254875243e-01 1.352029445766866900e-02
-2.411310150781640627e-01 1.352029445766866900e-02
-2.273520999308405177e-01 1.352029445766866900e-02
-2.135731847835169728e-01 1.352029445766866900e-02
-1.997942696361934278e-01 1.352029445766866900e-02
-1.860153544888698551e-01 1.352029445766866900e-02
-1.722364393415454498e-01 1.352029445766866900e-02
-1.584575241942219326e-01 1.352029445766866900e-02
-1.446786090468983599e-01 1.352029445766866900e-02
-1.308996938995748149e-01 1.352029445766866900e-02
-1.171207787522512561e-01 1.352029445766866900e-02
-1.033418636049277251e-01 1.352029445766866900e-02
-8.956294845760416623e-02 1.352029445766866900e-02
-7.578403331028064904e-02 1.352029445766866900e-02
-6.200511816295618817e-02 1.352029445766866900e-02
-4.822620301563265016e-02 1.352029445766866900e-02
-3.444728786830910522e-02 1.352029445766866900e-02
-2.066837272098556721e-02 1.352029445766866900e-02
-6.889457573662017068e-03 1.352029445766866900e-02
