# Cls = PFC
# Exp = WEST
# Name = DivUpV3
8.000000000000000000e+00 4.560000000000000000e+02
1.940255148972423349e+00 6.400599999999999623e-01
1.955920505442386270e+00 6.012300000000000422e-01
2.193063686624034503e+00 6.970100000000000184e-01
2.194472200950834839e+00 6.974790000000000711e-01
2.224787647063197760e+00 7.097269999999999968e-01
2.227692177624637448e+00 7.114080000000000403e-01
2.372098356384068740e+00 7.697690000000000365e-01
2.356570853318228131e+00 8.082580000000000320e-01
6.889457573661827115e-03 1.346468224529038214e-02
2.066837272098548742e-02 1.346468224529038388e-02
3.444728786830913297e-02 1.346468224529038735e-02
4.822620301563278894e-02 1.346468224529039082e-02
6.200511816295642409e-02 1.346468224529038388e-02
7.578403331028009393e-02 1.346468224529037694e-02
8.956294845760374990e-02 1.346468224529037694e-02
1.033418636049274059e-01 1.346468224529037694e-02
1.171207787522510618e-01 1.346468224529037694e-02
1.308996938995747039e-01 1.346468224529039082e-02
1.446786090468983599e-01 1.346468224529040469e-02
1.584575241942220714e-01 1.346468224529040469e-02
1.722364393415456718e-01 1.346468224529040469e-02
1.860153544888693278e-01 1.346468224529040469e-02
1.997942696361929282e-01 1.346468224529040469e-02
2.135731847835166397e-01 1.346468224529040469e-02
2.273520999308402402e-01 1.346468224529040469e-02
2.411310150781639516e-01 1.346468224529040469e-02
2.549099302254874688e-01 1.346468224529040469e-02
2.686888453728112358e-01 1.346468224529040469e-02
2.824677605201348918e-01 1.346468224529040469e-02
2.962466756674585477e-01 1.346468224529040469e-02
3.100255908147822037e-01 1.346468224529040469e-02
3.238045059621058597e-01 1.346468224529040469e-02
3.375834211094295156e-01 1.346468224529040469e-02
3.513623362567531716e-01 1.346468224529040469e-02
3.651412514040768276e-01 1.346468224529040469e-02
3.789201665514004835e-01 1.346468224529040469e-02
3.926990816987241950e-01 1.346468224529040469e-02
4.064779968460477955e-01 1.346468224529040469e-02
4.202569119933714514e-01 1.346468224529040469e-02
4.340358271406951074e-01 1.346468224529040469e-02
4.478147422880187634e-01 1.346468224529040469e-02
4.615936574353424193e-01 1.346468224529040469e-02
4.753725725826660753e-01 1.346468224529040469e-02
4.891514877299897313e-01 1.346468224529040469e-02
5.029304028773133872e-01 1.346468224529029367e-02
5.167093180246369322e-01 1.346468224529018265e-02
5.304882331719606992e-01 1.346468224529018265e-02
5.442671483192842441e-01 1.346468224529018265e-02
5.580460634666080111e-01 1.346468224529018265e-02
5.718249786139315560e-01 1.346468224529018265e-02
5.856038937612553230e-01 1.346468224529018265e-02
5.993828089085788680e-01 1.346468224529018265e-02
6.131617240559026349e-01 1.346468224529018265e-02
6.269406392032261799e-01 1.346468224529018265e-02
6.407195543505499469e-01 1.346468224529018265e-02
6.544984694978734918e-01 1.346468224529018265e-02
6.682773846451973698e-01 1.346468224529018265e-02
6.820562997925208037e-01 1.346468224529018265e-02
6.958352149398445707e-01 1.346468224529018265e-02
7.096141300871681157e-01 1.346468224529018265e-02
7.233930452344918827e-01 1.346468224529018265e-02
7.371719603818154276e-01 1.346468224529018265e-02
7.509508755291391946e-01 1.346468224529018265e-02
7.647297906764627395e-01 1.346468224529018265e-02
7.785087058237865065e-01 1.346468224529018265e-02
7.922876209711100515e-01 1.346468224529018265e-02
8.060665361184338185e-01 1.346468224529018265e-02
8.198454512657573634e-01 1.346468224529018265e-02
8.336243664130811304e-01 1.346468224529018265e-02
8.474032815604045643e-01 1.346468224529018265e-02
8.611821967077283313e-01 1.346468224529018265e-02
8.749611118550519873e-01 1.346468224529018265e-02
8.887400270023757543e-01 1.346468224529018265e-02
9.025189421496992992e-01 1.346468224529018265e-02
9.162978572970230662e-01 1.346468224529018265e-02
9.300767724443466111e-01 1.346468224529018265e-02
9.438556875916703781e-01 1.346468224529018265e-02
9.576346027389939231e-01 1.346468224529018265e-02
9.714135178863175790e-01 1.346468224529018265e-02
9.851924330336412350e-01 1.346468224529018265e-02
9.989713481809651130e-01 1.346468224529029367e-02
1.012750263328288547e+00 1.346468224529040469e-02
1.026529178475612092e+00 1.346468224529040469e-02
1.040308093622935859e+00 1.346468224529040469e-02
1.054087008770259626e+00 1.346468224529040469e-02
1.067865923917583171e+00 1.346468224529040469e-02
1.081644839064906716e+00 1.346468224529040469e-02
1.095423754212230483e+00 1.346468224529040469e-02
1.109202669359554250e+00 1.346468224529040469e-02
1.122981584506877795e+00 1.346468224529040469e-02
1.136760499654201340e+00 1.346468224529040469e-02
1.150539414801525107e+00 1.346468224529040469e-02
1.164318329948848874e+00 1.346468224529040469e-02
1.178097245096172418e+00 1.346468224529040469e-02
1.191876160243495963e+00 1.346468224529040469e-02
1.205655075390819730e+00 1.346468224529040469e-02
1.219433990538143497e+00 1.346468224529040469e-02
1.233212905685467042e+00 1.346468224529040469e-02
1.246991820832790587e+00 1.346468224529040469e-02
1.260770735980114354e+00 1.346468224529040469e-02
1.274549651127438121e+00 1.346468224529040469e-02
1.288328566274761666e+00 1.346468224529040469e-02
1.302107481422085211e+00 1.346468224529040469e-02
1.315886396569408978e+00 1.346468224529040469e-02
1.329665311716732745e+00 1.346468224529040469e-02
1.343444226864056290e+00 1.346468224529040469e-02
1.357223142011379835e+00 1.346468224529040469e-02
1.371002057158703602e+00 1.346468224529040469e-02
1.384780972306027369e+00 1.346468224529040469e-02
1.398559887453350914e+00 1.346468224529040469e-02
1.412338802600674459e+00 1.346468224529040469e-02
1.426117717747998226e+00 1.346468224529040469e-02
1.439896632895321993e+00 1.346468224529040469e-02
1.453675548042645538e+00 1.346468224529040469e-02
1.467454463189969083e+00 1.346468224529040469e-02
1.481233378337292850e+00 1.346468224529040469e-02
1.495012293484616617e+00 1.346468224529040469e-02
1.508791208631940162e+00 1.346468224529040469e-02
1.522570123779263707e+00 1.346468224529040469e-02
1.536349038926587474e+00 1.346468224529040469e-02
1.550127954073911241e+00 1.346468224529040469e-02
1.563906869221234786e+00 1.346468224529040469e-02
1.577685784368558330e+00 1.346468224529040469e-02
1.591464699515882097e+00 1.346468224529040469e-02
1.605243614663205864e+00 1.346468224529040469e-02
1.619022529810529409e+00 1.346468224529040469e-02
1.632801444957852954e+00 1.346468224529040469e-02
1.646580360105176721e+00 1.346468224529040469e-02
1.660359275252500488e+00 1.346468224529040469e-02
1.674138190399824033e+00 1.346468224529040469e-02
1.687917105547147578e+00 1.346468224529040469e-02
1.701696020694471345e+00 1.346468224529040469e-02
1.715474935841795112e+00 1.346468224529040469e-02
1.729253850989118657e+00 1.346468224529040469e-02
1.743032766136442202e+00 1.346468224529040469e-02
1.756811681283765969e+00 1.346468224529040469e-02
1.770590596431089514e+00 1.346468224529040469e-02
1.784369511578413281e+00 1.346468224529040469e-02
1.798148426725736826e+00 1.346468224529040469e-02
1.811927341873060371e+00 1.346468224529040469e-02
1.825706257020384138e+00 1.346468224529040469e-02
1.839485172167707905e+00 1.346468224529040469e-02
1.853264087315031450e+00 1.346468224529040469e-02
1.867043002462354995e+00 1.346468224529040469e-02
1.880821917609678762e+00 1.346468224529040469e-02
1.894600832757002529e+00 1.346468224529040469e-02
1.908379747904326074e+00 1.346468224529040469e-02
1.922158663051649619e+00 1.346468224529040469e-02
1.935937578198973386e+00 1.346468224529040469e-02
1.949716493346297153e+00 1.346468224529040469e-02
1.963495408493620697e+00 1.346468224529040469e-02
1.977274323640944242e+00 1.346468224529040469e-02
1.991053238788268009e+00 1.346468224529040469e-02
2.004832153935591776e+00 1.346468224529040469e-02
2.018611069082915321e+00 1.346468224529040469e-02
2.032389984230238866e+00 1.346468224529040469e-02
2.046168899377562411e+00 1.346468224529040469e-02
2.059947814524886400e+00 1.346468224529040469e-02
2.073726729672209945e+00 1.346468224529040469e-02
2.087505644819533490e+00 1.346468224529040469e-02
2.101284559966857479e+00 1.346468224529040469e-02
2.115063475114181024e+00 1.346468224529040469e-02
2.128842390261504569e+00 1.346468224529040469e-02
2.142621305408828114e+00 1.346468224529040469e-02
2.156400220556151659e+00 1.346468224529040469e-02
2.170179135703475648e+00 1.346468224529040469e-02
2.183958050850799193e+00 1.346468224529040469e-02
2.197736965998122738e+00 1.346468224529040469e-02
2.211515881145446727e+00 1.346468224529040469e-02
2.225294796292770272e+00 1.346468224529040469e-02
2.239073711440093817e+00 1.346468224529040469e-02
2.252852626587417362e+00 1.346468224529040469e-02
2.266631541734740907e+00 1.346468224529040469e-02
2.280410456882064896e+00 1.346468224529040469e-02
2.294189372029388441e+00 1.346468224529040469e-02
2.307968287176711986e+00 1.346468224529040469e-02
2.321747202324035975e+00 1.346468224529040469e-02
2.335526117471359520e+00 1.346468224529040469e-02
2.349305032618683065e+00 1.346468224529040469e-02
2.363083947766006609e+00 1.346468224529040469e-02
2.376862862913330154e+00 1.346468224529040469e-02
2.390641778060654143e+00 1.346468224529040469e-02
2.404420693207977688e+00 1.346468224529040469e-02
2.418199608355301233e+00 1.346468224529040469e-02
2.431978523502625222e+00 1.346468224529040469e-02
2.445757438649948767e+00 1.346468224529040469e-02
2.459536353797272312e+00 1.346468224529040469e-02
2.473315268944595857e+00 1.346468224529040469e-02
2.487094184091919402e+00 1.346468224529040469e-02
2.500873099239243391e+00 1.346468224529040469e-02
2.514652014386566936e+00 1.346468224529040469e-02
2.528430929533890481e+00 1.346468224529040469e-02
2.542209844681214470e+00 1.346468224529040469e-02
2.555988759828538015e+00 1.346468224529040469e-02
2.569767674975861560e+00 1.346468224529040469e-02
2.583546590123185105e+00 1.346468224529040469e-02
2.597325505270508650e+00 1.346468224529040469e-02
2.611104420417832639e+00 1.346468224529040469e-02
2.624883335565156184e+00 1.346468224529040469e-02
2.638662250712479729e+00 1.346468224529040469e-02
2.652441165859803274e+00 1.346468224529040469e-02
2.666220081007127263e+00 1.346468224529040469e-02
2.679998996154450808e+00 1.346468224529040469e-02
2.693777911301774353e+00 1.346468224529040469e-02
2.707556826449097898e+00 1.346468224529040469e-02
2.721335741596421443e+00 1.346468224529040469e-02
2.735114656743745432e+00 1.346468224529040469e-02
2.748893571891068976e+00 1.346468224529040469e-02
2.762672487038392521e+00 1.346468224529040469e-02
2.776451402185716510e+00 1.346468224529040469e-02
2.790230317333040055e+00 1.346468224529040469e-02
2.804009232480363600e+00 1.346468224529040469e-02
2.817788147627687145e+00 1.346468224529040469e-02
2.831567062775010690e+00 1.346468224529040469e-02
2.845345977922334679e+00 1.346468224529040469e-02
2.859124893069658224e+00 1.346468224529040469e-02
2.872903808216981769e+00 1.346468224529040469e-02
2.886682723364305758e+00 1.346468224529040469e-02
2.900461638511629303e+00 1.346468224529040469e-02
2.914240553658952848e+00 1.346468224529040469e-02
2.928019468806276393e+00 1.346468224529040469e-02
2.941798383953599938e+00 1.346468224529040469e-02
2.955577299100923927e+00 1.346468224529040469e-02
2.969356214248247472e+00 1.346468224529040469e-02
2.983135129395571017e+00 1.346468224529040469e-02
2.996914044542895006e+00 1.346468224529040469e-02
3.010692959690218551e+00 1.346468224529040469e-02
3.024471874837542096e+00 1.346468224529040469e-02
3.038250789984865641e+00 1.346468224529040469e-02
3.052029705132189186e+00 1.346468224529040469e-02
3.065808620279513175e+00 1.346468224529040469e-02
3.079587535426836720e+00 1.346468224529040469e-02
3.093366450574160265e+00 1.346468224529040469e-02
3.107145365721484254e+00 1.346468224529040469e-02
3.120924280868807799e+00 1.346468224529040469e-02
3.134703196016131344e+00 1.346468224529040469e-02
-3.134703196016131788e+00 1.346468224529040469e-02
-3.120924280868808243e+00 1.346468224529040469e-02
-3.107145365721484254e+00 1.346468224529040469e-02
-3.093366450574160709e+00 1.346468224529040469e-02
-3.079587535426837164e+00 1.346468224529040469e-02
-3.065808620279513175e+00 1.346468224529040469e-02
-3.052029705132189630e+00 1.346468224529040469e-02
-3.038250789984866085e+00 1.346468224529040469e-02
-3.024471874837542540e+00 1.346468224529040469e-02
-3.010692959690218995e+00 1.346468224529040469e-02
-2.996914044542895006e+00 1.346468224529040469e-02
-2.983135129395571461e+00 1.346468224529040469e-02
-2.969356214248247916e+00 1.346468224529040469e-02
-2.955577299100923927e+00 1.346468224529040469e-02
-2.941798383953600382e+00 1.346468224529040469e-02
-2.928019468806276837e+00 1.346468224529040469e-02
-2.914240553658953292e+00 1.346468224529040469e-02
-2.900461638511629747e+00 1.346468224529040469e-02
-2.886682723364305758e+00 1.346468224529040469e-02
-2.872903808216981769e+00 1.346468224529040469e-02
-2.859124893069658668e+00 1.346468224529040469e-02
-2.845345977922334679e+00 1.346468224529040469e-02
-2.831567062775011134e+00 1.346468224529040469e-02
-2.817788147627687145e+00 1.346468224529040469e-02
-2.804009232480364044e+00 1.346468224529040469e-02
-2.790230317333040055e+00 1.346468224529040469e-02
-2.776451402185716510e+00 1.346468224529040469e-02
-2.762672487038392966e+00 1.346468224529040469e-02
-2.748893571891069421e+00 1.346468224529040469e-02
-2.735114656743745876e+00 1.346468224529040469e-02
-2.721335741596421443e+00 1.346468224529040469e-02
-2.707556826449098342e+00 1.346468224529040469e-02
-2.693777911301774797e+00 1.346468224529040469e-02
-2.679998996154451252e+00 1.346468224529040469e-02
-2.666220081007127707e+00 1.346468224529040469e-02
-2.652441165859803274e+00 1.346468224529040469e-02
-2.638662250712480173e+00 1.346468224529040469e-02
-2.624883335565156628e+00 1.346468224529040469e-02
-2.611104420417832195e+00 1.346468224529040469e-02
-2.597325505270509094e+00 1.346468224529040469e-02
-2.583546590123185549e+00 1.346468224529040469e-02
-2.569767674975861560e+00 1.346468224529040469e-02
-2.555988759828538459e+00 1.346468224529040469e-02
-2.542209844681214026e+00 1.346468224529040469e-02
-2.528430929533890925e+00 1.346468224529040469e-02
-2.514652014386567380e+00 1.346468224529040469e-02
-2.500873099239243391e+00 1.346468224529040469e-02
-2.487094184091919846e+00 1.346468224529040469e-02
-2.473315268944595857e+00 1.346468224529040469e-02
-2.459536353797272756e+00 1.346468224529040469e-02
-2.445757438649949211e+00 1.346468224529040469e-02
-2.431978523502625222e+00 1.346468224529040469e-02
-2.418199608355301677e+00 1.346468224529040469e-02
-2.404420693207978132e+00 1.346468224529040469e-02
-2.390641778060654143e+00 1.346468224529040469e-02
-2.376862862913330599e+00 1.346468224529040469e-02
-2.363083947766007054e+00 1.346468224529040469e-02
-2.349305032618683509e+00 1.346468224529040469e-02
-2.335526117471359964e+00 1.346468224529040469e-02
-2.321747202324035975e+00 1.346468224529040469e-02
-2.307968287176712430e+00 1.346468224529040469e-02
-2.294189372029388885e+00 1.346468224529040469e-02
-2.280410456882064896e+00 1.346468224529040469e-02
-2.266631541734740907e+00 1.346468224529040469e-02
-2.252852626587417806e+00 1.346468224529040469e-02
-2.239073711440094261e+00 1.346468224529040469e-02
-2.225294796292770716e+00 1.346468224529040469e-02
-2.211515881145446727e+00 1.346468224529040469e-02
-2.197736965998123182e+00 1.346468224529040469e-02
-2.183958050850799193e+00 1.346468224529040469e-02
-2.170179135703475648e+00 1.346468224529040469e-02
-2.156400220556151659e+00 1.346468224529040469e-02
-2.142621305408828114e+00 1.346468224529040469e-02
-2.128842390261505013e+00 1.346468224529040469e-02
-2.115063475114181468e+00 1.346468224529040469e-02
-2.101284559966857923e+00 1.346468224529040469e-02
-2.087505644819533490e+00 1.346468224529040469e-02
-2.073726729672209945e+00 1.346468224529040469e-02
-2.059947814524886400e+00 1.346468224529040469e-02
-2.046168899377562855e+00 1.346468224529040469e-02
-2.032389984230239310e+00 1.346468224529040469e-02
-2.018611069082915765e+00 1.346468224529040469e-02
-2.004832153935591776e+00 1.346468224529040469e-02
-1.991053238788268454e+00 1.346468224529040469e-02
-1.977274323640944909e+00 1.346468224529040469e-02
-1.963495408493620475e+00 1.346468224529040469e-02
-1.949716493346296931e+00 1.346468224529040469e-02
-1.935937578198973386e+00 1.346468224529040469e-02
-1.922158663051649841e+00 1.346468224529040469e-02
-1.908379747904326296e+00 1.346468224529040469e-02
-1.894600832757002751e+00 1.346468224529040469e-02
-1.880821917609679206e+00 1.346468224529040469e-02
-1.867043002462355661e+00 1.346468224529040469e-02
-1.853264087315031228e+00 1.346468224529040469e-02
-1.839485172167707683e+00 1.346468224529040469e-02
-1.825706257020384138e+00 1.346468224529040469e-02
-1.811927341873060593e+00 1.346468224529040469e-02
-1.798148426725737048e+00 1.346468224529040469e-02
-1.784369511578413503e+00 1.346468224529040469e-02
-1.770590596431089958e+00 1.346468224529040469e-02
-1.756811681283766413e+00 1.346468224529040469e-02
-1.743032766136442868e+00 1.346468224529040469e-02
-1.729253850989118435e+00 1.346468224529040469e-02
-1.715474935841794890e+00 1.346468224529040469e-02
-1.701696020694471345e+00 1.346468224529040469e-02
-1.687917105547147800e+00 1.346468224529040469e-02
-1.674138190399824255e+00 1.346468224529040469e-02
-1.660359275252500710e+00 1.346468224529040469e-02
-1.646580360105177165e+00 1.346468224529040469e-02
-1.632801444957852732e+00 1.346468224529040469e-02
-1.619022529810529187e+00 1.346468224529040469e-02
-1.605243614663205642e+00 1.346468224529040469e-02
-1.591464699515882097e+00 1.346468224529040469e-02
-1.577685784368558553e+00 1.346468224529040469e-02
-1.563906869221235008e+00 1.346468224529040469e-02
-1.550127954073911463e+00 1.346468224529040469e-02
-1.536349038926587918e+00 1.346468224529040469e-02
-1.522570123779264373e+00 1.346468224529040469e-02
-1.508791208631939940e+00 1.346468224529040469e-02
-1.495012293484616395e+00 1.346468224529040469e-02
-1.481233378337292850e+00 1.346468224529040469e-02
-1.467454463189969305e+00 1.346468224529040469e-02
-1.453675548042645760e+00 1.346468224529040469e-02
-1.439896632895322215e+00 1.346468224529040469e-02
-1.426117717747998670e+00 1.346468224529040469e-02
-1.412338802600674237e+00 1.346468224529040469e-02
-1.398559887453350692e+00 1.346468224529040469e-02
-1.384780972306027147e+00 1.346468224529040469e-02
-1.371002057158703602e+00 1.346468224529040469e-02
-1.357223142011380057e+00 1.346468224529040469e-02
-1.343444226864056512e+00 1.346468224529040469e-02
-1.329665311716732967e+00 1.346468224529040469e-02
-1.315886396569409422e+00 1.346468224529040469e-02
-1.302107481422085877e+00 1.346468224529040469e-02
-1.288328566274761444e+00 1.346468224529040469e-02
-1.274549651127437899e+00 1.346468224529040469e-02
-1.260770735980114354e+00 1.346468224529040469e-02
-1.246991820832790809e+00 1.346468224529040469e-02
-1.233212905685467264e+00 1.346468224529040469e-02
-1.219433990538143719e+00 1.346468224529040469e-02
-1.205655075390820175e+00 1.346468224529040469e-02
-1.191876160243495741e+00 1.346468224529040469e-02
-1.178097245096172196e+00 1.346468224529040469e-02
-1.164318329948848652e+00 1.346468224529040469e-02
-1.150539414801525107e+00 1.346468224529040469e-02
-1.136760499654201562e+00 1.346468224529040469e-02
-1.122981584506878017e+00 1.346468224529040469e-02
-1.109202669359554472e+00 1.346468224529040469e-02
-1.095423754212230927e+00 1.346468224529040469e-02
-1.081644839064907382e+00 1.346468224529040469e-02
-1.067865923917582949e+00 1.346468224529040469e-02
-1.054087008770259404e+00 1.346468224529040469e-02
-1.040308093622935859e+00 1.346468224529040469e-02
-1.026529178475612314e+00 1.346468224529040469e-02
-1.012750263328288769e+00 1.346468224529040469e-02
-9.989713481809653350e-01 1.346468224529040469e-02
-9.851924330336416791e-01 1.346468224529040469e-02
-9.714135178863181341e-01 1.346468224529040469e-02
-9.576346027389938120e-01 1.346468224529040469e-02
-9.438556875916701561e-01 1.346468224529040469e-02
-9.300767724443466111e-01 1.346468224529040469e-02
-9.162978572970230662e-01 1.346468224529040469e-02
-9.025189421496995212e-01 1.346468224529040469e-02
-8.887400270023759763e-01 1.346468224529040469e-02
-8.749611118550524314e-01 1.346468224529040469e-02
-8.611821967077288864e-01 1.346468224529040469e-02
-8.474032815604054525e-01 1.346468224529040469e-02
-8.336243664130809083e-01 1.346468224529040469e-02
-8.198454512657573634e-01 1.346468224529040469e-02
-8.060665361184338185e-01 1.346468224529040469e-02
-7.922876209711102735e-01 1.346468224529040469e-02
-7.785087058237867286e-01 1.346468224529040469e-02
-7.647297906764632947e-01 1.346468224529040469e-02
-7.509508755291396387e-01 1.346468224529040469e-02
-7.371719603818152056e-01 1.346468224529040469e-02
-7.233930452344916606e-01 1.346468224529040469e-02
-7.096141300871681157e-01 1.346468224529040469e-02
-6.958352149398446818e-01 1.346468224529040469e-02
-6.820562997925210258e-01 1.346468224529040469e-02
-6.682773846451974809e-01 1.346468224529040469e-02
-6.544984694978739359e-01 1.346468224529040469e-02
-6.407195543505503910e-01 1.346468224529040469e-02
-6.269406392032268460e-01 1.346468224529040469e-02
-6.131617240559024129e-01 1.346468224529040469e-02
-5.993828089085788680e-01 1.346468224529040469e-02
-5.856038937612553230e-01 1.346468224529040469e-02
-5.718249786139317781e-01 1.346468224529040469e-02
-5.580460634666082331e-01 1.346468224529040469e-02
-5.442671483192846882e-01 1.346468224529040469e-02
-5.304882331719611432e-01 1.346468224529040469e-02
-5.167093180246367101e-01 1.346468224529040469e-02
-5.029304028773131652e-01 1.346468224529040469e-02
-4.891514877299896757e-01 1.346468224529040469e-02
-4.753725725826661308e-01 1.346468224529040469e-02
-4.615936574353425303e-01 1.346468224529040469e-02
-4.478147422880189854e-01 1.346468224529040469e-02
-4.340358271406954405e-01 1.346468224529040469e-02
-4.202569119933719510e-01 1.346468224529040469e-02
-4.064779968460483506e-01 1.346468224529040469e-02
-3.926990816987239175e-01 1.346468224529040469e-02
-3.789201665514004280e-01 1.346468224529040469e-02
-3.651412514040768276e-01 1.346468224529040469e-02
-3.513623362567533381e-01 1.346468224529040469e-02
-3.375834211094297932e-01 1.346468224529040469e-02
-3.238045059621062483e-01 1.346468224529040469e-02
-3.100255908147826478e-01 1.346468224529040469e-02
-2.962466756674582702e-01 1.346468224529040469e-02
-2.824677605201346697e-01 1.346468224529040469e-02
-2.686888453728111248e-01 1.346468224529040469e-02
-2.549099302254875243e-01 1.346468224529040469e-02
-2.411310150781640627e-01 1.346468224529040469e-02
-2.273520999308405177e-01 1.346468224529040469e-02
-2.135731847835169728e-01 1.346468224529040469e-02
-1.997942696361934278e-01 1.346468224529040469e-02
-1.860153544888698551e-01 1.346468224529040469e-02
-1.722364393415454498e-01 1.346468224529040469e-02
-1.584575241942219326e-01 1.346468224529040469e-02
-1.446786090468983599e-01 1.346468224529040469e-02
-1.308996938995748149e-01 1.346468224529040469e-02
-1.171207787522512561e-01 1.346468224529040469e-02
-1.033418636049277251e-01 1.346468224529040469e-02
-8.956294845760416623e-02 1.346468224529040469e-02
-7.578403331028064904e-02 1.346468224529040469e-02
-6.200511816295618817e-02 1.346468224529040469e-02
-4.822620301563265016e-02 1.346468224529040469e-02
-3.444728786830910522e-02 1.346468224529040469e-02
-2.066837272098556721e-02 1.346468224529040469e-02
-6.889457573662017068e-03 1.346468224529040469e-02
