# Cls = PFC
# Exp = WEST
# Name = ThermalShieldLFSV0
3.940000000000000000e+02 0.000000000000000000e+00
2.802274000000000154e+00 -7.890116600000000036e-01
2.805790706091293440e+00 -7.961972551922900099e-01
2.814794006091293266e+00 -7.917909451922899855e-01
2.823828231559345703e+00 -7.872411674699933970e-01
2.832809750823707340e+00 -7.825883413730533311e-01
2.841737469275202432e+00 -7.778330653123217697e-01
2.850610219359867248e+00 -7.729759221293293070e-01
2.859426836793591775e+00 -7.680175966728993719e-01
2.868186102325846143e+00 -7.629586734078204202e-01
2.876886888996261327e+00 -7.577998945554503818e-01
2.885528077748402254e+00 -7.525418631602041053e-01
2.894108568475654231e+00 -7.471853397703874800e-01
2.902627174455543191e+00 -7.417309441609176712e-01
2.911082845538447650e+00 -7.361794712879312641e-01
2.919474410587231450e+00 -7.305315676045170958e-01
2.927800822602898201e+00 -7.247880608349984710e-01
2.936060981770750811e+00 -7.189496333590625898e-01
2.944253756525721855e+00 -7.130170456322633132e-01
2.952378144382599157e+00 -7.069911623471236695e-01
2.960433069919129689e+00 -7.008726624730010624e-01
2.968417380190501387e+00 -6.946623836041488920e-01
2.976330153993918426e+00 -6.883612309679940644e-01
2.984170351024331147e+00 -6.819698793490465150e-01
2.991936869619765016e+00 -6.754892590076013725e-01
2.999628723948263520e+00 -6.689201785251456256e-01
3.007244890646922464e+00 -6.622635276366207746e-01
3.014784374491962904e+00 -6.555201622323856281e-01
3.022246231176034303e+00 -6.486909921807029189e-01
3.029629491560263510e+00 -6.417768801236943821e-01
3.036933095559552154e+00 -6.347786768442200689e-01
3.044156171171139125e+00 -6.276974667418562248e-01
3.051297782046010543e+00 -6.205340023406004102e-01
3.058356940253385670e+00 -6.132892989029053998e-01
3.065332677931503991e+00 -6.059642731290197926e-01
3.072224179354538176e+00 -5.985599868901714249e-01
3.079030556448889122e+00 -5.910772825760228777e-01
3.085750805281778142e+00 -5.835171311254441218e-01
3.092384160352119604e+00 -5.758807091045770044e-01
3.098929659053811569e+00 -5.681687353446820410e-01
3.105386525179764323e+00 -5.603825216061681935e-01
3.111753884784299373e+00 -5.525228197847924516e-01
3.118030823063993040e+00 -5.445907760243389184e-01
3.124216589158332447e+00 -5.365875063832266090e-01
3.130310434200735514e+00 -5.285139574247267324e-01
3.136311478589509427e+00 -5.203711704442969266e-01
3.142218951630390666e+00 -5.121602898986044039e-01
3.148032088557360275e+00 -5.038823280651599790e-01
3.153750148988289315e+00 -4.955384120445180396e-01
3.159372362673845913e+00 -4.871295990507295559e-01
3.164897997525735640e+00 -4.786570160087789128e-01
3.170326284959260832e+00 -4.701217140631539504e-01
3.175656550134767553e+00 -4.615249199227503540e-01
3.180888127390907538e+00 -4.528677010792414026e-01
3.186020318623153269e+00 -4.441511636646233163e-01
3.191052419111056526e+00 -4.353764441270118191e-01
3.195983788514905832e+00 -4.265447726158742014e-01
3.200813766852395492e+00 -4.176572082937672903e-01
3.205541716209661551e+00 -4.087149688897427358e-01
3.210167033395261882e+00 -3.997192314619871234e-01
3.214689120249032417e+00 -3.906711528714703618e-01
3.219107442028826149e+00 -3.815719840050081357e-01
3.223421293973804058e+00 -3.724226975477775703e-01
3.227630215206969577e+00 -3.632248408748673385e-01
3.231733635586712783e+00 -3.539792973598573922e-01
3.235730913744598869e+00 -3.446873820185946125e-01
3.239621668512168373e+00 -3.353504755676954829e-01
3.243405310999575963e+00 -3.259695361927208990e-01
3.247081357332062268e+00 -3.165459750468351263e-01
3.250649334349279496e+00 -3.070809466503801599e-01
3.254108814756939694e+00 -2.975757536135210102e-01
3.257459322915510658e+00 -2.880315808556184187e-01
3.260700361106664502e+00 -2.784496273715290626e-01
3.263831499153452054e+00 -2.688312489013715001e-01
3.266852418539333058e+00 -2.591777264700552141e-01
3.269762739051778055e+00 -2.494902822860805003e-01
3.272561983798710106e+00 -2.397700854440557028e-01
3.275249809313487859e+00 -2.300185205769491315e-01
3.277825833124718979e+00 -2.202368261905950364e-01
3.280289819405136864e+00 -2.104263795725421771e-01
3.282641405178732263e+00 -2.005883193239832163e-01
3.284880270770917488e+00 -1.907240118353225322e-01
3.287006033715825115e+00 -1.808346355795744653e-01
3.289018542901815501e+00 -1.709217259908668018e-01
3.290917532725427197e+00 -1.609864075488009472e-01
3.292702701691941236e+00 -1.510299713362104612e-01
3.294373835445906895e+00 -1.410537731153110041e-01
3.295930646063872871e+00 -1.310590491644746947e-01
3.297373097675879716e+00 -1.210473318150124822e-01
3.298700837211911985e+00 -1.110195866731515241e-01
3.299913729868846790e+00 -1.009773615288734327e-01
3.301011677408602907e+00 -9.092196770874307055e-02
3.301994489034363767e+00 -8.085462108954487304e-02
3.302861962871016299e+00 -7.077663145665054334e-02
3.303614179034176868e+00 -6.068954234386807894e-02
3.304250863099908120e+00 -5.059434579842601171e-02
3.304771997049879229e+00 -4.049259201318753526e-02
3.305177486129414088e+00 -3.038550936235168143e-02
3.305467326955411345e+00 -2.027449070683059670e-02
3.305641520762446106e+00 -1.016084705181668699e-02
3.305699869286484294e+00 -4.573181782506317042e-05
3.305642569286484367e+00 1.006922381782506329e-02
3.305469420762446209e+00 2.018302705181668905e-02
3.305180626955411149e+00 3.029404570683059614e-02
3.304776186129414040e+00 4.040112836235168481e-02
3.304256097049879326e+00 5.050296201318753286e-02
3.303620463099908200e+00 6.059815879842601200e-02
3.302869279034176930e+00 7.068548634386807861e-02
3.302002862871016298e+00 8.076339745665053749e-02
3.301021089034363865e+00 9.083090308954487602e-02
3.299924177408602777e+00 1.008864567087430775e-01
3.298712329868846993e+00 1.109287615288734319e-01
3.297385637211911913e+00 1.209565866731515255e-01
3.295944197675879650e+00 1.309686218150124815e-01
3.294388446063872600e+00 1.409633491644746994e-01
3.292718335445907307e+00 1.509397831153110048e-01
3.290934201691940952e+00 1.608963813362104533e-01
3.289036232725427222e+00 1.708319375488009384e-01
3.287024742901815344e+00 1.807450859908668050e-01
3.284900033715825174e+00 1.906345455795744603e-01
3.282662170770917598e+00 2.004991718353225372e-01
3.280311605178732215e+00 2.103374693239832283e-01
3.277848619405137054e+00 2.201482295725421812e-01
3.275273633124718753e+00 2.299300961905950125e-01
3.272586809313487777e+00 2.396819705769491493e-01
3.269788583798710402e+00 2.494024154440556973e-01
3.266879239051777795e+00 2.590902522860805135e-01
3.263859318539333199e+00 2.687440864700552101e-01
3.260729199153451940e+00 2.783627189013715419e-01
3.257489161106664532e+00 2.879449873715290154e-01
3.254139622915510621e+00 2.974895608556184512e-01
3.250681114756939660e+00 3.069951436135209821e-01
3.247114134349279535e+00 3.164604966503801742e-01
3.243439057332062614e+00 3.258844550468351087e-01
3.239656410999575797e+00 3.352657261927209364e-01
3.235766568512168373e+00 3.446031655676954908e-01
3.231770313744598777e+00 3.538953520185945667e-01
3.227667835586712997e+00 3.631413573598574196e-01
3.223459815206969559e+00 3.723397608748673093e-01
3.219146993973803994e+00 3.814893175477775955e-01
3.214729542028825993e+00 3.905890940050081306e-01
3.210208420249032635e+00 3.996375828714703871e-01
3.205584033395261656e+00 4.086338014619870784e-01
3.200857016209661676e+00 4.175765188897427871e-01
3.196027966852395430e+00 4.264645682937672766e-01
3.191097488514905933e+00 4.352967926158741729e-01
3.186066319111056533e+00 4.440719941270118154e-01
3.180935018623153088e+00 4.527890836646233375e-01
3.175704327390907800e+00 4.614468610792413772e-01
3.170374950134767555e+00 4.700442099227503112e-01
3.164947584959260762e+00 4.785800140631539801e-01
3.159422797525735405e+00 4.870532160087788776e-01
3.153801462673845979e+00 4.954625990507295907e-01
3.148084248988289424e+00 5.038071320445181023e-01
3.142271988557360451e+00 5.120856680651599824e-01
3.136365351630390652e+00 5.202971798986043561e-01
3.130365178589509245e+00 5.284405504442969415e-01
3.124272134200735351e+00 5.365147774247267520e-01
3.118087189158332606e+00 5.445186963832265858e-01
3.111811123063993101e+00 5.524513260243388846e-01
3.105444584784299522e+00 5.603116797847924602e-01
3.098988425179764139e+00 5.680986816061682765e-01
3.092443859053811472e+00 5.758111753446819581e-01
3.085811160352119664e+00 5.834484391045769991e-01
3.079091805281778171e+00 5.910091611254441046e-01
3.072286156448889027e+00 5.984926225760229812e-01
3.065395379354538097e+00 6.058976668901713269e-01
3.058420477931504067e+00 6.132233331290198874e-01
3.051362040253385643e+00 6.204687989029054052e-01
3.044221182046010554e+00 6.276329923406003264e-01
3.036998771171139033e+00 6.347150167418562638e-01
3.029695995559552379e+00 6.417138768442200991e-01
3.022313391560263351e+00 6.486288101236943326e-01
3.014852231176034625e+00 6.554587621807029807e-01
3.007313474491962513e+00 6.622028822323855479e-01
2.999697990646922552e+00 6.688603276366208439e-01
2.992006823948263783e+00 6.754301985251456308e-01
2.984240969619764705e+00 6.819116290076012721e-01
2.976401451024331291e+00 6.883037793490464074e-01
2.968489253993918275e+00 6.946058109679941195e-01
2.960505680190501643e+00 7.008168436041488647e-01
2.952451369919129487e+00 7.069361924730011015e-01
2.944327544382599360e+00 7.129629623471236410e-01
2.936135456525721832e+00 7.188963456322633450e-01
2.927875881770750865e+00 7.247356433590625979e-01
2.919550022602897865e+00 7.304800408349984009e-01
2.911159110587231869e+00 7.361287676045171757e-01
2.902703945538447350e+00 7.416811612879312676e-01
2.894185974455543153e+00 7.471363941609175940e-01
2.885605968475654315e+00 7.524938497703874685e-01
2.876965377748402108e+00 7.577527431602041341e-01
2.868265088996261536e+00 7.629124445554503753e-01
2.859506402325846075e+00 7.679722434078204429e-01
2.850690236793592014e+00 7.729315166728993880e-01
2.841818019359866998e+00 7.777895621293292594e-01
2.832890769275202558e+00 7.825457753123218341e-01
2.823909750823707210e+00 7.871995213730532681e-01
2.814876031559345737e+00 7.917502174699934114e-01
2.805790706091293440e+00 7.961972551922900099e-01
2.802274000000000154e+00 7.890116600000000036e-01
2.811277299999999979e+00 7.846053499999999792e-01
2.820229499999999945e+00 7.800962999999999647e-01
2.829129500000000075e+00 7.754851200000000278e-01
2.837976199999999949e+00 7.707724099999999634e-01
2.846768400000000199e+00 7.659587700000000110e-01
2.855504999999999960e+00 7.610448499999999949e-01
2.864184700000000028e+00 7.560312799999999722e-01
2.872806499999999819e+00 7.509187299999999787e-01
2.881369199999999964e+00 7.457078499999999499e-01
2.889871799999999880e+00 7.403993399999999614e-01
2.898312999999999917e+00 7.349938900000000386e-01
2.906691900000000217e+00 7.294922000000000351e-01
2.915007199999999798e+00 7.238949999999999552e-01
2.923258000000000134e+00 7.182030200000000253e-01
2.931443100000000079e+00 7.124170100000000172e-01
2.939561400000000102e+00 7.065377099999999855e-01
2.947611999999999899e+00 7.005659100000000139e-01
2.955593700000000101e+00 6.945023799999999747e-01
2.963505399999999845e+00 6.883479200000000020e-01
2.971346299999999996e+00 6.821033399999999469e-01
2.979115199999999852e+00 6.757694400000000545e-01
2.986811100000000163e+00 6.693470700000000440e-01
2.994432999999999900e+00 6.628370500000000387e-01
3.001979899999999812e+00 6.562402499999999694e-01
3.009450800000000203e+00 6.495575300000000496e-01
3.016844799999999882e+00 6.427897599999999878e-01
3.024160900000000041e+00 6.359378300000000372e-01
3.031397999999999815e+00 6.290026300000000070e-01
3.038555399999999906e+00 6.219850799999999680e-01
3.045631999999999895e+00 6.148860900000000518e-01
3.052626899999999921e+00 6.077065900000000465e-01
3.059539099999999845e+00 6.004475299999999516e-01
3.066367899999999924e+00 5.931098500000000495e-01
3.073112300000000019e+00 5.856945099999999460e-01
3.079771299999999989e+00 5.782024799999999631e-01
3.086344299999999929e+00 5.706347499999999684e-01
3.092830100000000026e+00 5.629923100000000513e-01
3.099228200000000211e+00 5.552761499999999684e-01
3.105537500000000062e+00 5.474872899999999598e-01
3.111757200000000001e+00 5.396267399999999936e-01
3.117886599999999842e+00 5.316955500000000168e-01
3.123924900000000004e+00 5.236947299999999972e-01
3.129871200000000186e+00 5.156253499999999823e-01
3.135724800000000201e+00 5.074884600000000301e-01
3.141484900000000025e+00 4.992851200000000267e-01
3.147150799999999915e+00 4.910164000000000195e-01
3.152721699999999849e+00 4.826833999999999847e-01
3.158196900000000085e+00 4.742872000000000199e-01
3.163575600000000154e+00 4.658288999999999902e-01
3.168857200000000152e+00 4.573096099999999775e-01
3.174040999999999890e+00 4.487304500000000029e-01
3.179126300000000072e+00 4.400925299999999818e-01
3.184112400000000065e+00 4.313969799999999855e-01
3.188998699999999964e+00 4.226449600000000140e-01
3.193784500000000026e+00 4.138376000000000277e-01
3.198469199999999901e+00 4.049760499999999763e-01
3.203052200000000127e+00 3.960614800000000213e-01
3.207532899999999909e+00 3.870950499999999961e-01
3.211910800000000066e+00 3.780779400000000012e-01
3.216185100000000130e+00 3.690113199999999760e-01
3.220355500000000148e+00 3.598964000000000052e-01
3.224421299999999935e+00 3.507343399999999778e-01
3.228381900000000027e+00 3.415263700000000235e-01
3.232237000000000027e+00 3.322736800000000157e-01
3.235985900000000193e+00 3.229774899999999782e-01
3.239628199999999847e+00 3.136390099999999959e-01
3.243163399999999807e+00 3.042594599999999816e-01
3.246591099999999841e+00 2.948400700000000096e-01
3.249910799999999877e+00 2.853820899999999772e-01
3.253121999999999847e+00 2.758867300000000244e-01
3.256224299999999960e+00 2.663552599999999826e-01
3.259217399999999820e+00 2.567888999999999866e-01
3.262100900000000081e+00 2.471889300000000012e-01
3.264874299999999785e+00 2.375566000000000066e-01
3.267537299999999867e+00 2.278931499999999888e-01
3.270089500000000093e+00 2.181998800000000127e-01
3.272530699999999904e+00 2.084780300000000086e-01
3.274860499999999952e+00 1.987288799999999966e-01
3.277078599999999842e+00 1.889537199999999917e-01
3.279184599999999783e+00 1.791538099999999967e-01
3.281178399999999939e+00 1.693304499999999935e-01
3.283059699999999914e+00 1.594849200000000022e-01
3.284828200000000198e+00 1.496185100000000101e-01
3.286483699999999786e+00 1.397325000000000095e-01
3.288025900000000057e+00 1.298282000000000047e-01
3.289454800000000123e+00 1.199069100000000054e-01
3.290770000000000195e+00 1.099699100000000040e-01
3.291971399999999992e+00 1.000185100000000049e-01
3.293058900000000122e+00 9.005402099999999799e-02
3.294032300000000024e+00 8.007773899999999501e-02
3.294891400000000026e+00 7.009097300000000086e-02
3.295636299999999963e+00 6.009502900000000120e-02
3.296266699999999883e+00 5.009121600000000091e-02
3.296782599999999785e+00 4.008084600000000330e-02
3.297183899999999834e+00 3.006522699999999992e-02
3.297470600000000029e+00 2.004567200000000049e-02
3.297642699999999927e+00 1.002349200000000017e-02
3.297699999999999854e+00 0.000000000000000000e+00
3.297642699999999927e+00 -1.002349200000000017e-02
3.297470600000000029e+00 -2.004567200000000049e-02
3.297183899999999834e+00 -3.006522699999999992e-02
3.296782599999999785e+00 -4.008084600000000330e-02
3.296266699999999883e+00 -5.009121600000000091e-02
3.295636299999999963e+00 -6.009502900000000120e-02
3.294891400000000026e+00 -7.009097300000000086e-02
3.294032300000000024e+00 -8.007773899999999501e-02
3.293058900000000122e+00 -9.005402099999999799e-02
3.291971399999999992e+00 -1.000185100000000049e-01
3.290770000000000195e+00 -1.099699100000000040e-01
3.289454800000000123e+00 -1.199069100000000054e-01
3.288025900000000057e+00 -1.298282000000000047e-01
3.286483699999999786e+00 -1.397325000000000095e-01
3.284828200000000198e+00 -1.496185100000000101e-01
3.283059699999999914e+00 -1.594849200000000022e-01
3.281178399999999939e+00 -1.693304499999999935e-01
3.279184599999999783e+00 -1.791538099999999967e-01
3.277078599999999842e+00 -1.889537199999999917e-01
3.274860499999999952e+00 -1.987288799999999966e-01
3.272530699999999904e+00 -2.084780300000000086e-01
3.270089500000000093e+00 -2.181998800000000127e-01
3.267537299999999867e+00 -2.278931499999999888e-01
3.264874299999999785e+00 -2.375566000000000066e-01
3.262100900000000081e+00 -2.471889300000000012e-01
3.259217399999999820e+00 -2.567888999999999866e-01
3.256224299999999960e+00 -2.663552599999999826e-01
3.253121999999999847e+00 -2.758867300000000244e-01
3.249910799999999877e+00 -2.853820899999999772e-01
3.246591099999999841e+00 -2.948400700000000096e-01
3.243163399999999807e+00 -3.042594599999999816e-01
3.239628199999999847e+00 -3.136390099999999959e-01
3.235985900000000193e+00 -3.229774899999999782e-01
3.232237000000000027e+00 -3.322736800000000157e-01
3.228381900000000027e+00 -3.415263700000000235e-01
3.224421299999999935e+00 -3.507343399999999778e-01
3.220355500000000148e+00 -3.598964000000000052e-01
3.216185100000000130e+00 -3.690113199999999760e-01
3.211910800000000066e+00 -3.780779400000000012e-01
3.207532899999999909e+00 -3.870950499999999961e-01
3.203052200000000127e+00 -3.960614800000000213e-01
3.198469199999999901e+00 -4.049760499999999763e-01
3.193784500000000026e+00 -4.138376000000000277e-01
3.188998699999999964e+00 -4.226449600000000140e-01
3.184112400000000065e+00 -4.313969799999999855e-01
3.179126300000000072e+00 -4.400925299999999818e-01
3.174040999999999890e+00 -4.487304500000000029e-01
3.168857200000000152e+00 -4.573096099999999775e-01
3.163575600000000154e+00 -4.658288999999999902e-01
3.158196900000000085e+00 -4.742872000000000199e-01
3.152721699999999849e+00 -4.826833999999999847e-01
3.147150799999999915e+00 -4.910164000000000195e-01
3.141484900000000025e+00 -4.992851200000000267e-01
3.135724800000000201e+00 -5.074884600000000301e-01
3.129871200000000186e+00 -5.156253499999999823e-01
3.123924900000000004e+00 -5.236947299999999972e-01
3.117886599999999842e+00 -5.316955500000000168e-01
3.111757200000000001e+00 -5.396267399999999936e-01
3.105537500000000062e+00 -5.474872899999999598e-01
3.099228200000000211e+00 -5.552761499999999684e-01
3.092830100000000026e+00 -5.629923100000000513e-01
3.086344299999999929e+00 -5.706347499999999684e-01
3.079771299999999989e+00 -5.782024799999999631e-01
3.073112300000000019e+00 -5.856945099999999460e-01
3.066367899999999924e+00 -5.931098500000000495e-01
3.059539099999999845e+00 -6.004475299999999516e-01
3.052626899999999921e+00 -6.077065900000000465e-01
3.045631999999999895e+00 -6.148860900000000518e-01
3.038555399999999906e+00 -6.219850799999999680e-01
3.031397999999999815e+00 -6.290026300000000070e-01
3.024160900000000041e+00 -6.359378300000000372e-01
3.016844799999999882e+00 -6.427897599999999878e-01
3.009450800000000203e+00 -6.495575300000000496e-01
3.001979899999999812e+00 -6.562402499999999694e-01
2.994432999999999900e+00 -6.628370500000000387e-01
2.986811100000000163e+00 -6.693470700000000440e-01
2.979115199999999852e+00 -6.757694400000000545e-01
2.971346299999999996e+00 -6.821033399999999469e-01
2.963505399999999845e+00 -6.883479200000000020e-01
2.955593700000000101e+00 -6.945023799999999747e-01
2.947611999999999899e+00 -7.005659100000000139e-01
2.939561400000000102e+00 -7.065377099999999855e-01
2.931443100000000079e+00 -7.124170100000000172e-01
2.923258000000000134e+00 -7.182030200000000253e-01
2.915007199999999798e+00 -7.238949999999999552e-01
2.906691900000000217e+00 -7.294922000000000351e-01
2.898312999999999917e+00 -7.349938900000000386e-01
2.889871799999999880e+00 -7.403993399999999614e-01
2.881369199999999964e+00 -7.457078499999999499e-01
2.872806499999999819e+00 -7.509187299999999787e-01
2.864184700000000028e+00 -7.560312799999999722e-01
2.855504999999999960e+00 -7.610448499999999949e-01
2.846768400000000199e+00 -7.659587700000000110e-01
2.837976199999999949e+00 -7.707724099999999634e-01
2.829129500000000075e+00 -7.754851200000000278e-01
2.820229499999999945e+00 -7.800962999999999647e-01
2.811277299999999979e+00 -7.846053499999999792e-01
