# Cls = PFC
# Exp = ITER
# Name = Div2
1.100000000000000000e+01 5.400000000000000000e+01
5.497099999999999653e+00 -4.546499999999999986e+00
5.495000000000000107e+00 -4.562800000000000189e+00
5.504999999999999893e+00 -4.572799999999999976e+00
5.535999999999999588e+00 -4.575499999999999901e+00
5.549500000000000099e+00 -4.562100000000000044e+00
5.549500000000000099e+00 -4.550699999999999967e+00
5.261599999999999611e+00 -4.262900000000000134e+00
5.238199999999999967e+00 -4.286200000000000010e+00
5.258000000000000007e+00 -4.314499999999999780e+00
5.267999999999999794e+00 -4.324499999999999567e+00
5.277700000000000280e+00 -4.327099999999999724e+00
0.000000000000000000e+00 1.125165239546620788e-01
1.163552834662886365e-01 1.125165239546620788e-01
2.327105669325772730e-01 1.125165239546620788e-01
3.490658503988658956e-01 1.125165239546620788e-01
4.654211338651545460e-01 1.125165239546620788e-01
5.817764173314431408e-01 1.125165239546620788e-01
6.981317007977317912e-01 1.125165239546620788e-01
8.144869842640204416e-01 1.125165239546620788e-01
9.308422677303090920e-01 1.125165239546620788e-01
1.047197551196597631e+00 1.125165239546620788e-01
1.163552834662886282e+00 1.125165239546620788e-01
1.279908118129174932e+00 1.125165239546620788e-01
1.396263401595463582e+00 1.125165239546620788e-01
1.512618685061752233e+00 1.125165239546620788e-01
1.628973968528040883e+00 1.125165239546620788e-01
1.745329251994329534e+00 1.125165239546620788e-01
1.861684535460618184e+00 1.125165239546620788e-01
1.978039818926906834e+00 1.125165239546620788e-01
2.094395102393195263e+00 1.125165239546620788e-01
2.210750385859483913e+00 1.125165239546620788e-01
2.327105669325772563e+00 1.125165239546620788e-01
2.443460952792061214e+00 1.125165239546620788e-01
2.559816236258349864e+00 1.125165239546620788e-01
2.676171519724638515e+00 1.125165239546620788e-01
2.792526803190927165e+00 1.125165239546620788e-01
2.908882086657215815e+00 1.125165239546620788e-01
3.025237370123504466e+00 1.125165239546620788e-01
3.141592653589793116e+00 1.125165239546620788e-01
-3.025237370123504910e+00 1.125165239546620788e-01
-2.908882086657216259e+00 1.125165239546620788e-01
-2.792526803190927609e+00 1.125165239546620788e-01
-2.676171519724638959e+00 1.125165239546620788e-01
-2.559816236258350308e+00 1.125165239546620788e-01
-2.443460952792061658e+00 1.125165239546620788e-01
-2.327105669325773007e+00 1.125165239546620788e-01
-2.210750385859484357e+00 1.125165239546620788e-01
-2.094395102393196151e+00 1.125165239546620788e-01
-1.978039818926906834e+00 1.125165239546620788e-01
-1.861684535460618628e+00 1.125165239546620788e-01
-1.745329251994329534e+00 1.125165239546620788e-01
-1.628973968528041327e+00 1.125165239546620788e-01
-1.512618685061752233e+00 1.125165239546620788e-01
-1.396263401595464027e+00 1.125165239546620788e-01
-1.279908118129174932e+00 1.125165239546620788e-01
-1.163552834662886726e+00 1.125165239546620788e-01
-1.047197551196597631e+00 1.125165239546620788e-01
-9.308422677303094250e-01 1.125165239546620788e-01
-8.144869842640203306e-01 1.125165239546620788e-01
-6.981317007977322353e-01 1.125165239546620788e-01
-5.817764173314430298e-01 1.125165239546620788e-01
-4.654211338651548235e-01 1.125165239546620788e-01
-3.490658503988657846e-01 1.125165239546620788e-01
-2.327105669325775505e-01 1.125165239546620788e-01
-1.163552834662884422e-01 1.125165239546620788e-01
