# Cls = Ves
# Exp = SPARC
# Name = VesOuter
1.400000000000000000e+01 0.000000000000000000e+00
1.966401326030589480e+00 1.693384455672563682e+00
1.822281170468061262e+00 1.722557841541297208e+00
1.630415531385455807e+00 1.703108905154752550e+00
1.176834654344386610e+00 1.268159758324651554e+00
1.175950425354542084e+00 -1.270811848591558491e+00
1.633952185351058795e+00 -1.706645000562517112e+00
1.822281170468061262e+00 -1.725209763408452446e+00
1.969053825861711626e+00 -1.695152278843443661e+00
1.968170532563920272e+00 -1.156770226983779626e+00
2.367816772288185323e+00 -1.155887063841680273e+00
2.728559556397043284e+00 -6.661272593929603580e-01
2.725907056565920250e+00 6.696616708032092635e-01
2.367816772288185323e+00 1.155001337281139406e+00
1.968170532563920272e+00 1.155001337281139406e+00
