# Cls = PFC
# Exp = COMPASS
# Name = upper
3.200000000000000000e+01 0.000000000000000000e+00
6.236984133720397949e-01 3.137913048267364502e-01
6.212999999999999634e-01 3.160000000000000031e-01
5.790000000000000702e-01 3.459999999999999742e-01
5.446999999999999620e-01 3.637000000000000233e-01
5.270000000000000240e-01 3.699999999999999956e-01
4.710000000000000853e-01 3.850000000000000089e-01
4.575000000000000178e-01 3.845000000000000084e-01
4.320000000000000506e-01 3.810000000000000053e-01
3.970000000000000195e-01 3.629999999999999893e-01
3.934000000000000274e-01 3.593999999999999972e-01
3.720000000000000528e-01 3.330000000000000182e-01
3.694584071636199951e-01 3.248316049575805664e-01
3.854925930500030518e-01 3.225584924221038818e-01
3.970516026020050049e-01 3.279427886009216309e-01
4.071582853794097900e-01 3.365497887134552002e-01
4.174728095531463623e-01 3.453418016433715820e-01
4.289168119430541992e-01 3.519057035446166992e-01
4.412919878959655762e-01 3.561125993728637695e-01
4.516809880733489990e-01 3.672910928726196289e-01
4.654740989208221436e-01 3.670904040336608887e-01
4.794178903102874756e-01 3.649952113628387451e-01
4.931397140026092529e-01 3.621698021888732910e-01
5.065916776657104492e-01 3.586735129356384277e-01
5.197370052337646484e-01 3.545339107513427734e-01
5.325409173965454102e-01 3.497810959815979004e-01
5.449715852737426758e-01 3.444474041461944580e-01
5.569999814033508301e-01 3.385669887065887451e-01
5.685998201370239258e-01 3.321759998798370361e-01
5.797479748725891113e-01 3.253116905689239502e-01
5.904244780540466309e-01 3.180128037929534912e-01
6.006125211715698242e-01 3.103187978267669678e-01
6.102982759475708008e-01 3.022697865962982178e-01
