# Cls = Ves
# Exp = TCV
# Name = v
5.120000000000000000e+02 0.000000000000000000e+00
1.159999966621398926e+00 0.000000000000000000e+00
1.174999952316284180e+00 0.000000000000000000e+00
1.174999952316284180e+00 1.613520640952914240e-02
1.174999952316284180e+00 3.227041281905828479e-02
1.174999952316284180e+00 4.840561922858743066e-02
1.174999952316284180e+00 6.454082563811656958e-02
1.174999952316284180e+00 8.067603204764571545e-02
1.174999952316284180e+00 9.681123845717486132e-02
1.174999952316284180e+00 1.129464448667040072e-01
1.174999952316284180e+00 1.290816512762331392e-01
1.174999952316284180e+00 1.452168576857622850e-01
1.174999952316284180e+00 1.613520640952914309e-01
1.174999952316284180e+00 1.774872705048205768e-01
1.174999952316284180e+00 1.936224769143497226e-01
1.174999952316284180e+00 2.097576833238788685e-01
1.174999952316284180e+00 2.258928897334080144e-01
1.174999952316284180e+00 2.420280961429371602e-01
1.174999952316284180e+00 2.581633025524662783e-01
1.174999952316284180e+00 2.742985089619954242e-01
1.174999952316284180e+00 2.904337153715245701e-01
1.174999952316284180e+00 3.065689217810537159e-01
1.174999952316284180e+00 3.227041281905828618e-01
1.174999952316284180e+00 3.388393346001120077e-01
1.174999952316284180e+00 3.549745410096411535e-01
1.174999952316284180e+00 3.711097474191702994e-01
1.174999952316284180e+00 3.872449538286994453e-01
1.174999952316284180e+00 4.033801602382285911e-01
1.174999952316284180e+00 4.195153666477577370e-01
1.174999952316284180e+00 4.356505730572868829e-01
1.174999952316284180e+00 4.517857794668160287e-01
1.174999952316284180e+00 4.679209858763451746e-01
1.174999952316284180e+00 4.840561922858743205e-01
1.174999952316284180e+00 5.001913986954034108e-01
1.174999952316284180e+00 5.163266051049325567e-01
1.174999952316284180e+00 5.324618115144618136e-01
1.174999952316284180e+00 5.485970179239908484e-01
1.174999952316284180e+00 5.647322243335201053e-01
1.174999952316284180e+00 5.808674307430491401e-01
1.174999952316284180e+00 5.970026371525783970e-01
1.177576505640449023e+00 6.128827897013900960e-01
1.179874966925617441e+00 6.287731272402329319e-01
1.176651371380925681e+00 6.445156565671184001e-01
1.169431400964765277e+00 6.588855839912870493e-01
1.158701991555870281e+00 6.708490855592816882e-01
1.146347487593316172e+00 6.812273411266525081e-01
1.133992680768089789e+00 6.916053783736557659e-01
1.121637873942863406e+00 7.019834156206591347e-01
1.109283067117637023e+00 7.123614528676623925e-01
1.096928260292410418e+00 7.227394901146656503e-01
1.084573453467184034e+00 7.331175273616689081e-01
1.072218646641957651e+00 7.434955646086722769e-01
1.059863839816731268e+00 7.538736018556755347e-01
1.047509032991504663e+00 7.642516391026789035e-01
1.035154226166278280e+00 7.746296763496821614e-01
1.021829987285853614e+00 7.836380073346609354e-01
1.006609554286532093e+00 7.888430955072340822e-01
9.905547570932733414e-01 7.900000214576721191e-01
9.744195506837441956e-01 7.900000214576721191e-01
9.582843442742150497e-01 7.900000214576721191e-01
9.421491378646859038e-01 7.900000214576721191e-01
9.260139314551567580e-01 7.900000214576721191e-01
9.098787250456276121e-01 7.900000214576721191e-01
8.937435186360984662e-01 7.900000214576721191e-01
8.776083122265693204e-01 7.900000214576721191e-01
8.614731058170401745e-01 7.900000214576721191e-01
8.453378994075111397e-01 7.900000214576721191e-01
8.292026929979819938e-01 7.900000214576721191e-01
8.130674865884526259e-01 7.900000214576721191e-01
7.969322801789235911e-01 7.900000214576721191e-01
7.807970737693945562e-01 7.900000214576721191e-01
7.646618673598654103e-01 7.900000214576721191e-01
7.485266609503360424e-01 7.900000214576721191e-01
7.323914545408070076e-01 7.900000214576721191e-01
7.162562481312779727e-01 7.900000214576721191e-01
7.001210417217488269e-01 7.900000214576721191e-01
6.839858353122194590e-01 7.900000214576721191e-01
6.678506289026904241e-01 7.900000214576721191e-01
6.517154224931613893e-01 7.900000214576721191e-01
6.356907403133775780e-01 7.891691130227281858e-01
6.205829264552892299e-01 7.842088168019581973e-01
6.072010543287497120e-01 7.754497716912849281e-01
5.963204353595114027e-01 7.636672891164609789e-01
5.887163809733266806e-01 7.496366805032388392e-01
5.851642025959482574e-01 7.341332572773707765e-01
5.849999785423278809e-01 7.180168031075915280e-01
5.849999785423278809e-01 7.018815299434251198e-01
5.849999785423278809e-01 6.857463235338959739e-01
5.849999785423278809e-01 6.696111171243667171e-01
5.849999785423278809e-01 6.534759107148375712e-01
5.849999785423278809e-01 6.373407043053085363e-01
5.849999785423278809e-01 6.212054978957795015e-01
5.849999785423278809e-01 6.050702914862501336e-01
5.849999785423278809e-01 5.889350850767209877e-01
5.849999785423278809e-01 5.727998786671919529e-01
5.849999785423278809e-01 5.566646722576629180e-01
5.849999785423278809e-01 5.405294658481335501e-01
5.849999785423278809e-01 5.243942594386044043e-01
5.849999785423278809e-01 5.082590530290753694e-01
5.849999785423278809e-01 4.921238466195462791e-01
5.849999785423278809e-01 4.759886402100169667e-01
5.849999785423278809e-01 4.598534338004878763e-01
5.849999785423278809e-01 4.437182273909587860e-01
5.849999785423278809e-01 4.275830209814296956e-01
5.849999785423278809e-01 4.114478145719003832e-01
5.849999785423278809e-01 3.953126081623712929e-01
5.849999785423278809e-01 3.791774017528422025e-01
5.849999785423278809e-01 3.630421953433131677e-01
5.849999785423278809e-01 3.469069889337838553e-01
5.849999785423278809e-01 3.307717825242547649e-01
5.849999785423278809e-01 3.146365761147256745e-01
5.849999785423278809e-01 2.985013697051965842e-01
5.849999785423278809e-01 2.823661632956672718e-01
5.849999785423278809e-01 2.662309568861381814e-01
5.849999785423278809e-01 2.500957504766090911e-01
5.849999785423278809e-01 2.339605440670800007e-01
5.849999785423278809e-01 2.178253376575506883e-01
5.849999785423278809e-01 2.016901312480215980e-01
5.849999785423278809e-01 1.855549248384925631e-01
5.849999785423278809e-01 1.694197184289634173e-01
5.849999785423278809e-01 1.532845120194341604e-01
5.849999785423278809e-01 1.371493056099050145e-01
5.849999785423278809e-01 1.210140992003759797e-01
5.849999785423278809e-01 1.048788927908468338e-01
5.849999785423278809e-01 8.874368638131757692e-02
5.849999785423278809e-01 7.260847997178843105e-02
5.849999785423278809e-01 5.647327356225939621e-02
5.849999785423278809e-01 4.033806715273025034e-02
5.849999785423278809e-01 2.420286074320099345e-02
5.849999785423278809e-01 8.067654333671847589e-03
5.849999785423278809e-01 -8.067603204764543443e-03
5.849999785423278809e-01 -2.420280961429362859e-02
5.849999785423278809e-01 -4.033801602382271895e-02
5.849999785423278809e-01 -5.647322243335180236e-02
5.849999785423278809e-01 -7.260842884288135068e-02
5.849999785423278809e-01 -8.874363525241042716e-02
5.849999785423278809e-01 -1.048788416619395175e-01
5.849999785423278809e-01 -1.210140480714686079e-01
5.849999785423278809e-01 -1.371492544809976843e-01
5.849999785423278809e-01 -1.532844608905267747e-01
5.849999785423278809e-01 -1.694196673000558651e-01
5.849999785423278809e-01 -1.855548737095849554e-01
5.849999785423278809e-01 -2.016900801191144899e-01
5.849999785423278809e-01 -2.178252865286435802e-01
5.849999785423278809e-01 -2.339604929381726706e-01
5.849999785423278809e-01 -2.500956993477017609e-01
5.849999785423278809e-01 -2.662309057572308513e-01
5.849999785423278809e-01 -2.823661121667599416e-01
5.849999785423278809e-01 -2.985013185762890320e-01
5.849999785423278809e-01 -3.146365249858181223e-01
5.849999785423278809e-01 -3.307717313953476568e-01
5.849999785423278809e-01 -3.469069378048767471e-01
5.849999785423278809e-01 -3.630421442144058375e-01
5.849999785423278809e-01 -3.791773506239348723e-01
5.849999785423278809e-01 -3.953125570334639627e-01
5.849999785423278809e-01 -4.114477634429930530e-01
5.849999785423278809e-01 -4.275829698525221434e-01
5.849999785423278809e-01 -4.437181762620512337e-01
5.849999785423278809e-01 -4.598533826715807682e-01
5.849999785423278809e-01 -4.759885890811098585e-01
5.849999785423278809e-01 -4.921237954906389489e-01
5.849999785423278809e-01 -5.082590019001680393e-01
5.849999785423278809e-01 -5.243942083096971851e-01
5.849999785423278809e-01 -5.405294147192262200e-01
5.849999785423278809e-01 -5.566646211287552548e-01
5.849999785423278809e-01 -5.727998275382844007e-01
5.849999785423278809e-01 -5.889350339478139906e-01
5.849999785423278809e-01 -6.050702403573430255e-01
5.849999785423278809e-01 -6.212054467668720603e-01
5.849999785423278809e-01 -6.373406531764012062e-01
5.849999785423278809e-01 -6.534758595859302410e-01
5.849999785423278809e-01 -6.696110659954593869e-01
5.849999785423278809e-01 -6.857462724049884217e-01
5.849999785423278809e-01 -7.018814788145175676e-01
5.849999785423278809e-01 -7.180166137319654585e-01
5.851641911051086442e-01 -7.341331985118444425e-01
5.887163547108685835e-01 -7.496366247168847474e-01
5.963203970510742025e-01 -7.636672390349186212e-01
6.072010066999729005e-01 -7.754497300401937965e-01
6.205828722318121882e-01 -7.842087863069576725e-01
6.356906822208394647e-01 -7.891690964094576488e-01
6.517153689138832640e-01 -7.900000214576721191e-01
6.678505753234127429e-01 -7.900000214576721191e-01
6.839857817329418888e-01 -7.900000214576721191e-01
7.001209881424709236e-01 -7.900000214576721191e-01
7.162561945520000695e-01 -7.900000214576721191e-01
7.323914009615291043e-01 -7.900000214576721191e-01
7.485266073710581392e-01 -7.900000214576721191e-01
7.646618137805872850e-01 -7.900000214576721191e-01
7.807970201901164309e-01 -7.900000214576721191e-01
7.969322265996459098e-01 -7.900000214576721191e-01
8.130674330091749447e-01 -7.900000214576721191e-01
8.292026394187040905e-01 -7.900000214576721191e-01
8.453378458282332364e-01 -7.900000214576721191e-01
8.614730522377622712e-01 -7.900000214576721191e-01
8.776082586472913061e-01 -7.900000214576721191e-01
8.937434650568204519e-01 -7.900000214576721191e-01
9.098786714663494868e-01 -7.900000214576721191e-01
9.260138778758790767e-01 -7.900000214576721191e-01
9.421490842854081116e-01 -7.900000214576721191e-01
9.582842906949371464e-01 -7.900000214576721191e-01
9.744194971044662923e-01 -7.900000214576721191e-01
9.905547035139954382e-01 -7.900000214576721191e-01
1.006609427920454936e+00 -7.888431490762904952e-01
1.021829866732014258e+00 -7.836380800008507785e-01
1.035154225112941306e+00 -7.746296416223323877e-01
1.047509031938167912e+00 -7.642516043753287969e-01
1.059863838763394295e+00 -7.538735671283255391e-01
1.072218645588620678e+00 -7.434955298813222813e-01
1.084573452413847061e+00 -7.331174926343190235e-01
1.096928259239073444e+00 -7.227394553873157657e-01
1.109283066064299828e+00 -7.123614181403125079e-01
1.121637872889526211e+00 -7.019833808933092500e-01
1.133992679714752594e+00 -6.916053436463059922e-01
1.146347486539979421e+00 -6.812273063993025124e-01
1.158702114230366176e+00 -6.708490980970244211e-01
1.169431519247826401e+00 -6.588855918716884918e-01
1.176651484605297782e+00 -6.445156613775986365e-01
1.179875074424046044e+00 -6.287731305682113803e-01
1.177576497849390558e+00 -6.128827522234441272e-01
1.174999952316284180e+00 -5.970027119728706921e-01
1.174999952316284180e+00 -5.808675055633415463e-01
1.174999952316284180e+00 -5.647322991538120673e-01
1.174999952316284180e+00 -5.485970927442829215e-01
1.174999952316284180e+00 -5.324618863347538866e-01
1.174999952316284180e+00 -5.163266799252247408e-01
1.174999952316284180e+00 -5.001914735156957059e-01
1.174999952316284180e+00 -4.840562671061666156e-01
1.174999952316284180e+00 -4.679210606966375252e-01
1.174999952316284180e+00 -4.517858542871084349e-01
1.174999952316284180e+00 -4.356506478775789004e-01
1.174999952316284180e+00 -4.195154414680498101e-01
1.174999952316284180e+00 -4.033802350585207197e-01
1.174999952316284180e+00 -3.872450286489916293e-01
1.174999952316284180e+00 -3.711098222394625390e-01
1.174999952316284180e+00 -3.549746158299334486e-01
1.174999952316284180e+00 -3.388394094204043583e-01
1.174999952316284180e+00 -3.227042030108752679e-01
1.174999952316284180e+00 -3.065689966013457335e-01
1.174999952316284180e+00 -2.904337901918166431e-01
1.174999952316284180e+00 -2.742985837822875528e-01
1.174999952316284180e+00 -2.581633773727584624e-01
1.174999952316284180e+00 -2.420281709632293721e-01
1.174999952316284180e+00 -2.258929645537002817e-01
1.174999952316284180e+00 -2.097577581441712469e-01
1.174999952316284180e+00 -1.936225517346421565e-01
1.174999952316284180e+00 -1.774873453251125666e-01
1.174999952316284180e+00 -1.613521389155835317e-01
1.174999952316284180e+00 -1.452169325060544414e-01
1.174999952316284180e+00 -1.290817260965253510e-01
1.174999952316284180e+00 -1.129465196869962607e-01
1.174999952316284180e+00 -9.681131327746717030e-02
1.174999952316284180e+00 -8.067610686793802444e-02
1.174999952316284180e+00 -6.454090045840898959e-02
1.174999952316284180e+00 -4.840569404887939964e-02
1.174999952316284180e+00 -3.227048763935036479e-02
1.174999952316284180e+00 -1.613528122982121893e-02
1.174999952316284180e+00 -7.482029218408570159e-08
1.159999966621398926e+00 -1.055843341646323097e-07
1.159999966621398926e+00 -1.564345820507595519e-02
1.159999966621398926e+00 -3.128681082581785677e-02
1.159999966621398926e+00 -4.693016344655964733e-02
1.159999966621398926e+00 -6.257351606730199300e-02
1.159999966621398926e+00 -7.821686868804378356e-02
1.159999966621398926e+00 -9.386022130878568515e-02
1.159999966621398926e+00 -1.095035739295275312e-01
1.159999966621398926e+00 -1.251469265502693773e-01
1.159999966621398926e+00 -1.407902791710112234e-01
1.159999966621398926e+00 -1.564336317917530694e-01
1.159999966621398926e+00 -1.720769844124949155e-01
1.159999966621398926e+00 -1.877203370332372057e-01
1.159999966621398926e+00 -2.033636896539790517e-01
1.159999966621398926e+00 -2.190070422747208978e-01
1.159999966621398926e+00 -2.346503948954627439e-01
1.159999966621398926e+00 -2.502937475162045899e-01
1.159999966621398926e+00 -2.659371001369464360e-01
1.159999966621398926e+00 -2.815804527576882821e-01
1.159999966621398926e+00 -2.972238053784300726e-01
1.159999966621398926e+00 -3.128671579991723628e-01
1.159999966621398926e+00 -3.285105106199142089e-01
1.159999966621398926e+00 -3.441538632406560549e-01
1.159999966621398926e+00 -3.597972158613979010e-01
1.159999966621398926e+00 -3.754405684821398026e-01
1.159999966621398926e+00 -3.910839211028815932e-01
1.159999966621398926e+00 -4.067272737236234947e-01
1.159999966621398926e+00 -4.223706263443652853e-01
1.159999966621398926e+00 -4.380139789651075755e-01
1.159999966621398926e+00 -4.536573315858494215e-01
1.159999966621398926e+00 -4.693006842065912676e-01
1.159999966621398926e+00 -4.849440368273331137e-01
1.159999966621398926e+00 -5.005873894480750153e-01
1.159999966621398926e+00 -5.162307420688168058e-01
1.159999966621398926e+00 -5.318740946895585964e-01
1.159999966621398926e+00 -5.475174473103004980e-01
1.159999966621398926e+00 -5.631607999310428436e-01
1.159999966621398926e+00 -5.788041525517846342e-01
1.159999966621398926e+00 -5.944475051725264247e-01
1.159999966621398926e+00 -6.100906689396209392e-01
1.159992916258371976e+00 -6.257339792478814333e-01
1.156638662944468043e+00 -6.408973773071071633e-01
1.147847732459757353e+00 -6.537051325054172857e-01
1.135943042032528494e+00 -6.638472911550252764e-01
1.123964850544598715e+00 -6.739089721918811726e-01
1.111986659056669380e+00 -6.839706532287367358e-01
1.100008467568740045e+00 -6.940323342655924099e-01
1.088030276080810710e+00 -7.040940153024479731e-01
1.076052084592881375e+00 -7.141556963393036472e-01
1.064073893104952040e+00 -7.242173773761592104e-01
1.052095701617022705e+00 -7.342790584130148845e-01
1.040117510129093370e+00 -7.443407394498705587e-01
1.028139318641163591e+00 -7.544024204867264549e-01
1.015889546602729787e+00 -7.641014628837499156e-01
1.001309219656645322e+00 -7.694876829158551201e-01
9.856955951536903182e-01 -7.699999809265136719e-01
9.700522425329484166e-01 -7.699999809265136719e-01
9.544088899122065150e-01 -7.699999809265136719e-01
9.387655372914647245e-01 -7.699999809265136719e-01
9.231221846707229339e-01 -7.699999809265136719e-01
9.074788320499805883e-01 -7.699999809265136719e-01
8.918354794292386867e-01 -7.699999809265136719e-01
8.761921268084968961e-01 -7.699999809265136719e-01
8.605487741877549945e-01 -7.699999809265136719e-01
8.449054215670132040e-01 -7.699999809265136719e-01
8.292620689462713024e-01 -7.699999809265136719e-01
8.136187163255295118e-01 -7.699999809265136719e-01
7.979753637047877213e-01 -7.699999809265136719e-01
7.823320110840453756e-01 -7.699999809265136719e-01
7.666886584633034740e-01 -7.699999809265136719e-01
7.510453058425616835e-01 -7.699999809265136719e-01
7.354019532218198929e-01 -7.699999809265136719e-01
7.197586006010779913e-01 -7.699999809265136719e-01
7.041152479803360897e-01 -7.699999809265136719e-01
6.884718953595942992e-01 -7.699999809265136719e-01
6.728285427388525086e-01 -7.699999809265136719e-01
6.571851901181101629e-01 -7.699999809265136719e-01
6.415619020409315532e-01 -7.698297080219690391e-01
6.269043560835348972e-01 -7.651988072609864355e-01
6.148901244712534631e-01 -7.554217165618167806e-01
6.071089416741438649e-01 -7.420881703945169106e-01
6.042239814203153037e-01 -7.268958088561573438e-01
6.004299111016818680e-01 -7.117195275816237121e-01
6.000000238418579102e-01 -6.961291916230147869e-01
6.000000238418579102e-01 -6.804858390022724413e-01
6.000000238418579102e-01 -6.648424863815306507e-01
6.000000238418579102e-01 -6.491991337607887491e-01
6.000000238418579102e-01 -6.335557811400469586e-01
6.000000238418579102e-01 -6.179124285193050570e-01
6.000000238418579102e-01 -6.022690758985632664e-01
6.000000238418579102e-01 -5.866257232778213648e-01
6.000000238418579102e-01 -5.709823706570795743e-01
6.000000238418579102e-01 -5.553390180363372286e-01
6.000000238418579102e-01 -5.396956654155954380e-01
6.000000238418579102e-01 -5.240523127948535365e-01
6.000000238418579102e-01 -5.084089601741117459e-01
6.000000238418579102e-01 -4.927656075533698998e-01
6.000000238418579102e-01 -4.771222549326280538e-01
6.000000238418579102e-01 -4.614789023118862077e-01
6.000000238418579102e-01 -4.458355496911443616e-01
6.000000238418579102e-01 -4.301921970704020715e-01
6.000000238418579102e-01 -4.145488444496602254e-01
6.000000238418579102e-01 -3.989054918289183793e-01
6.000000238418579102e-01 -3.832621392081765332e-01
6.000000238418579102e-01 -3.676187865874346872e-01
6.000000238418579102e-01 -3.519754339666928411e-01
6.000000238418579102e-01 -3.363320813459509950e-01
6.000000238418579102e-01 -3.206887287252091490e-01
6.000000238418579102e-01 -3.050453761044668588e-01
6.000000238418579102e-01 -2.894020234837250127e-01
6.000000238418579102e-01 -2.737586708629831667e-01
6.000000238418579102e-01 -2.581153182422413206e-01
6.000000238418579102e-01 -2.424719656214994745e-01
6.000000238418579102e-01 -2.268286130007576284e-01
6.000000238418579102e-01 -2.111852603800157824e-01
6.000000238418579102e-01 -1.955419077592739363e-01
6.000000238418579102e-01 -1.798985551385316461e-01
6.000000238418579102e-01 -1.642552025177898001e-01
6.000000238418579102e-01 -1.486118498970479540e-01
6.000000238418579102e-01 -1.329684972763061357e-01
6.000000238418579102e-01 -1.173251446555642757e-01
6.000000238418579102e-01 -1.016817920348224297e-01
6.000000238418579102e-01 -8.603843941408058360e-02
6.000000238418579102e-01 -7.039508679333873753e-02
6.000000238418579102e-01 -5.475173417259645431e-02
6.000000238418579102e-01 -3.910838155185461518e-02
6.000000238418579102e-01 -2.346502893111276564e-02
6.000000238418579102e-01 -7.821676310370923035e-03
6.000000238418579102e-01 7.821700065285375203e-03
6.000000238418579102e-01 2.346505268602727678e-02
6.000000238418579102e-01 3.910840530676928939e-02
6.000000238418579102e-01 5.475175792751119097e-02
6.000000238418579102e-01 7.039511054825298153e-02
6.000000238418579102e-01 8.603846316899488311e-02
6.000000238418579102e-01 1.016818157897368957e-01
6.000000238418579102e-01 1.173251684104787973e-01
6.000000238418579102e-01 1.329685210312205879e-01
6.000000238418579102e-01 1.486118736519624894e-01
6.000000238418579102e-01 1.642552262727045020e-01
6.000000238418579102e-01 1.798985788934464036e-01
6.000000238418579102e-01 1.955419315141881942e-01
6.000000238418579102e-01 2.111852841349300403e-01
6.000000238418579102e-01 2.268286367556721084e-01
6.000000238418579102e-01 2.424719893764139544e-01
6.000000238418579102e-01 2.581153419971558005e-01
6.000000238418579102e-01 2.737586946178976466e-01
6.000000238418579102e-01 2.894020472386397147e-01
6.000000238418579102e-01 3.050453998593815608e-01
6.000000238418579102e-01 3.206887524801234068e-01
6.000000238418579102e-01 3.363321051008652529e-01
6.000000238418579102e-01 3.519754577216073210e-01
6.000000238418579102e-01 3.676188103423491671e-01
6.000000238418579102e-01 3.832621629630910132e-01
6.000000238418579102e-01 3.989055155838328592e-01
6.000000238418579102e-01 4.145488682045749274e-01
6.000000238418579102e-01 4.301922208253167734e-01
6.000000238418579102e-01 4.458355734460586195e-01
6.000000238418579102e-01 4.614789260668004101e-01
6.000000238418579102e-01 4.771222786875425337e-01
6.000000238418579102e-01 4.927656313082843242e-01
6.000000238418579102e-01 5.084089839290262258e-01
6.000000238418579102e-01 5.240523365497680164e-01
6.000000238418579102e-01 5.396956891705101400e-01
6.000000238418579102e-01 5.553390417912519306e-01
6.000000238418579102e-01 5.709823944119938322e-01
6.000000238418579102e-01 5.866257470327356227e-01
6.000000238418579102e-01 6.022690996534777463e-01
6.000000238418579102e-01 6.179124522742195369e-01
6.000000238418579102e-01 6.335558048949614385e-01
6.000000238418579102e-01 6.491991575157032290e-01
6.000000238418579102e-01 6.648425101364453527e-01
6.000000238418579102e-01 6.804858627571871432e-01
6.000000238418579102e-01 6.961292153779290448e-01
6.004299374865600392e-01 7.117196927257813943e-01
6.042240078051935859e-01 7.268959740003152481e-01
6.071089411136765257e-01 7.420882362499885421e-01
6.148901595659086450e-01 7.554217633097969342e-01
6.269044152257799984e-01 7.651988232939423984e-01
6.415619736232339720e-01 7.698296817323680985e-01
6.571853408984799083e-01 7.699999809265136719e-01
6.728286935192218099e-01 7.699999809265136719e-01
6.884720461399636005e-01 7.699999809265136719e-01
7.041153987607056131e-01 7.699999809265136719e-01
7.197587513814475146e-01 7.699999809265136719e-01
7.354021040021894162e-01 7.699999809265136719e-01
7.510454566229312068e-01 7.699999809265136719e-01
7.666888092436732194e-01 7.699999809265136719e-01
7.823321618644151210e-01 7.699999809265136719e-01
7.979755144851570225e-01 7.699999809265136719e-01
8.136188671058988131e-01 7.699999809265136719e-01
8.292622197266408257e-01 7.699999809265136719e-01
8.449055723473827273e-01 7.699999809265136719e-01
8.605489249681245179e-01 7.699999809265136719e-01
8.761922775888665305e-01 7.699999809265136719e-01
8.918356302096083210e-01 7.699999809265136719e-01
9.074789828303503336e-01 7.699999809265136719e-01
9.231223354510921242e-01 7.699999809265136719e-01
9.387656880718341368e-01 7.699999809265136719e-01
9.544090406925759273e-01 7.699999809265136719e-01
9.700523933133179399e-01 7.699999809265136719e-01
9.856957459340597305e-01 7.699999809265136719e-01
1.001309294357218826e+00 7.694876714639277138e-01
1.015889615950035907e+00 7.641014354548154586e-01
1.028139243254966972e+00 7.544025262937018583e-01
1.040117434742896307e+00 7.443408452568462952e-01
1.052095626230825642e+00 7.342791642199906210e-01
1.064073817718754977e+00 7.242174831831349469e-01
1.076052009206684534e+00 7.141558021462792727e-01
1.088030200694613869e+00 7.040941211094235985e-01
1.100008392182543204e+00 6.940324400725679244e-01
1.111986583670472761e+00 6.839707590357123612e-01
1.123964775158402096e+00 6.739090779988565760e-01
1.135942966646331431e+00 6.638473969620010129e-01
1.147847669196156328e+00 6.537051088610679184e-01
1.156638596438724242e+00 6.408973521079364133e-01
1.159992845835394748e+00 6.257339537672320651e-01
1.159999966621398926e+00 6.100907983517179778e-01
1.159999966621398926e+00 5.944473995881921491e-01
1.159999966621398926e+00 5.788040469674503585e-01
1.159999966621398926e+00 5.631606943467084569e-01
1.159999966621398926e+00 5.475173417259665554e-01
1.159999966621398926e+00 5.318739891052246538e-01
1.159999966621398926e+00 5.162306364844827522e-01
1.159999966621398926e+00 5.005872838637408506e-01
1.159999966621398926e+00 4.849439312429988935e-01
1.159999966621398926e+00 4.693005786222569919e-01
1.159999966621398926e+00 4.536572260015150904e-01
1.159999966621398926e+00 4.380138733807731888e-01
1.159999966621398926e+00 4.223705207600312872e-01
1.159999966621398926e+00 4.067271681392893856e-01
1.159999966621398926e+00 3.910838155185474840e-01
1.159999966621398926e+00 3.754404628978055825e-01
1.159999966621398926e+00 3.597971102770636809e-01
1.159999966621398926e+00 3.441537576563217793e-01
1.159999966621398926e+00 3.285104050355798777e-01
1.159999966621398926e+00 3.128670524148379761e-01
1.159999966621398926e+00 2.972236997940960745e-01
1.159999966621398926e+00 2.815803471733542285e-01
1.159999966621398926e+00 2.659369945526123269e-01
1.159999966621398926e+00 2.502936419318704253e-01
1.159999966621398926e+00 2.346502893111284960e-01
1.159999966621398926e+00 2.190069366903865944e-01
1.159999966621398926e+00 2.033635840696446928e-01
1.159999966621398926e+00 1.877202314489027912e-01
1.159999966621398926e+00 1.720768788281608896e-01
1.159999966621398926e+00 1.564335262074189881e-01
1.159999966621398926e+00 1.407901735866771142e-01
1.159999966621398926e+00 1.251468209659352127e-01
1.159999966621398926e+00 1.095034683451932972e-01
1.159999966621398926e+00 9.386011572445139561e-02
1.159999966621398926e+00 7.821676310370949403e-02
1.159999966621398926e+00 6.257341048296760633e-02
1.159999966621398926e+00 4.693005786222569781e-02
1.159999966621398926e+00 3.128670524148380316e-02
1.159999966621398926e+00 1.564335262074190158e-02
