# Cls = PFC
# Exp = WEST
# Name = CasingCoverLDivV0
2.700000000000000000e+01 0.000000000000000000e+00
1.944199779970155362e+00 -7.042999999999999261e-01
2.043500065908489205e+00 -7.042999999999999261e-01
2.046499972073539730e+00 -7.072999999999999288e-01
2.046499878238591474e+00 -7.352999999999999536e-01
2.049499878238591588e+00 -7.382999999999999563e-01
2.107379450947787891e+00 -7.382999999999999563e-01
2.110379357112838861e+00 -7.412999999999999590e-01
2.110379357112838861e+00 -7.467999999999999083e-01
2.111379981085593105e+00 -7.477999999999999092e-01
2.131500190072944889e+00 -7.477999999999999092e-01
2.134500096237992306e+00 -7.507999999999999119e-01
2.134500096237992306e+00 -7.639199999999999324e-01
2.137500002403041055e+00 -7.669199999999999351e-01
2.198499595534371576e+00 -7.669199999999999351e-01
2.201499595534371689e+00 -7.699199999999999378e-01
2.201499595534371689e+00 -7.979199999999999626e-01
2.204499501699422215e+00 -8.009199999999999653e-01
2.262550544109014794e+00 -8.009199999999999653e-01
2.265550450274060879e+00 -8.039199999999999680e-01
2.265550450274060879e+00 -8.116999999999999771e-01
2.266549792534018337e+00 -8.126999999999999780e-01
2.298999579170252883e+00 -8.126999999999999780e-01
2.298999579170252883e+00 -7.987039999999999695e-01
2.297123666167975475e+00 -7.959220000000000184e-01
1.961199874700434442e+00 -6.601999999999998980e-01
1.942199813737505165e+00 -6.601999999999998980e-01
1.942199813737505165e+00 -7.022999999999999243e-01
