# Cls = PFC
# Exp = NSTX
# Name = VesselOutter01
4.320000000000000000e+02 0.000000000000000000e+00
1.076718800000000016e+02 2.259296799999999905e+02
1.076718800000000016e+02 2.220781299999999874e+02
1.087148499999999984e+02 2.220781299999999874e+02
1.087148499999999984e+02 2.246484399999999937e+02
1.087656499999999937e+02 2.251250000000000000e+02
1.099961199999999906e+02 2.251250000000000000e+02
1.099961199999999906e+02 2.255156200000000126e+02
1.112187799999999953e+02 2.255156200000000126e+02
1.112187799999999953e+02 2.259101600000000190e+02
1.124531499999999937e+02 2.259101600000000190e+02
1.124531499999999937e+02 2.263046900000000221e+02
1.136718999999999937e+02 2.263046900000000221e+02
1.136718999999999937e+02 2.266953200000000095e+02
1.149023799999999937e+02 2.266953200000000095e+02
1.149023799999999937e+02 2.270781200000000126e+02
1.161250299999999953e+02 2.270781200000000126e+02
1.161250299999999953e+02 2.274726500000000158e+02
1.173476799999999969e+02 2.274726500000000158e+02
1.173476799999999969e+02 2.278671900000000221e+02
1.185781599999999969e+02 2.278671900000000221e+02
1.185781599999999969e+02 2.282617200000000253e+02
1.198008099999999985e+02 2.282617200000000253e+02
1.198008099999999985e+02 2.286523400000000379e+02
1.210312799999999953e+02 2.286523400000000379e+02
1.210312799999999953e+02 2.290859400000000505e+02
1.221367499999999922e+02 2.290859400000000505e+02
1.221407499999999970e+02 2.295742200000000537e+02
1.232579300000000018e+02 2.295742200000000537e+02
1.232579300000000018e+02 2.300585900000000663e+02
1.243633999999999986e+02 2.300585900000000663e+02
1.243633999999999986e+02 2.305468700000000695e+02
1.254805899999999923e+02 2.305468700000000695e+02
1.254805899999999923e+02 2.310234400000000790e+02
1.265899699999999939e+02 2.310234400000000790e+02
1.265899699999999939e+02 2.315078100000000916e+02
1.276954399999999907e+02 2.315078100000000916e+02
1.276954399999999907e+02 2.319961000000000979e+02
1.288127800000000036e+02 2.319961000000000979e+02
1.288167799999999943e+02 2.324804700000001105e+02
1.299222499999999911e+02 2.324804700000001105e+02
1.299222499999999911e+02 2.329687500000001137e+02
1.310394299999999816e+02 2.329687500000001137e+02
1.310394299999999816e+02 2.334453200000001232e+02
1.321488099999999690e+02 2.334453200000001232e+02
1.321488099999999690e+02 2.339921900000001358e+02
1.332230299999999659e+02 2.339921900000001358e+02
1.332230299999999659e+02 2.346640700000001232e+02
1.343011499999999785e+02 2.346640700000001232e+02
1.343011499999999785e+02 2.353398500000001263e+02
1.353870999999999754e+02 2.353398500000001263e+02
1.353870999999999754e+02 2.360117200000001390e+02
1.364652199999999880e+02 2.360117200000001390e+02
1.364652199999999880e+02 2.366836000000001263e+02
1.375394399999999848e+02 2.366836000000001263e+02
1.375394399999999848e+02 2.373554700000001390e+02
1.386175599999999974e+02 2.373554700000001390e+02
1.386175599999999974e+02 2.380312500000001421e+02
1.396917799999999943e+02 2.380312500000001421e+02
1.396917799999999943e+02 2.387031200000001547e+02
1.407699000000000069e+02 2.387031200000001547e+02
1.407699000000000069e+02 2.393750000000001421e+02
1.418441200000000038e+02 2.393750000000001421e+02
1.418481199999999944e+02 2.400468800000001295e+02
1.429223399999999913e+02 2.400468800000001295e+02
1.429223399999999913e+02 2.406679700000001390e+02
1.437895299999999850e+02 2.406679700000001390e+02
1.437895299999999850e+02 2.412500000000000000e+02
1.446606199999999944e+02 2.412500000000000000e+02
1.446606199999999944e+02 2.418281299999999874e+02
1.455317200000000071e+02 2.418281299999999874e+02
1.455317200000000071e+02 2.424179699999999968e+02
1.463988999999999976e+02 2.424179699999999968e+02
1.463988999999999976e+02 2.429960900000000095e+02
1.472699900000000071e+02 2.429960900000000095e+02
1.472699900000000071e+02 2.435781200000000126e+02
1.481371900000000039e+02 2.435781200000000126e+02
1.481411899999999946e+02 2.441562500000000000e+02
1.490083699999999851e+02 2.441562500000000000e+02
1.490083699999999851e+02 2.447461000000000126e+02
1.498794699999999978e+02 2.447461000000000126e+02
1.498794699999999978e+02 2.453242200000000253e+02
1.507466599999999914e+02 2.453242200000000253e+02
1.507466599999999914e+02 2.459062500000000284e+02
1.516177500000000009e+02 2.459062500000000284e+02
1.516177500000000009e+02 2.464140600000000347e+02
1.521646299999999883e+02 2.464140600000000347e+02
1.521646299999999883e+02 2.471289100000000474e+02
1.527232199999999978e+02 2.471289100000000474e+02
1.527232199999999978e+02 2.478320300000000600e+02
1.532818100000000072e+02 2.478320300000000600e+02
1.532818100000000072e+02 2.485468700000000695e+02
1.538404100000000199e+02 2.485468700000000695e+02
1.538404100000000199e+02 2.492617200000000821e+02
1.543990000000000293e+02 2.492617200000000821e+02
1.544080000000000155e+02 2.500324100000000840e+02
1.552188300000000254e+02 2.500781100000000947e+02
1.552188300000000254e+02 2.511327900000000852e+02
1.555391500000000349e+02 2.511327900000000852e+02
1.555391500000000349e+02 2.521992000000000758e+02
1.558594600000000412e+02 2.521992000000000758e+02
1.558594600000000412e+02 2.532538800000000663e+02
1.561914900000000443e+02 2.532538800000000663e+02
1.561914900000000443e+02 2.543124800000000789e+02
1.565118000000000507e+02 2.543124800000000789e+02
1.565118000000000507e+02 2.553671700000000726e+02
1.567188300000000538e+02 2.553671700000000726e+02
1.567188300000000538e+02 3.479687300000000505e+02
1.565118000000000507e+02 3.479687300000000505e+02
1.565118000000000507e+02 3.490234200000000442e+02
1.561914900000000443e+02 3.490234200000000442e+02
1.561914900000000443e+02 3.500781000000000631e+02
1.558594600000000412e+02 3.500781000000000631e+02
1.558594600000000412e+02 3.511445100000000821e+02
1.555391500000000349e+02 3.511445100000000821e+02
1.555391500000000349e+02 3.521992000000000758e+02
1.552188300000000254e+02 3.521992000000000758e+02
1.552188300000000254e+02 3.532578000000000884e+02
1.543680500000000393e+02 3.532573400000001129e+02
1.543985500000000286e+02 3.540859200000001010e+02
1.538399600000000191e+02 3.540859200000001010e+02
1.538399600000000191e+02 3.547890400000001137e+02
1.532818800000000294e+02 3.547890400000001137e+02
1.532818800000000294e+02 3.555038900000001263e+02
1.527232900000000200e+02 3.555038900000001263e+02
1.527232900000000200e+02 3.562187300000001073e+02
1.521646900000000073e+02 3.562187300000001073e+02
1.521646900000000073e+02 3.569218500000001200e+02
1.516178199999999947e+02 3.569218500000001200e+02
1.516178199999999947e+02 3.574296700000001010e+02
1.507467199999999821e+02 3.574296700000001010e+02
1.507467199999999821e+02 3.580077900000001137e+02
1.498795299999999884e+02 3.580077900000001137e+02
1.498795299999999884e+02 3.585976400000001263e+02
1.490084399999999789e+02 3.585976400000001263e+02
1.490084399999999789e+02 3.591757600000001389e+02
1.481412499999999852e+02 3.591757600000001389e+02
1.481372499999999945e+02 3.597577900000001137e+02
1.472700600000000009e+02 3.597577900000001137e+02
1.472700600000000009e+02 3.603359200000001010e+02
1.463989699999999914e+02 3.603359200000001010e+02
1.463989699999999914e+02 3.609257600000000821e+02
1.455317799999999977e+02 3.609257600000000821e+02
1.455317799999999977e+02 3.615078000000000884e+02
1.446606899999999882e+02 3.615078000000000884e+02
1.446606899999999882e+02 3.620859200000001010e+02
1.437895899999999756e+02 3.620859200000001010e+02
1.437895899999999756e+02 3.626640400000001137e+02
1.429223999999999819e+02 3.626640400000001137e+02
1.429223999999999819e+02 3.632851400000001263e+02
1.418481899999999882e+02 3.632851400000001263e+02
1.418481899999999882e+02 3.639609200000001010e+02
1.407700600000000009e+02 3.639609200000001010e+02
1.407700600000000009e+02 3.646327900000001137e+02
1.396919399999999882e+02 3.646327900000001137e+02
1.396919399999999882e+02 3.653046700000001010e+02
1.386177199999999914e+02 3.653046700000001010e+02
1.386177199999999914e+02 3.659765400000001137e+02
1.375395900000000040e+02 3.659765400000001137e+02
1.375395900000000040e+02 3.666484200000001010e+02
1.364650000000000034e+02 3.666484200000001010e+02
1.364650000000000034e+02 3.673242000000000758e+02
1.353868700000000160e+02 3.673242000000000758e+02
1.353868700000000160e+02 3.679960700000000884e+02
1.343009300000000223e+02 3.679960700000000884e+02
1.343009300000000223e+02 3.686679500000000758e+02
1.332228100000000097e+02 3.686679500000000758e+02
1.332228100000000097e+02 3.693515400000000568e+02
1.321485900000000129e+02 3.693515400000000568e+02
1.321485900000000129e+02 3.698906100000000379e+02
1.310392100000000255e+02 3.698906100000000379e+02
1.310392100000000255e+02 3.703749800000000505e+02
1.299220300000000350e+02 3.703749800000000505e+02
1.299220300000000350e+02 3.708515400000000568e+02
1.288165600000000381e+02 3.708515400000000568e+02
1.288125600000000475e+02 3.713398200000000315e+02
1.276953700000000538e+02 3.713398200000000315e+02
1.276953700000000538e+02 3.718242000000000189e+02
1.265899000000000569e+02 3.718242000000000189e+02
1.265899000000000569e+02 3.723124799999999937e+02
1.254844300000000601e+02 3.723124799999999937e+02
1.254804300000000552e+02 3.727968599999999810e+02
1.243632500000000505e+02 3.727968599999999810e+02
1.243632500000000505e+02 3.732734199999999873e+02
1.232577800000000536e+02 3.732734199999999873e+02
1.232577800000000536e+02 3.737616999999999621e+02
1.221405900000000599e+02 3.737616999999999621e+02
1.221365900000000551e+02 3.742460699999999747e+02
1.210305000000000604e+02 3.742460699999999747e+02
1.210305000000000604e+02 3.746913899999999558e+02
1.198000300000000635e+02 3.746913899999999558e+02
1.198000300000000635e+02 3.750741999999999621e+02
1.185773800000000620e+02 3.750741999999999621e+02
1.185773800000000620e+02 3.754687299999999368e+02
1.173469100000000651e+02 3.754687299999999368e+02
1.173469100000000651e+02 3.758632599999999115e+02
1.161250000000000000e+02 3.758632599999999115e+02
1.161250000000000000e+02 3.762538799999999242e+02
1.149023499999999984e+02 3.762538799999999242e+02
1.149023499999999984e+02 3.766484199999999305e+02
1.136718800000000016e+02 3.766484199999999305e+02
1.136718800000000016e+02 3.770312299999999368e+02
1.124492199999999968e+02 3.770312299999999368e+02
1.124532200000000017e+02 3.774257599999999115e+02
1.112188500000000033e+02 3.774257599999999115e+02
1.112188500000000033e+02 3.778202999999999179e+02
1.099961899999999986e+02 3.778202999999999179e+02
1.099961899999999986e+02 3.782109199999999305e+02
1.087657200000000017e+02 3.782109199999999305e+02
1.087774200000000064e+02 3.818554499999999052e+02
1.104531900000000064e+02 3.818554499999999052e+02
1.104531900000000064e+02 3.829843499999998926e+02
1.076485100000000017e+02 3.829843499999998926e+02
1.076485100000000017e+02 3.771054499999999052e+02
1.087656900000000064e+02 3.771054499999999052e+02
1.087656900000000064e+02 3.774765399999998863e+02
1.099961700000000064e+02 3.774765399999998863e+02
1.099961700000000064e+02 3.770820099999999115e+02
1.108179400000000072e+02 3.770720099999999206e+02
1.108673400000000129e+02 3.759529699999999366e+02
1.108673400000000129e+02 3.750740699999999492e+02
1.117071800000000081e+02 3.750740699999999492e+02
1.117071800000000081e+02 3.747537499999999682e+02
1.125548400000000129e+02 3.747537499999999682e+02
1.125810400000000158e+02 3.762403099999999654e+02
1.136719500000000096e+02 3.762967099999999618e+02
1.136719500000000096e+02 3.759138999999999555e+02
1.149024300000000096e+02 3.759138999999999555e+02
1.149024300000000096e+02 3.755193699999999808e+02
1.161250800000000112e+02 3.755193699999999808e+02
1.161250800000000112e+02 3.751287399999999934e+02
1.173477300000000128e+02 3.751287399999999934e+02
1.173477300000000128e+02 3.747342100000000187e+02
1.185782100000000128e+02 3.747342100000000187e+02
1.185782100000000128e+02 3.743396800000000439e+02
1.198008600000000143e+02 3.743396800000000439e+02
1.198008600000000143e+02 3.739568600000000629e+02
1.203630100000000169e+02 3.739404600000000869e+02
1.203952100000000200e+02 3.739275600000000850e+02
1.203902100000000246e+02 3.713279100000000881e+02
1.212261500000000183e+02 3.713279100000000881e+02
1.212261500000000183e+02 3.710075900000001070e+02
1.220659900000000135e+02 3.710075900000001070e+02
1.220427900000000108e+02 3.729679700000000935e+02
1.232574000000000041e+02 3.730036700000001133e+02
1.232574000000000041e+02 3.725193000000001007e+02
1.243628700000000009e+02 3.725193000000001007e+02
1.243628700000000009e+02 3.720310200000001259e+02
1.254800500000000056e+02 3.720310200000001259e+02
1.254840500000000105e+02 3.715466400000001386e+02
1.265895200000000074e+02 3.715466400000001386e+02
1.265895200000000074e+02 3.710583600000001638e+02
1.276949900000000042e+02 3.710583600000001638e+02
1.276949900000000042e+02 3.705739900000001512e+02
1.288124899999999968e+02 3.705739900000001512e+02
1.288124899999999968e+02 3.700974200000001701e+02
1.299218699999999842e+02 3.700974200000001701e+02
1.299218699999999842e+02 3.696091400000001954e+02
1.304578299999999729e+02 3.696041400000002000e+02
1.304726299999999810e+02 3.673555100000002085e+02
1.313085699999999747e+02 3.673555100000002085e+02
1.313085699999999747e+02 3.670313000000002148e+02
1.321484099999999842e+02 3.670313000000002148e+02
1.321484099999999842e+02 3.685234800000002338e+02
1.332226299999999810e+02 3.685234800000002338e+02
1.332226299999999810e+02 3.678516100000002211e+02
1.343007499999999936e+02 3.678516100000002211e+02
1.343007499999999936e+02 3.671797400000002085e+02
1.353866899999999873e+02 3.671797400000002085e+02
1.353866899999999873e+02 3.665078600000002211e+02
1.364648199999999747e+02 3.665078600000002211e+02
1.364648199999999747e+02 3.658320800000002464e+02
1.375390399999999715e+02 3.658320800000002464e+02
1.375390399999999715e+02 3.651602100000002338e+02
1.386171599999999842e+02 3.651602100000002338e+02
1.386171599999999842e+02 3.644883300000002464e+02
1.396913799999999810e+02 3.644883300000002464e+02
1.396913799999999810e+02 3.638047400000002654e+02
1.407694999999999936e+02 3.638047400000002654e+02
1.407694999999999936e+02 3.631328600000002780e+02
1.418437199999999905e+02 3.631328600000002780e+02
1.418477199999999812e+02 3.624609900000002654e+02
1.429219399999999780e+02 3.624609900000002654e+02
1.429219399999999780e+02 3.618281700000002843e+02
1.437891299999999717e+02 3.618281700000002843e+02
1.437891299999999717e+02 3.612461400000003096e+02
1.446602199999999812e+02 3.612461400000003096e+02
1.446602199999999812e+02 3.606563000000003285e+02
1.455313199999999938e+02 3.606563000000003285e+02
1.455313199999999938e+02 3.600781800000003159e+02
1.463984999999999843e+02 3.600781800000003159e+02
1.463984999999999843e+02 3.594961500000003412e+02
1.472695899999999938e+02 3.594961500000003412e+02
1.472695899999999938e+02 3.589180200000003538e+02
1.481367899999999906e+02 3.589180200000003538e+02
1.481407899999999813e+02 3.583281700000003411e+02
1.490079699999999718e+02 3.583281700000003411e+02
1.490079699999999718e+02 3.577500000000000000e+02
1.498790699999999845e+02 3.577500000000000000e+02
1.498790699999999845e+02 3.571679700000000253e+02
1.507462599999999782e+02 3.571679700000000253e+02
1.507462599999999782e+02 3.565898500000000126e+02
1.516173499999999876e+02 3.565898500000000126e+02
1.516173499999999876e+02 3.558984399999999937e+02
1.521642299999999750e+02 3.558984399999999937e+02
1.521642299999999750e+02 3.551914100000000190e+02
1.527228199999999845e+02 3.551914100000000190e+02
1.527228199999999845e+02 3.544804700000000253e+02
1.532814099999999939e+02 3.544804700000000253e+02
1.532814099999999939e+02 3.537656300000000442e+02
1.538400100000000066e+02 3.537656300000000442e+02
1.538400100000000066e+02 3.530585900000000379e+02
1.545319900000000075e+02 3.530468900000000190e+02
1.545548900000000003e+02 3.521992099999999937e+02
1.548869200000000035e+02 3.521992099999999937e+02
1.548869200000000035e+02 3.511445299999999747e+02
1.552072300000000098e+02 3.511445299999999747e+02
1.552072300000000098e+02 3.500781199999999558e+02
1.555275400000000161e+02 3.500781199999999558e+02
1.555275400000000161e+02 3.490234299999999621e+02
1.558595800000000224e+02 3.490234299999999621e+02
1.558595800000000224e+02 3.479687399999999684e+02
1.560158200000000193e+02 3.479687399999999684e+02
1.560158200000000193e+02 2.553671799999999621e+02
1.558595800000000224e+02 2.553671799999999621e+02
1.558595800000000224e+02 2.543124999999999716e+02
1.555275400000000161e+02 2.543084999999999809e+02
1.555275400000000161e+02 2.532537999999999840e+02
1.552072300000000098e+02 2.532537999999999840e+02
1.552072300000000098e+02 2.521991199999999935e+02
1.548869200000000035e+02 2.521991199999999935e+02
1.548869200000000035e+02 2.511327100000000030e+02
1.545548900000000003e+02 2.511327100000000030e+02
1.545508900000000096e+02 2.502498999999999967e+02
1.538398700000000190e+02 2.502733000000000061e+02
1.538398700000000190e+02 2.495701799999999935e+02
1.532812800000000095e+02 2.495701799999999935e+02
1.532812800000000095e+02 2.488553299999999808e+02
1.527226799999999969e+02 2.488553299999999808e+02
1.527226799999999969e+02 2.481404899999999714e+02
1.521640899999999874e+02 2.481404899999999714e+02
1.521640899999999874e+02 2.474373699999999587e+02
1.516172100000000000e+02 2.474373699999999587e+02
1.516172100000000000e+02 2.467537699999999461e+02
1.507461199999999906e+02 2.467537699999999461e+02
1.507461199999999906e+02 2.461639299999999366e+02
1.498789299999999969e+02 2.461639299999999366e+02
1.498789299999999969e+02 2.455857999999999493e+02
1.490078399999999874e+02 2.455857999999999493e+02
1.490078399999999874e+02 2.450076699999999619e+02
1.481406499999999937e+02 2.450076699999999619e+02
1.481366500000000030e+02 2.444256399999999587e+02
1.472694500000000062e+02 2.444256399999999587e+02
1.472694500000000062e+02 2.438357999999999493e+02
1.463983699999999999e+02 2.438357999999999493e+02
1.463983699999999999e+02 2.432576799999999366e+02
1.455311800000000062e+02 2.432576799999999366e+02
1.455311800000000062e+02 2.426756499999999335e+02
1.446600799999999936e+02 2.426756499999999335e+02
1.446600799999999936e+02 2.420975199999999461e+02
1.437889899999999841e+02 2.420975199999999461e+02
1.437889899999999841e+02 2.415076799999999366e+02
1.429217999999999904e+02 2.415076799999999366e+02
1.429217999999999904e+02 2.408748699999999303e+02
1.418475799999999936e+02 2.408748699999999303e+02
1.418435800000000029e+02 2.402029799999999398e+02
1.407693700000000092e+02 2.402029799999999398e+02
1.407693700000000092e+02 2.395310000000000059e+02
1.396912400000000218e+02 2.395310000000000059e+02
1.396912400000000218e+02 2.388591299999999933e+02
1.386170200000000250e+02 2.388591299999999933e+02
1.386170200000000250e+02 2.381833499999999901e+02
1.375389000000000124e+02 2.381833499999999901e+02
1.375389000000000124e+02 2.375114700000000028e+02
1.364646800000000155e+02 2.375114700000000028e+02
1.364646800000000155e+02 2.368395900000000154e+02
1.353865600000000029e+02 2.368395900000000154e+02
1.353865600000000029e+02 2.361560000000000059e+02
1.343006200000000092e+02 2.361560000000000059e+02
1.343006200000000092e+02 2.354841299999999933e+02
1.332224900000000218e+02 2.354841299999999933e+02
1.332224900000000218e+02 2.348083499999999901e+02
1.321482700000000250e+02 2.348083499999999901e+02
1.321482700000000250e+02 2.363005299999999806e+02
1.313084300000000155e+02 2.363005299999999806e+02
1.313084300000000155e+02 2.359802199999999743e+02
1.304724900000000218e+02 2.359802199999999743e+02
1.304830900000000327e+02 2.336988899999999774e+02
1.299217300000000250e+02 2.337223899999999901e+02
1.299217300000000250e+02 2.332458199999999806e+02
1.288162600000000282e+02 2.332458199999999806e+02
1.288122600000000375e+02 2.327614499999999680e+02
1.276950700000000438e+02 2.327614499999999680e+02
1.276950700000000438e+02 2.322731699999999648e+02
1.265896000000000470e+02 2.322731699999999648e+02
1.265896000000000470e+02 2.317887899999999775e+02
1.254841300000000501e+02 2.317887899999999775e+02
1.254801300000000452e+02 2.313044199999999648e+02
1.243629500000000405e+02 2.313044199999999648e+02
1.243629500000000405e+02 2.308161399999999617e+02
1.232574800000000437e+02 2.308161399999999617e+02
1.232574800000000437e+02 2.303395699999999522e+02
1.221402900000000500e+02 2.303395699999999522e+02
1.220660900000000453e+02 2.323278499999999553e+02
1.212262500000000500e+02 2.323238499999999647e+02
1.212262500000000500e+02 2.320074399999999741e+02
1.203903100000000563e+02 2.320074399999999741e+02
1.203903100000000563e+02 2.296246299999999678e+02
1.212262500000000500e+02 2.296246299999999678e+02
1.210309300000000547e+02 2.293863499999999647e+02
1.198004600000000579e+02 2.293863499999999647e+02
1.198004600000000579e+02 2.289918199999999615e+02
1.185778100000000563e+02 2.289918199999999615e+02
1.185778100000000563e+02 2.286011899999999741e+02
1.173473400000000595e+02 2.286011899999999741e+02
1.173473400000000595e+02 2.282066599999999710e+02
1.161246800000000547e+02 2.282066599999999710e+02
1.161246800000000547e+02 2.278120199999999613e+02
1.149020300000000532e+02 2.278120199999999613e+02
1.149020300000000532e+02 2.274331099999999708e+02
1.136715600000000563e+02 2.274291099999999801e+02
1.136715600000000563e+02 2.270384899999999675e+02
1.125964500000000612e+02 2.270404899999999770e+02
1.125543500000000563e+02 2.285771999999999764e+02
1.117067000000000547e+02 2.285771999999999764e+02
1.117067000000000547e+02 2.282607899999999859e+02
1.108668500000000563e+02 2.282607899999999859e+02
1.108668500000000563e+02 2.265107999999999890e+02
1.117067000000000547e+02 2.265107999999999890e+02
1.112184200000000516e+02 2.262529799999999796e+02
1.099957600000000468e+02 2.262529799999999796e+02
1.099957600000000468e+02 2.258584499999999764e+02
1.087652900000000500e+02 2.258584499999999764e+02
