# Cls = PFC
# Exp = TOMAS
# Name = limiter
6.000000000000000000e+01 2.000000000000000000e+00
9.214213562373094746e-01 -1.414213562373094479e-01
9.638477631085023978e-01 -1.838477631085023434e-01
9.735314517661902700e-01 -1.736248172850608784e-01
9.826474793308138667e-01 -1.628925999573564987e-01
9.911691069228549811e-01 -1.516825905679484165e-01
9.990713391403287513e-01 -1.400276700058351309e-01
1.006330997374604852e+00 -1.279620241611419129e-01
1.012926787797258976e+00 -1.155210436520149320e-01
1.018839363818541788e+00 -1.027412200178404456e-01
1.024051382834259227e+00 -8.966003868327229731e-02
1.028547557094618980e+00 -7.631586900702304332e-02
1.032314698545834908e+00 -6.274785173792346571e-02
1.035341757512960648e+00 -4.899578420836273734e-02
1.037619855110489819e+00 -3.510000360185543816e-02
1.039142309285657984e+00 -2.110126863713213119e-02
1.039904654418053909e+00 -7.040640015794958143e-03
1.039904654418053909e+00 7.040640015794958143e-03
1.039142309285657984e+00 2.110126863713213119e-02
1.037619855110489819e+00 3.510000360185543816e-02
1.035341757512960648e+00 4.899578420836273734e-02
1.032314698545834908e+00 6.274785173792346571e-02
1.028547557094618980e+00 7.631586900702304332e-02
1.024051382834259227e+00 8.966003868327231119e-02
1.018839363818541788e+00 1.027412200178404178e-01
1.012926787797258976e+00 1.155210436520149320e-01
1.006330997374604852e+00 1.279620241611419129e-01
9.990713391403287513e-01 1.400276700058351309e-01
9.911691069228549811e-01 1.516825905679484165e-01
9.826474793308138667e-01 1.628925999573565264e-01
9.735314517661903810e-01 1.736248172850608507e-01
9.638477631085023978e-01 1.838477631085023434e-01
9.214213562373094746e-01 1.414213562373094479e-01
9.288703475124540088e-01 1.335575517577391180e-01
9.358826764083183480e-01 1.253019999671972917e-01
9.424377745560421626e-01 1.166789158214987659e-01
9.485164147233298149e-01 1.077135923121808475e-01
9.541007672112343796e-01 9.843232627780143518e-02
9.591744521517375777e-01 8.886234127078068701e-02
9.637225875527243302e-01 7.903170770603108741e-02
9.677318329494301041e-01 6.896926052559404496e-02
9.711904285343222476e-01 5.870451462078694199e-02
9.740882296506422344e-01 4.826757825994111573e-02
9.764167365484311967e-01 3.768906477566363877e-02
9.781691193157613373e-01 2.700000277065802215e-02
9.793402379120446088e-01 1.623174510548625049e-02
9.799266572446567736e-01 5.415876935226889011e-03
9.799266572446567736e-01 -5.415876935226889011e-03
9.793402379120446088e-01 -1.623174510548625049e-02
9.781691193157613373e-01 -2.700000277065802215e-02
9.764167365484311967e-01 -3.768906477566363877e-02
9.740882296506422344e-01 -4.826757825994111573e-02
9.711904285343222476e-01 -5.870451462078694199e-02
9.677318329494301041e-01 -6.896926052559405884e-02
9.637225875527243302e-01 -7.903170770603107353e-02
9.591744521517375777e-01 -8.886234127078068701e-02
9.541007672112343796e-01 -9.843232627780143518e-02
9.485164147233298149e-01 -1.077135923121808475e-01
9.424377745560421626e-01 -1.166789158214987659e-01
9.358826764083183480e-01 -1.253019999671972917e-01
9.288703475124540088e-01 -1.335575517577390903e-01
-9.090909090909091161e-02 1.020408163265306214e-02
9.090909090909091161e-02 1.020408163265306214e-02
