# Cls = Ves
# Exp = AUG
# Name = V0
3.120000000000000000e+02 0.000000000000000000e+00
1.100000000000000089e+00 -5.839999999999999636e-01
1.135999999999999899e+00 -6.580000000000000293e-01
1.137999999999999901e+00 -6.580000000000000293e-01
1.141000000000000014e+00 -6.590000000000000302e-01
1.143000000000000016e+00 -6.600000000000000311e-01
1.145000000000000018e+00 -6.610000000000000320e-01
1.187000000000000055e+00 -7.259999999999999787e-01
1.187000000000000055e+00 -7.269999999999999796e-01
1.187000000000000055e+00 -7.279999999999999805e-01
1.187000000000000055e+00 -7.289999999999999813e-01
1.185999999999999943e+00 -7.299999999999999822e-01
1.187000000000000055e+00 -7.299999999999999822e-01
1.187999999999999945e+00 -7.299999999999999822e-01
1.189000000000000057e+00 -7.299999999999999822e-01
1.189999999999999947e+00 -7.309999999999999831e-01
1.247000000000000108e+00 -8.199999999999999512e-01
1.247000000000000108e+00 -8.219999999999999529e-01
1.243999999999999995e+00 -8.239999999999999547e-01
1.247000000000000108e+00 -8.249999999999999556e-01
1.247999999999999998e+00 -8.259999999999999565e-01
1.249000000000000110e+00 -8.259999999999999565e-01
1.250000000000000000e+00 -8.269999999999999574e-01
1.258999999999999897e+00 -8.419999999999999707e-01
1.266000000000000014e+00 -8.579999999999999849e-01
1.272999999999999909e+00 -8.729999999999999982e-01
1.278000000000000025e+00 -8.900000000000000133e-01
1.282000000000000028e+00 -9.060000000000000275e-01
1.284999999999999920e+00 -9.230000000000000426e-01
1.286999999999999922e+00 -9.399999999999999467e-01
1.288000000000000034e+00 -9.569999999999999618e-01
1.286999999999999922e+00 -9.739999999999999769e-01
1.286999999999999922e+00 -9.749999999999999778e-01
1.286999999999999922e+00 -9.759999999999999787e-01
1.286000000000000032e+00 -9.769999999999999796e-01
1.284999999999999920e+00 -9.779999999999999805e-01
1.284000000000000030e+00 -9.779999999999999805e-01
1.282999999999999918e+00 -9.789999999999999813e-01
1.280999999999999917e+00 -9.809999999999999831e-01
1.282000000000000028e+00 -9.829999999999999849e-01
1.282999999999999918e+00 -9.849999999999999867e-01
1.282999999999999918e+00 -9.869999999999999885e-01
1.235999999999999988e+00 -1.122999999999999998e+00
1.235000000000000098e+00 -1.124000000000000110e+00
1.235000000000000098e+00 -1.125000000000000000e+00
1.231999999999999984e+00 -1.125000000000000000e+00
1.233000000000000096e+00 -1.125999999999999890e+00
1.233999999999999986e+00 -1.127999999999999892e+00
1.243999999999999995e+00 -1.141999999999999904e+00
1.243999999999999995e+00 -1.143000000000000016e+00
1.243999999999999995e+00 -1.143999999999999906e+00
1.280000000000000027e+00 -1.122999999999999998e+00
1.280000000000000027e+00 -1.102000000000000091e+00
1.280000000000000027e+00 -1.100000000000000089e+00
1.280000000000000027e+00 -1.098000000000000087e+00
1.282000000000000028e+00 -1.096000000000000085e+00
1.314000000000000057e+00 -1.070999999999999952e+00
1.314999999999999947e+00 -1.070000000000000062e+00
1.316999999999999948e+00 -1.068999999999999950e+00
1.318999999999999950e+00 -1.070000000000000062e+00
1.320999999999999952e+00 -1.070999999999999952e+00
1.320000000000000062e+00 -1.068000000000000060e+00
1.318999999999999950e+00 -1.066999999999999948e+00
1.320000000000000062e+00 -1.066000000000000059e+00
1.322000000000000064e+00 -1.064000000000000057e+00
1.326000000000000068e+00 -1.062000000000000055e+00
1.459000000000000075e+00 -1.062000000000000055e+00
1.461000000000000076e+00 -1.062999999999999945e+00
1.463000000000000078e+00 -1.064000000000000057e+00
1.481999999999999984e+00 -1.086999999999999966e+00
1.481999999999999984e+00 -1.088000000000000078e+00
1.481999999999999984e+00 -1.088999999999999968e+00
1.481999999999999984e+00 -1.090000000000000080e+00
1.475000000000000089e+00 -1.090999999999999970e+00
1.483000000000000096e+00 -1.090999999999999970e+00
1.485000000000000098e+00 -1.092000000000000082e+00
1.487000000000000099e+00 -1.092999999999999972e+00
1.554000000000000048e+00 -1.173000000000000043e+00
1.554999999999999938e+00 -1.175000000000000044e+00
1.554999999999999938e+00 -1.175999999999999934e+00
1.554999999999999938e+00 -1.183999999999999941e+00
1.554999999999999938e+00 -1.185999999999999943e+00
1.554000000000000048e+00 -1.187999999999999945e+00
1.542999999999999927e+00 -1.195999999999999952e+00
1.556000000000000050e+00 -1.213999999999999968e+00
1.558000000000000052e+00 -1.213000000000000078e+00
1.562000000000000055e+00 -1.211000000000000076e+00
1.562999999999999945e+00 -1.209999999999999964e+00
1.566000000000000059e+00 -1.209000000000000075e+00
1.566999999999999948e+00 -1.209000000000000075e+00
1.578999999999999959e+00 -1.209000000000000075e+00
1.584000000000000075e+00 -1.207999999999999963e+00
1.578999999999999959e+00 -1.207999999999999963e+00
1.635000000000000009e+00 -9.989999999999999991e-01
1.639000000000000012e+00 -9.989999999999999991e-01
1.637999999999999901e+00 -9.979999999999999982e-01
1.635999999999999899e+00 -9.969999999999999973e-01
1.635999999999999899e+00 -9.949999999999999956e-01
1.637999999999999901e+00 -9.859999999999999876e-01
1.643000000000000016e+00 -9.719999999999999751e-01
1.649000000000000021e+00 -9.559999999999999609e-01
1.657999999999999918e+00 -9.370000000000000551e-01
1.665000000000000036e+00 -9.240000000000000435e-01
1.673999999999999932e+00 -9.090000000000000302e-01
1.687000000000000055e+00 -8.880000000000000115e-01
1.701999999999999957e+00 -8.629999999999999893e-01
1.703999999999999959e+00 -8.599999999999999867e-01
1.707000000000000073e+00 -8.569999999999999840e-01
1.711000000000000076e+00 -8.539999999999999813e-01
1.715000000000000080e+00 -8.499999999999999778e-01
1.721999999999999975e+00 -8.459999999999999742e-01
1.727000000000000091e+00 -8.429999999999999716e-01
1.731999999999999984e+00 -8.419999999999999707e-01
1.739000000000000101e+00 -8.399999999999999689e-01
1.745000000000000107e+00 -8.389999999999999680e-01
1.758000000000000007e+00 -8.389999999999999680e-01
1.770000000000000018e+00 -8.389999999999999680e-01
1.752000000000000002e+00 -8.259999999999999565e-01
1.752999999999999892e+00 -8.259999999999999565e-01
1.875000000000000000e+00 -6.860000000000000542e-01
1.875999999999999890e+00 -6.860000000000000542e-01
1.877999999999999892e+00 -6.850000000000000533e-01
1.879000000000000004e+00 -6.830000000000000515e-01
1.993999999999999995e+00 -5.500000000000000444e-01
1.995999999999999996e+00 -5.490000000000000435e-01
1.997999999999999998e+00 -5.480000000000000426e-01
2.000000000000000000e+00 -5.470000000000000417e-01
2.001999999999999780e+00 -5.240000000000000213e-01
1.997000000000000108e+00 -5.230000000000000204e-01
1.993999999999999995e+00 -5.200000000000000178e-01
1.991999999999999993e+00 -5.160000000000000142e-01
1.991999999999999993e+00 -5.110000000000000098e-01
1.993999999999999995e+00 -5.070000000000000062e-01
2.004000000000000004e+00 -4.949999999999999956e-01
2.016999999999999904e+00 -4.759999999999999787e-01
2.029999999999999805e+00 -4.570000000000000173e-01
2.043000000000000149e+00 -4.380000000000000004e-01
2.055000000000000160e+00 -4.179999999999999827e-01
2.065999999999999837e+00 -3.990000000000000213e-01
2.077999999999999847e+00 -3.790000000000000036e-01
2.088999999999999968e+00 -3.579999999999999849e-01
2.099000000000000199e+00 -3.380000000000000226e-01
2.108999999999999986e+00 -3.170000000000000040e-01
2.117999999999999883e+00 -2.959999999999999853e-01
2.125999999999999890e+00 -2.760000000000000231e-01
2.126999999999999780e+00 -2.750000000000000222e-01
2.136000000000000121e+00 -2.530000000000000027e-01
2.144000000000000128e+00 -2.310000000000000109e-01
2.150999999999999801e+00 -2.099999999999999922e-01
2.158999999999999808e+00 -1.880000000000000004e-01
2.165000000000000036e+00 -1.660000000000000087e-01
2.169999999999999929e+00 -1.489999999999999936e-01
2.170999999999999819e+00 -1.429999999999999882e-01
2.174999999999999822e+00 -1.290000000000000036e-01
2.177000000000000046e+00 -1.209999999999999964e-01
2.181999999999999940e+00 -9.800000000000000377e-02
2.186999999999999833e+00 -7.499999999999999722e-02
2.190999999999999837e+00 -5.299999999999999850e-02
2.194999999999999840e+00 -2.999999999999999889e-02
2.197999999999999954e+00 -7.000000000000000146e-03
2.197999999999999954e+00 -1.000000000000000021e-03
2.200000000000000178e+00 1.600000000000000033e-02
2.202999999999999847e+00 3.899999999999999994e-02
2.204000000000000181e+00 6.199999999999999956e-02
2.205000000000000071e+00 9.800000000000000377e-02
2.205000000000000071e+00 1.330000000000000071e-01
2.204000000000000181e+00 1.570000000000000007e-01
2.204000000000000181e+00 1.690000000000000113e-01
2.200000000000000178e+00 2.039999999999999869e-01
2.200000000000000178e+00 2.089999999999999913e-01
2.196000000000000174e+00 2.389999999999999902e-01
2.189999999999999947e+00 2.740000000000000213e-01
2.181999999999999940e+00 3.079999999999999960e-01
2.173000000000000043e+00 3.430000000000000271e-01
2.161999999999999922e+00 3.770000000000000018e-01
2.158999999999999808e+00 3.860000000000000098e-01
2.149999999999999911e+00 4.099999999999999756e-01
2.137000000000000011e+00 4.420000000000000040e-01
2.137000000000000011e+00 4.430000000000000049e-01
2.121999999999999886e+00 4.749999999999999778e-01
2.108999999999999986e+00 4.989999999999999991e-01
2.105999999999999872e+00 5.090000000000000080e-01
2.107000000000000206e+00 5.170000000000000151e-01
2.111000000000000210e+00 5.240000000000000213e-01
2.117999999999999883e+00 5.290000000000000258e-01
2.125999999999999890e+00 5.310000000000000275e-01
2.117999999999999883e+00 5.470000000000000417e-01
2.100999999999999979e+00 5.470000000000000417e-01
2.003000000000000114e+00 7.069999999999999618e-01
2.001999999999999780e+00 7.079999999999999627e-01
1.905000000000000027e+00 8.659999999999999920e-01
1.905000000000000027e+00 8.679999999999999938e-01
1.903999999999999915e+00 8.679999999999999938e-01
1.903000000000000025e+00 8.689999999999999947e-01
1.897000000000000020e+00 8.800000000000000044e-01
1.895999999999999908e+00 8.810000000000000053e-01
1.897000000000000020e+00 8.820000000000000062e-01
1.897000000000000020e+00 8.830000000000000071e-01
1.897000000000000020e+00 8.840000000000000080e-01
1.875000000000000000e+00 9.210000000000000409e-01
1.875000000000000000e+00 9.220000000000000417e-01
1.875000000000000000e+00 9.230000000000000426e-01
1.875000000000000000e+00 9.240000000000000435e-01
1.868000000000000105e+00 9.379999999999999449e-01
1.866000000000000103e+00 9.379999999999999449e-01
1.864999999999999991e+00 9.389999999999999458e-01
1.862999999999999989e+00 9.409999999999999476e-01
1.774999999999999911e+00 1.070999999999999952e+00
1.774000000000000021e+00 1.072999999999999954e+00
1.774000000000000021e+00 1.074999999999999956e+00
1.774999999999999911e+00 1.076000000000000068e+00
1.776000000000000023e+00 1.078000000000000069e+00
1.784000000000000030e+00 1.082999999999999963e+00
1.796000000000000041e+00 1.082000000000000073e+00
1.729000000000000092e+00 1.106000000000000094e+00
1.727000000000000091e+00 1.106999999999999984e+00
1.725999999999999979e+00 1.108000000000000096e+00
1.725000000000000089e+00 1.108999999999999986e+00
1.725000000000000089e+00 1.110999999999999988e+00
1.723999999999999977e+00 1.110999999999999988e+00
1.721999999999999975e+00 1.110000000000000098e+00
1.719999999999999973e+00 1.108999999999999986e+00
1.717999999999999972e+00 1.108999999999999986e+00
1.651000000000000023e+00 1.133999999999999897e+00
1.649999999999999911e+00 1.135000000000000009e+00
1.649000000000000021e+00 1.135999999999999899e+00
1.647999999999999909e+00 1.137999999999999901e+00
1.645999999999999908e+00 1.137999999999999901e+00
1.645999999999999908e+00 1.137000000000000011e+00
1.645000000000000018e+00 1.137000000000000011e+00
1.643999999999999906e+00 1.137000000000000011e+00
1.508999999999999897e+00 1.189999999999999947e+00
1.508000000000000007e+00 1.191000000000000059e+00
1.502999999999999892e+00 1.189999999999999947e+00
1.502999999999999892e+00 1.187999999999999945e+00
1.502000000000000002e+00 1.185999999999999943e+00
1.500000000000000000e+00 1.185000000000000053e+00
1.336000000000000076e+00 1.092999999999999972e+00
1.334999999999999964e+00 1.092999999999999972e+00
1.334000000000000075e+00 1.092999999999999972e+00
1.332000000000000073e+00 1.092000000000000082e+00
1.332000000000000073e+00 1.090000000000000080e+00
1.332000000000000073e+00 1.088999999999999968e+00
1.330999999999999961e+00 1.086999999999999966e+00
1.288000000000000034e+00 1.030999999999999917e+00
1.286999999999999922e+00 1.030000000000000027e+00
1.286000000000000032e+00 1.028999999999999915e+00
1.284000000000000030e+00 1.028999999999999915e+00
1.282000000000000028e+00 1.028999999999999915e+00
1.282999999999999918e+00 1.028000000000000025e+00
1.282999999999999918e+00 1.026000000000000023e+00
1.282999999999999918e+00 1.024000000000000021e+00
1.282000000000000028e+00 1.022999999999999909e+00
1.241999999999999993e+00 9.689999999999999725e-01
1.239999999999999991e+00 9.669999999999999707e-01
1.239000000000000101e+00 9.659999999999999698e-01
1.237999999999999989e+00 9.649999999999999689e-01
1.235000000000000098e+00 9.649999999999999689e-01
1.235000000000000098e+00 9.639999999999999680e-01
1.235999999999999988e+00 9.639999999999999680e-01
1.235999999999999988e+00 9.629999999999999671e-01
1.237000000000000099e+00 9.619999999999999662e-01
1.237000000000000099e+00 9.609999999999999654e-01
1.237000000000000099e+00 9.599999999999999645e-01
1.237000000000000099e+00 9.589999999999999636e-01
1.237000000000000099e+00 9.579999999999999627e-01
1.207999999999999963e+00 8.910000000000000142e-01
1.207000000000000073e+00 8.910000000000000142e-01
1.207000000000000073e+00 8.900000000000000133e-01
1.205999999999999961e+00 8.900000000000000133e-01
1.205999999999999961e+00 8.890000000000000124e-01
1.205000000000000071e+00 8.890000000000000124e-01
1.203999999999999959e+00 8.880000000000000115e-01
1.203000000000000069e+00 8.880000000000000115e-01
1.201999999999999957e+00 8.880000000000000115e-01
1.201999999999999957e+00 8.860000000000000098e-01
1.203000000000000069e+00 8.850000000000000089e-01
1.203000000000000069e+00 8.840000000000000080e-01
1.203000000000000069e+00 8.830000000000000071e-01
1.203000000000000069e+00 8.820000000000000062e-01
1.203000000000000069e+00 8.810000000000000053e-01
1.179999999999999938e+00 8.199999999999999512e-01
1.179000000000000048e+00 8.179999999999999494e-01
1.177999999999999936e+00 8.159999999999999476e-01
1.167000000000000037e+00 8.020000000000000462e-01
1.165999999999999925e+00 8.010000000000000453e-01
1.165000000000000036e+00 8.000000000000000444e-01
1.163999999999999924e+00 8.000000000000000444e-01
1.163000000000000034e+00 8.000000000000000444e-01
1.161999999999999922e+00 8.000000000000000444e-01
1.161000000000000032e+00 8.000000000000000444e-01
1.153000000000000025e+00 7.730000000000000204e-01
1.163999999999999924e+00 7.690000000000000169e-01
1.143999999999999906e+00 7.039999999999999591e-01
1.125999999999999890e+00 6.380000000000000115e-01
1.108999999999999986e+00 5.709999999999999520e-01
1.094999999999999973e+00 5.040000000000000036e-01
1.082000000000000073e+00 4.369999999999999996e-01
1.070999999999999952e+00 3.699999999999999956e-01
1.060999999999999943e+00 3.019999999999999907e-01
1.054000000000000048e+00 2.340000000000000135e-01
1.048999999999999932e+00 1.660000000000000087e-01
1.044999999999999929e+00 9.700000000000000289e-02
1.042999999999999927e+00 2.900000000000000147e-02
1.042999999999999927e+00 -4.000000000000000083e-02
1.044999999999999929e+00 -1.079999999999999988e-01
1.048999999999999932e+00 -1.759999999999999898e-01
1.054999999999999938e+00 -2.439999999999999947e-01
1.062999999999999945e+00 -3.119999999999999996e-01
1.072000000000000064e+00 -3.800000000000000044e-01
1.082999999999999963e+00 -4.480000000000000093e-01
1.096999999999999975e+00 -5.150000000000000133e-01
1.112000000000000099e+00 -5.819999999999999618e-01
