# Cls = Ves
# Exp = DEMO2019
# Name = vessel
1.667000000000000000e+03 0.000000000000000000e+00
5.038000000000000256e+00 -5.769000000000000128e+00
5.038019500000000761e+00 -5.776613300000000173e+00
5.038078000000000500e+00 -5.784226399999999657e+00
5.038175400000000081e+00 -5.791839099999999796e+00
5.038311800000000673e+00 -5.799451100000000636e+00
5.038487199999999611e+00 -5.807062399999999514e+00
5.038701500000000166e+00 -5.814672700000000027e+00
5.038954800000000844e+00 -5.822281799999999841e+00
5.039247000000000476e+00 -5.829889500000000169e+00
5.039578200000000230e+00 -5.837495600000000451e+00
5.039948400000000106e+00 -5.845099900000000126e+00
5.040357399999999544e+00 -5.852702199999999522e+00
5.040805399999999992e+00 -5.860302399999999245e+00
5.041292200000000001e+00 -5.867900099999999952e+00
5.041818000000000133e+00 -5.875495200000000473e+00
5.042382599999999826e+00 -5.883087599999999640e+00
5.042986100000000249e+00 -5.890676900000000771e+00
5.043628399999999345e+00 -5.898263100000000314e+00
5.044309599999999172e+00 -5.905845799999999812e+00
5.045029599999999448e+00 -5.913425000000000153e+00
5.045788299999999893e+00 -5.921000399999999608e+00
5.046585900000000180e+00 -5.928571899999999673e+00
5.047422099999999467e+00 -5.936139100000000113e+00
5.048297200000000373e+00 -5.943702000000000041e+00
5.049210900000000279e+00 -5.951260200000000111e+00
5.050163300000000355e+00 -5.958813699999999436e+00
5.051154300000000319e+00 -5.966362300000000118e+00
5.052184000000000452e+00 -5.973905600000000149e+00
5.053252300000000474e+00 -5.981443599999999527e+00
5.054359199999999497e+00 -5.988976000000000077e+00
5.055504599999999904e+00 -5.996502699999999741e+00
5.056688499999999920e+00 -6.004023400000000343e+00
5.057910999999999824e+00 -6.011537900000000434e+00
5.059171799999999664e+00 -6.019046099999999733e+00
5.060471100000000000e+00 -6.026547700000000063e+00
5.061808799999999664e+00 -6.034042599999999368e+00
5.063184800000000152e+00 -6.041530499999999471e+00
5.064599199999999968e+00 -6.049011300000000091e+00
5.066051800000000327e+00 -6.056484700000000387e+00
5.067542699999999734e+00 -6.063950600000000080e+00
5.069071700000000291e+00 -6.071408800000000383e+00
5.070638999999999896e+00 -6.078859099999999849e+00
5.072244300000000372e+00 -6.086301200000000300e+00
5.073887700000000223e+00 -6.093734999999999680e+00
5.075569200000000336e+00 -6.101160299999999204e+00
5.077288600000000152e+00 -6.108576900000000087e+00
5.079045999999999950e+00 -6.115984599999999993e+00
5.080841300000000338e+00 -6.123383200000000137e+00
5.082674500000000428e+00 -6.130772499999999958e+00
5.084545399999999660e+00 -6.138152400000000064e+00
5.086454200000000370e+00 -6.145522500000000221e+00
5.088400599999999940e+00 -6.152882800000000429e+00
5.090384600000000148e+00 -6.160233100000000128e+00
5.092406299999999497e+00 -6.167572999999999972e+00
5.094465500000000091e+00 -6.174902600000000241e+00
5.096562299999999546e+00 -6.182221499999999814e+00
5.098696399999999684e+00 -6.189529499999999906e+00
5.100868000000000180e+00 -6.196826600000000518e+00
5.103076800000000190e+00 -6.204112399999999639e+00
5.105323000000000278e+00 -6.211386800000000541e+00
5.107606300000000488e+00 -6.218649700000000280e+00
5.109926800000000213e+00 -6.225900700000000398e+00
5.112284399999999174e+00 -6.233139800000000008e+00
5.114679100000000034e+00 -6.240366699999999156e+00
5.117110600000000176e+00 -6.247581300000000226e+00
5.119579100000000160e+00 -6.254783299999999713e+00
5.122084499999999707e+00 -6.261972600000000000e+00
5.124626600000000032e+00 -6.269148900000000246e+00
5.127205400000000246e+00 -6.276312200000000452e+00
5.129820800000000069e+00 -6.283462099999999495e+00
5.132472799999999502e+00 -6.290598600000000040e+00
5.135161400000000320e+00 -6.297721400000000358e+00
5.137886299999999906e+00 -6.304830400000000168e+00
5.140647600000000317e+00 -6.311925299999999517e+00
5.143445200000000384e+00 -6.319005999999999901e+00
5.146279000000000714e+00 -6.326072199999999590e+00
5.149148900000000140e+00 -6.333123899999999473e+00
5.152054900000000437e+00 -6.340160799999999597e+00
5.154996900000000437e+00 -6.347182700000000288e+00
5.157974799999999860e+00 -6.354189400000000099e+00
5.160988500000000201e+00 -6.361180800000000524e+00
5.164037999999999684e+00 -6.368156699999999226e+00
5.167123099999999525e+00 -6.375116900000000086e+00
5.170243900000000004e+00 -6.382061199999999879e+00
5.173400100000000279e+00 -6.388989500000000099e+00
5.176591799999999743e+00 -6.395901499999999906e+00
5.179818799999999612e+00 -6.402796999999999628e+00
5.183081100000000774e+00 -6.409676000000000151e+00
5.186378600000000283e+00 -6.416538199999999748e+00
5.189711100000000243e+00 -6.423383399999999632e+00
5.193078700000000048e+00 -6.430211400000000133e+00
5.196481099999999742e+00 -6.437022100000000080e+00
5.199918399999999608e+00 -6.443815299999999802e+00
5.203390399999999971e+00 -6.450590799999999625e+00
5.206896999999999665e+00 -6.457348500000000158e+00
5.210438199999999576e+00 -6.464088099999999670e+00
5.214013900000000312e+00 -6.470809500000000547e+00
5.217623899999999537e+00 -6.477512499999999562e+00
5.221268200000000803e+00 -6.484196899999999708e+00
5.224946599999999997e+00 -6.490862600000000704e+00
5.228659200000000062e+00 -6.497509400000000213e+00
5.232405700000000159e+00 -6.504137100000000338e+00
5.236186100000000287e+00 -6.510745499999999630e+00
5.240000200000000774e+00 -6.517334499999999586e+00
5.243848100000000123e+00 -6.523903800000000253e+00
5.247729500000000158e+00 -6.530453400000000741e+00
5.251644399999999990e+00 -6.536983000000000210e+00
5.255592700000000228e+00 -6.543492500000000156e+00
5.259574300000000591e+00 -6.549981700000000018e+00
5.263588999999999629e+00 -6.556450400000000123e+00
5.267636800000000008e+00 -6.562898500000000190e+00
5.271717499999999390e+00 -6.569325799999999660e+00
5.275831100000000440e+00 -6.575732099999999747e+00
5.279977500000000212e+00 -6.582117300000000171e+00
5.284156499999999923e+00 -6.588481100000000090e+00
5.288368000000000180e+00 -6.594823500000000394e+00
5.292611899999999814e+00 -6.601144199999999351e+00
5.296888100000000321e+00 -6.607443199999999628e+00
5.301196499999999645e+00 -6.613720099999999213e+00
5.305537000000000170e+00 -6.619974899999999884e+00
5.309909399999999557e+00 -6.626207400000000192e+00
5.314313699999999585e+00 -6.632417499999999855e+00
5.318749799999999972e+00 -6.638604900000000697e+00
5.323217400000000765e+00 -6.644769500000000662e+00
5.327716599999999580e+00 -6.650911199999999468e+00
5.332247100000000017e+00 -6.657029699999999828e+00
5.336808900000000300e+00 -6.663124999999999964e+00
5.341401799999999866e+00 -6.669196900000000205e+00
5.346025800000000494e+00 -6.675245099999999709e+00
5.350680699999999845e+00 -6.681269599999999365e+00
5.355366300000000024e+00 -6.687270199999999498e+00
5.360082600000000141e+00 -6.693246799999999830e+00
5.364829499999999918e+00 -6.699199099999999518e+00
5.369606700000000288e+00 -6.705127000000000059e+00
5.374414300000000644e+00 -6.711030399999999396e+00
5.379252000000000145e+00 -6.716909099999999633e+00
5.384119700000000286e+00 -6.722762999999999600e+00
5.389017300000000787e+00 -6.728591800000000234e+00
5.393944699999999592e+00 -6.734395499999999757e+00
5.398901799999999973e+00 -6.740173999999999666e+00
5.403888399999999592e+00 -6.745926900000000614e+00
5.408904300000000553e+00 -6.751654300000000219e+00
5.413949499999999304e+00 -6.757355899999999416e+00
5.419023900000000005e+00 -6.763031600000000587e+00
5.424127200000000038e+00 -6.768681199999999620e+00
5.429259400000000291e+00 -6.774304700000000068e+00
5.434420300000000204e+00 -6.779901799999999312e+00
5.439609800000000384e+00 -6.785472399999999737e+00
5.444827699999999382e+00 -6.791016400000000175e+00
5.450073900000000471e+00 -6.796533499999999783e+00
5.455348400000000098e+00 -6.802023799999999731e+00
5.460650800000000693e+00 -6.807487000000000066e+00
5.465981199999999873e+00 -6.812922899999999338e+00
5.471339299999999461e+00 -6.818331500000000212e+00
5.476725099999999458e+00 -6.823712599999999462e+00
5.482138299999999909e+00 -6.829066100000000361e+00
5.487578800000000534e+00 -6.834391800000000572e+00
5.493046599999999557e+00 -6.839689500000000422e+00
5.498541399999999690e+00 -6.844959199999999910e+00
5.504063100000000652e+00 -6.850200700000000253e+00
5.509611500000000106e+00 -6.855413899999999394e+00
5.515186599999999828e+00 -6.860598600000000324e+00
5.520788200000000145e+00 -6.865754700000000099e+00
5.526416000000000217e+00 -6.870881999999999934e+00
5.532070100000000323e+00 -6.875980400000000436e+00
5.537750200000000511e+00 -6.881049899999999830e+00
5.543456100000000220e+00 -6.886090199999999939e+00
5.549187799999999449e+00 -6.891101200000000482e+00
5.554945000000000022e+00 -6.896082800000000290e+00
5.560727700000000162e+00 -6.901034899999999972e+00
5.566535700000000197e+00 -6.905957299999999854e+00
5.572368800000000455e+00 -6.910849900000000545e+00
5.578226800000000374e+00 -6.915712599999999988e+00
5.584109699999999954e+00 -6.920545199999999397e+00
5.590017200000000130e+00 -6.925347700000000550e+00
5.595949300000000015e+00 -6.930119800000000829e+00
5.601905700000000543e+00 -6.934861500000000234e+00
5.607886300000000546e+00 -6.939572699999999372e+00
5.613890900000000350e+00 -6.944253200000000348e+00
5.619919399999999676e+00 -6.948902799999999935e+00
5.625971599999999739e+00 -6.953521600000000191e+00
5.632047400000000259e+00 -6.958109300000000275e+00
5.638146700000000067e+00 -6.962665799999999905e+00
5.644269100000000705e+00 -6.967191099999999970e+00
5.650414700000000678e+00 -6.971685000000000798e+00
5.656583099999999753e+00 -6.976147300000000051e+00
5.662774399999999986e+00 -6.980578000000000394e+00
5.668988199999999367e+00 -6.984976899999999489e+00
5.675224500000000560e+00 -6.989344000000000001e+00
5.681483000000000061e+00 -6.993679100000000481e+00
5.687763700000000533e+00 -6.997982099999999761e+00
5.694066300000000247e+00 -7.002252900000000224e+00
5.700390699999999811e+00 -7.006491399999999814e+00
5.706736700000000440e+00 -7.010697399999999746e+00
5.713104099999999796e+00 -7.014870900000000020e+00
5.719492900000000546e+00 -7.019011700000000076e+00
5.725902699999999790e+00 -7.023119800000000801e+00
5.732333499999999304e+00 -7.027194999999999858e+00
5.738785100000000305e+00 -7.031237299999999912e+00
5.745257300000000455e+00 -7.035246400000000122e+00
5.751749900000000082e+00 -7.039222399999999880e+00
5.758262800000000681e+00 -7.043165100000000400e+00
5.764795799999999915e+00 -7.047074400000000516e+00
5.771348699999999887e+00 -7.050950099999999665e+00
5.777921300000000038e+00 -7.054792299999999905e+00
5.784513600000000366e+00 -7.058600799999999786e+00
5.791125300000000031e+00 -7.062375499999999917e+00
5.797756200000000248e+00 -7.066116300000000017e+00
5.804406100000000457e+00 -7.069823099999999805e+00
5.811074999999999768e+00 -7.073495799999999889e+00
5.817762600000000006e+00 -7.077134400000000269e+00
5.824468700000000609e+00 -7.080738600000000105e+00
5.831193199999999521e+00 -7.084308400000000283e+00
5.837935800000000341e+00 -7.087843799999999916e+00
5.844696500000000405e+00 -7.091344699999999612e+00
5.851475000000000648e+00 -7.094810800000000306e+00
5.858271199999999901e+00 -7.098242199999999613e+00
5.865084799999999987e+00 -7.101638799999999918e+00
5.871915800000000019e+00 -7.105000500000000052e+00
5.878763799999999762e+00 -7.108327100000000343e+00
5.885628800000000105e+00 -7.111618700000000182e+00
5.892510599999999599e+00 -7.114874999999999616e+00
5.899408900000000067e+00 -7.118096099999999815e+00
5.906323699999999732e+00 -7.121281799999999329e+00
5.913254600000000138e+00 -7.124432099999999934e+00
5.920201600000000397e+00 -7.127546900000000463e+00
5.927164499999999947e+00 -7.130626000000000353e+00
5.934142999999999724e+00 -7.133669499999999886e+00
5.941136999999999446e+00 -7.136677200000000276e+00
5.948146300000000330e+00 -7.139649000000000356e+00
5.955170799999999431e+00 -7.142585000000000406e+00
5.962210100000000068e+00 -7.145484900000000472e+00
5.969264299999999857e+00 -7.148348799999999947e+00
5.976332999999999451e+00 -7.151176499999999159e+00
5.983416100000000348e+00 -7.153967899999999602e+00
5.990513299999999930e+00 -7.156723099999999782e+00
5.997624599999999973e+00 -7.159441900000000025e+00
6.004749799999999915e+00 -7.162124300000000332e+00
6.011888500000000413e+00 -7.164770199999999534e+00
6.019040699999999688e+00 -7.167379500000000014e+00
6.026206199999999846e+00 -7.169952100000000605e+00
6.033384700000000045e+00 -7.172488000000000419e+00
6.040576200000000284e+00 -7.174987199999999454e+00
6.047780300000000331e+00 -7.177449400000000423e+00
6.054997000000000185e+00 -7.179874799999999446e+00
6.062225900000000500e+00 -7.182263200000000403e+00
6.069467099999999782e+00 -7.184614599999999740e+00
6.076720099999999292e+00 -7.186928799999999562e+00
6.083984900000000806e+00 -7.189205900000000149e+00
6.091261300000000212e+00 -7.191445800000000332e+00
6.098549000000000220e+00 -7.193648399999999832e+00
6.105847899999999662e+00 -7.195813699999999535e+00
6.113157799999999753e+00 -7.197941499999999770e+00
6.120478499999999933e+00 -7.200031899999999929e+00
6.127809799999999640e+00 -7.202084799999999731e+00
6.135151500000000091e+00 -7.204100200000000065e+00
6.142503500000000116e+00 -7.206077900000000369e+00
7.498456199999999683e+00 -7.567121600000000115e+00
7.506360299999999874e+00 -7.569205900000000042e+00
7.514274400000000576e+00 -7.571252099999999707e+00
7.522198300000000337e+00 -7.573260300000000278e+00
7.530131599999999814e+00 -7.575230300000000305e+00
7.538074400000000175e+00 -7.577162200000000070e+00
7.546026399999999690e+00 -7.579055799999999898e+00
7.553987399999999575e+00 -7.580911199999999184e+00
7.561957200000000157e+00 -7.582728299999999422e+00
7.569935700000000267e+00 -7.584507099999999724e+00
7.577922599999999953e+00 -7.586247500000000699e+00
7.585917799999999822e+00 -7.587949400000000288e+00
7.593921099999999313e+00 -7.589612899999999662e+00
7.601932300000000531e+00 -7.591237900000000316e+00
7.609951200000000249e+00 -7.592824300000000193e+00
7.617977600000000571e+00 -7.594372199999999573e+00
7.626011400000000329e+00 -7.595881400000000561e+00
7.634052399999999849e+00 -7.597351999999999883e+00
7.642100300000000068e+00 -7.598783899999999925e+00
7.650155100000000097e+00 -7.600177099999999797e+00
7.658216400000000590e+00 -7.601531600000000388e+00
7.666284199999999771e+00 -7.602847300000000530e+00
7.674358199999999464e+00 -7.604124200000000222e+00
7.682438199999999995e+00 -7.605362199999999184e+00
7.690524099999999308e+00 -7.606561399999999473e+00
7.698615700000000395e+00 -7.607721599999999640e+00
7.706712699999999749e+00 -7.608843000000000245e+00
7.714815100000000037e+00 -7.609925399999999840e+00
7.722922599999999527e+00 -7.610968799999999312e+00
7.731034999999999435e+00 -7.611973299999999831e+00
7.739152100000000090e+00 -7.612938699999999947e+00
7.747273800000000321e+00 -7.613865099999999941e+00
7.755399800000000177e+00 -7.614752400000000421e+00
7.763529999999999376e+00 -7.615600599999999609e+00
7.771664200000000022e+00 -7.616409700000000171e+00
7.779802199999999779e+00 -7.617179699999999443e+00
7.787943799999999861e+00 -7.617910600000000088e+00
7.796088800000000596e+00 -7.618602299999999161e+00
7.804236999999999647e+00 -7.619254799999999328e+00
7.812388299999999397e+00 -7.619868199999999980e+00
7.820542499999999286e+00 -7.620442299999999669e+00
7.828699300000000250e+00 -7.620977299999999843e+00
7.836858599999999342e+00 -7.621472999999999942e+00
7.845020199999999555e+00 -7.621929399999999966e+00
7.853183900000000328e+00 -7.622346600000000194e+00
7.861349500000000212e+00 -7.622724599999999739e+00
7.869516800000000423e+00 -7.623063300000000098e+00
7.877685599999999511e+00 -7.623362699999999492e+00
7.885855799999999860e+00 -7.623622799999999700e+00
7.894027200000000022e+00 -7.623843700000000112e+00
7.902199500000000043e+00 -7.624025200000000169e+00
7.910372599999999643e+00 -7.624167499999999542e+00
7.918546300000000038e+00 -7.624270400000000336e+00
7.926720399999999778e+00 -7.624334100000000447e+00
7.934894700000000078e+00 -7.624358400000000202e+00
7.943069000000000379e+00 -7.624343399999999882e+00
7.951243199999999511e+00 -7.624289100000000374e+00
7.959417000000000186e+00 -7.624195600000000184e+00
7.967590200000000067e+00 -7.624062700000000525e+00
7.975762700000000649e+00 -7.623890500000000792e+00
7.983934299999999595e+00 -7.623679000000000094e+00
7.992104799999999898e+00 -7.623428299999999602e+00
8.000274000000000996e+00 -7.623138200000000531e+00
8.008441700000000552e+00 -7.622808899999999888e+00
8.016607799999999173e+00 -7.622440300000000057e+00
8.024771899999999292e+00 -7.622032500000000432e+00
8.032934000000000907e+00 -7.621585299999999563e+00
8.041093899999999906e+00 -7.621099000000000068e+00
8.049251299999999887e+00 -7.620573400000000497e+00
8.057406099999999682e+00 -7.620008600000000243e+00
8.065558100000000508e+00 -7.619404600000000194e+00
8.073707100000000025e+00 -7.618761400000000350e+00
8.081852899999999451e+00 -7.618078999999999823e+00
8.089995300000000000e+00 -7.617357499999999781e+00
8.098134200000000504e+00 -7.616596799999999945e+00
8.106269299999999234e+00 -7.615796999999999706e+00
8.114400500000000349e+00 -7.614958099999999952e+00
8.122527500000000344e+00 -7.614080099999999796e+00
8.130650300000000996e+00 -7.613163099999999517e+00
8.138768499999999406e+00 -7.612206900000000331e+00
8.146881999999999735e+00 -7.611211800000000416e+00
8.154990700000000814e+00 -7.610177700000000378e+00
8.163094299999999137e+00 -7.609104599999999330e+00
8.171192599999999473e+00 -7.607992499999999936e+00
8.179285500000000653e+00 -7.606841500000000700e+00
8.187372800000000339e+00 -7.605651599999999846e+00
8.195454200000000355e+00 -7.604422800000000038e+00
8.203529699999998925e+00 -7.603155199999999780e+00
8.211598900000000256e+00 -7.601848799999999962e+00
8.219661799999999019e+00 -7.600503499999999413e+00
8.227718199999999982e+00 -7.599119599999999863e+00
8.235767700000000247e+00 -7.597696899999999864e+00
8.243810400000000982e+00 -7.596235499999999696e+00
8.251845900000001066e+00 -7.594735499999999639e+00
8.259874100000001107e+00 -7.593196799999999413e+00
8.267894899999999936e+00 -7.591619500000000187e+00
8.275907899999999984e+00 -7.590003800000000744e+00
8.283913099999999474e+00 -7.588349400000000244e+00
8.291910200000000231e+00 -7.586656699999999809e+00
8.299899200000000477e+00 -7.584925500000000653e+00
8.307879599999999698e+00 -7.583155800000000113e+00
8.315851500000000840e+00 -7.581347899999999917e+00
8.323814600000000397e+00 -7.579501599999999506e+00
8.331768799999998976e+00 -7.577617100000000327e+00
8.339713800000000177e+00 -7.575694300000000325e+00
8.347649399999999886e+00 -7.573733400000000060e+00
8.355575500000000488e+00 -7.571734300000000140e+00
8.363492000000000814e+00 -7.569697099999999956e+00
8.371398499999999743e+00 -7.567621899999999791e+00
8.379295000000000826e+00 -7.565508700000000530e+00
8.387181200000000558e+00 -7.563357600000000680e+00
8.395057000000001324e+00 -7.561168499999999959e+00
8.402922099999999617e+00 -7.558941599999999816e+00
8.410776500000000766e+00 -7.556676900000000252e+00
8.418619899999999490e+00 -7.554374499999999770e+00
8.426452100000000556e+00 -7.552034399999999259e+00
8.434272999999999243e+00 -7.549656600000000495e+00
8.442082299999999151e+00 -7.547241299999999598e+00
8.449879999999998503e+00 -7.544788499999999232e+00
8.457665699999999731e+00 -7.542298200000000286e+00
8.465439399999999281e+00 -7.539770400000000095e+00
8.473200900000000146e+00 -7.537205399999999500e+00
8.480949899999998820e+00 -7.534602999999999717e+00
8.488686299999999463e+00 -7.531963399999999531e+00
8.496409999999999130e+00 -7.529286600000000718e+00
8.504120699999999644e+00 -7.526572800000000285e+00
8.511818200000000445e+00 -7.523821899999999729e+00
8.519502499999999756e+00 -7.521033999999999331e+00
8.527173200000000008e+00 -7.518209200000000259e+00
8.534830299999999426e+00 -7.515347499999999847e+00
8.542473499999999831e+00 -7.512448999999999266e+00
8.550102700000000056e+00 -7.509513899999999964e+00
8.557717699999999539e+00 -7.506542099999999884e+00
8.565318300000001273e+00 -7.503533700000000195e+00
8.572904299999999367e+00 -7.500488700000000009e+00
8.580475700000000927e+00 -7.497407400000000166e+00
8.588032099999999502e+00 -7.494289700000000387e+00
8.595573399999999253e+00 -7.491135599999999783e+00
8.603099500000000788e+00 -7.487945399999999196e+00
8.610610199999999992e+00 -7.484719000000000122e+00
8.618105299999999858e+00 -7.481456500000000176e+00
8.625584599999999824e+00 -7.478158000000000527e+00
8.633047899999999331e+00 -7.474823599999999679e+00
8.640495100000000761e+00 -7.471453400000000578e+00
8.647926100000001171e+00 -7.468047400000000557e+00
8.655340499999999437e+00 -7.464605599999999619e+00
8.662738400000000283e+00 -7.461128300000000380e+00
8.670119399999999033e+00 -7.457615500000000175e+00
8.677483500000001015e+00 -7.454067100000000501e+00
8.684830400000000949e+00 -7.450483500000000703e+00
8.692159999999999442e+00 -7.446864499999999332e+00
8.699472100000001262e+00 -7.443210299999999613e+00
8.706766500000000519e+00 -7.439521100000000331e+00
8.714043100000001374e+00 -7.435796700000000037e+00
8.721301799999999105e+00 -7.432037500000000740e+00
8.728542199999999696e+00 -7.428243400000000385e+00
8.735764400000000762e+00 -7.424414500000000139e+00
8.742968000000001183e+00 -7.420550900000000283e+00
8.750153000000000958e+00 -7.416652699999999321e+00
8.757319199999999526e+00 -7.412720099999999590e+00
8.764466399999999879e+00 -7.408752999999999922e+00
8.771594399999999681e+00 -7.404751599999999989e+00
8.778703100000001314e+00 -7.400715899999999792e+00
8.785792299999998889e+00 -7.396646200000000171e+00
8.792861800000000727e+00 -7.392542399999999958e+00
8.799911500000000331e+00 -7.388404599999999434e+00
8.806941300000000084e+00 -7.384233000000000047e+00
8.813950900000000033e+00 -7.380027600000000021e+00
8.820940199999999010e+00 -7.375788599999999917e+00
8.827909100000001175e+00 -7.371516100000000016e+00
8.834857299999999469e+00 -7.367210000000000036e+00
8.841784799999999223e+00 -7.362870599999999932e+00
8.848691300000000481e+00 -7.358497999999999983e+00
8.855576700000000301e+00 -7.354092200000000190e+00
8.862440799999999896e+00 -7.349653299999999945e+00
8.869283499999999876e+00 -7.345181499999999808e+00
8.876104600000001454e+00 -7.340676799999999780e+00
8.882903999999999911e+00 -7.336139400000000421e+00
8.889681500000000014e+00 -7.331569299999999956e+00
8.896436900000001202e+00 -7.326966699999999832e+00
8.903170099999998754e+00 -7.322331699999999444e+00
8.909880999999998608e+00 -7.317664300000000566e+00
8.916569299999999032e+00 -7.312964799999999599e+00
8.923235000000000028e+00 -7.308233100000000704e+00
8.929877799999999866e+00 -7.303469400000000000e+00
8.936497700000000322e+00 -7.298673899999999826e+00
8.943094399999999666e+00 -7.293846499999999899e+00
8.949667799999998508e+00 -7.288987500000000175e+00
8.956217800000001006e+00 -7.284097000000000044e+00
8.962744199999999495e+00 -7.279175000000000395e+00
8.969246899999999911e+00 -7.274221700000000013e+00
8.975725600000000526e+00 -7.269237199999999177e+00
8.982180299999999562e+00 -7.264221599999999945e+00
8.988610899999999404e+00 -7.259174999999999933e+00
8.995017099999998322e+00 -7.254097499999999421e+00
9.001398800000000477e+00 -7.248989299999999858e+00
9.007755799999999979e+00 -7.243850499999999748e+00
9.014088100000000381e+00 -7.238681200000000260e+00
9.020395399999999952e+00 -7.233481399999999617e+00
9.026677700000000470e+00 -7.228251400000000437e+00
9.032934800000001374e+00 -7.222991299999999448e+00
9.039166499999998550e+00 -7.217701100000000203e+00
9.045372600000000318e+00 -7.212381099999999989e+00
9.051553200000000743e+00 -7.207031200000000304e+00
9.057707899999998702e+00 -7.201651700000000211e+00
9.063836699999999524e+00 -7.196242699999999992e+00
9.069939399999999097e+00 -7.190804199999999646e+00
9.076015899999999803e+00 -7.185336500000000015e+00
9.082066000000001083e+00 -7.179839600000000210e+00
9.088089700000001159e+00 -7.174313699999999905e+00
9.094086600000000686e+00 -7.168758899999999379e+00
9.100056800000000834e+00 -7.163175299999999801e+00
9.106000099999999264e+00 -7.157563099999999956e+00
9.111916400000000138e+00 -7.151922400000000124e+00
9.117805399999999949e+00 -7.146253200000000305e+00
9.123667100000000474e+00 -7.140555900000000733e+00
9.129501399999998767e+00 -7.134830400000000239e+00
9.135308099999999598e+00 -7.129076900000000272e+00
9.141086999999998852e+00 -7.123295600000000505e+00
9.146837999999998914e+00 -7.117486500000000049e+00
9.152561100000001559e+00 -7.111649900000000635e+00
9.158255999999999730e+00 -7.105785799999999597e+00
9.163922699999998756e+00 -7.099894400000000161e+00
9.169560999999999851e+00 -7.093975799999999943e+00
9.175170700000000679e+00 -7.088030100000000111e+00
9.180751799999999463e+00 -7.082057599999999731e+00
9.186304099999999195e+00 -7.076058299999999690e+00
9.191827499999998707e+00 -7.070032399999999662e+00
9.197321900000000383e+00 -7.063979999999999926e+00
9.202787100000000109e+00 -7.057901199999999875e+00
9.208223000000000269e+00 -7.051796200000000070e+00
9.213629499999999695e+00 -7.045665200000000183e+00
9.219006399999999601e+00 -7.039508200000000215e+00
9.224353699999999989e+00 -7.033325399999999838e+00
9.229671200000000297e+00 -7.027117000000000502e+00
9.234958699999999965e+00 -7.020883099999999821e+00
9.240216300000000160e+00 -7.014623899999999246e+00
9.245443599999999762e+00 -7.008339399999999664e+00
9.250640699999999939e+00 -7.002029900000000140e+00
9.255807400000000129e+00 -6.995695500000000067e+00
9.260943600000000941e+00 -6.989336299999999724e+00
9.266049100000000038e+00 -6.982952500000000562e+00
9.271123900000000972e+00 -6.976544200000000195e+00
9.276167799999999630e+00 -6.970111499999999793e+00
9.281180799999999564e+00 -6.963654700000000197e+00
9.286162599999999046e+00 -6.957173899999999911e+00
9.291113199999999850e+00 -6.950669200000000103e+00
9.296032399999999640e+00 -6.944140700000000166e+00
9.300920299999999585e+00 -6.937588700000000053e+00
9.305776500000000340e+00 -6.931013200000000651e+00
9.310601099999999519e+00 -6.924414500000000139e+00
9.315393899999998339e+00 -6.917792699999999684e+00
9.320154800000000961e+00 -6.911147800000000174e+00
9.324883700000000886e+00 -6.904480200000000067e+00
9.329580500000000498e+00 -6.897789899999999363e+00
9.334245000000001014e+00 -6.891077100000000399e+00
9.338877200000000656e+00 -6.884341999999999295e+00
1.212271900000000002e+01 -2.815778699999999635e+00
1.212934399999999968e+01 -2.806074000000000179e+00
1.213594800000000085e+01 -2.796355000000000146e+00
1.214253100000000174e+01 -2.786621799999999816e+00
1.214909200000000133e+01 -2.776874400000000076e+00
1.215563299999999991e+01 -2.767112899999999875e+00
1.216215299999999999e+01 -2.757337199999999822e+00
1.216865100000000055e+01 -2.747547500000000031e+00
1.217512900000000009e+01 -2.737743800000000061e+00
1.218158499999999833e+01 -2.727926100000000353e+00
1.218801999999999985e+01 -2.718094500000000302e+00
1.219443399999999933e+01 -2.708248999999999906e+00
1.220082599999999928e+01 -2.698389600000000055e+00
1.220719700000000074e+01 -2.688516499999999976e+00
1.221354700000000015e+01 -2.678629700000000113e+00
1.221987500000000004e+01 -2.668729100000000187e+00
1.222618200000000144e+01 -2.658814899999999870e+00
1.223246800000000079e+01 -2.648887100000000050e+00
1.223873200000000061e+01 -2.638945800000000119e+00
1.224497500000000016e+01 -2.628990899999999797e+00
1.225119600000000020e+01 -2.619022599999999645e+00
1.225739500000000071e+01 -2.609040800000000271e+00
1.226357300000000095e+01 -2.599045700000000014e+00
1.226972999999999914e+01 -2.589037299999999764e+00
1.227586400000000033e+01 -2.579015599999999964e+00
1.228197700000000125e+01 -2.568980700000000006e+00
1.228806900000000013e+01 -2.558932599999999891e+00
1.229413800000000023e+01 -2.548871299999999618e+00
1.230018600000000006e+01 -2.538797000000000192e+00
1.230621200000000037e+01 -2.528709600000000002e+00
1.231221700000000041e+01 -2.518609199999999770e+00
1.231819899999999990e+01 -2.508495899999999779e+00
1.232415999999999912e+01 -2.498369700000000027e+00
1.233009900000000059e+01 -2.488230600000000070e+00
1.233601599999999898e+01 -2.478078700000000190e+00
1.234191000000000038e+01 -2.467914099999999777e+00
1.234778299999999973e+01 -2.457736800000000166e+00
1.235363399999999956e+01 -2.447546800000000022e+00
1.235946299999999987e+01 -2.437344099999999791e+00
1.236527000000000065e+01 -2.427128999999999870e+00
1.237105500000000013e+01 -2.416901199999999861e+00
1.237681699999999907e+01 -2.406661099999999998e+00
1.238255800000000129e+01 -2.396408500000000164e+00
1.238827599999999940e+01 -2.386143500000000195e+00
1.239397300000000079e+01 -2.375866199999999928e+00
1.239964600000000061e+01 -2.365576599999999807e+00
1.240529800000000016e+01 -2.355274800000000113e+00
1.241092800000000018e+01 -2.344960799999999956e+00
1.241653499999999966e+01 -2.334634599999999782e+00
1.242212000000000138e+01 -2.324296400000000151e+00
1.242768200000000078e+01 -2.313946099999999895e+00
1.243322199999999889e+01 -2.303583900000000018e+00
1.243873999999999924e+01 -2.293209699999999795e+00
1.244423500000000082e+01 -2.282823599999999953e+00
1.244970800000000111e+01 -2.272425600000000045e+00
1.245515900000000009e+01 -2.262015899999999746e+00
1.246058700000000030e+01 -2.251594400000000107e+00
1.246599199999999996e+01 -2.241161200000000076e+00
1.247137500000000010e+01 -2.230716300000000096e+00
1.247673500000000146e+01 -2.220259899999999842e+00
1.248207299999999975e+01 -2.209791900000000364e+00
1.248738800000000104e+01 -2.199312399999999723e+00
1.249268000000000001e+01 -2.188821399999999695e+00
1.249795000000000122e+01 -2.178319000000000116e+00
1.250319700000000012e+01 -2.167805299999999935e+00
1.250842100000000023e+01 -2.157280300000000040e+00
1.251362199999999980e+01 -2.146743999999999986e+00
1.251880099999999985e+01 -2.136196500000000054e+00
1.252395700000000112e+01 -2.125637799999999800e+00
1.252909000000000006e+01 -2.115068000000000392e+00
1.253420099999999948e+01 -2.104487099999999611e+00
1.253928800000000088e+01 -2.093895300000000237e+00
1.254435299999999920e+01 -2.083292399999999933e+00
1.254939399999999949e+01 -2.072678699999999985e+00
1.255441300000000027e+01 -2.062054099999999668e+00
1.255940900000000049e+01 -2.051418700000000150e+00
1.256438099999999913e+01 -2.040772500000000100e+00
1.256933100000000003e+01 -2.030115499999999962e+00
1.257425800000000038e+01 -2.019448000000000132e+00
1.257916100000000093e+01 -2.008769800000000050e+00
1.258404200000000017e+01 -1.998080999999999996e+00
1.258889899999999962e+01 -1.987381699999999807e+00
1.259373399999999954e+01 -1.976671999999999985e+00
1.259854499999999966e+01 -1.965951800000000027e+00
1.260333300000000101e+01 -1.955221299999999829e+00
1.260809800000000003e+01 -1.944480399999999998e+00
1.261283899999999925e+01 -1.933729299999999984e+00
1.261755800000000072e+01 -1.922968000000000011e+00
1.262225300000000061e+01 -1.912196500000000077e+00
1.262692499999999995e+01 -1.901414799999999961e+00
1.263157299999999950e+01 -1.890623100000000001e+00
1.263619800000000026e+01 -1.879821399999999976e+00
1.264079999999999870e+01 -1.869009799999999943e+00
1.264537900000000015e+01 -1.858188200000000068e+00
1.264993400000000001e+01 -1.847356699999999963e+00
1.265446600000000110e+01 -1.836515499999999967e+00
1.265897400000000061e+01 -1.825664399999999965e+00
1.266345900000000135e+01 -1.814803699999999909e+00
1.266792000000000051e+01 -1.803933299999999962e+00
1.267235800000000090e+01 -1.793053299999999961e+00
1.267677200000000148e+01 -1.782163700000000128e+00
1.268116299999999974e+01 -1.771264600000000078e+00
1.268553100000000100e+01 -1.760356000000000032e+00
1.268987399999999965e+01 -1.749438100000000107e+00
1.269419399999999953e+01 -1.738510800000000023e+00
1.269849100000000064e+01 -1.727574200000000060e+00
1.270276399999999839e+01 -1.716628299999999996e+00
1.270701300000000167e+01 -1.705673199999999889e+00
1.271123799999999981e+01 -1.694709000000000021e+00
1.271544000000000096e+01 -1.683735599999999888e+00
1.271961800000000054e+01 -1.672753200000000051e+00
1.272377299999999956e+01 -1.661761899999999903e+00
1.272790299999999952e+01 -1.650761499999999993e+00
1.273201000000000072e+01 -1.639752300000000051e+00
1.273609300000000033e+01 -1.628734200000000021e+00
1.274015299999999939e+01 -1.617707299999999959e+00
1.274418799999999941e+01 -1.606671700000000147e+00
1.274820000000000064e+01 -1.595627400000000140e+00
1.275218699999999927e+01 -1.584574499999999997e+00
1.275615099999999913e+01 -1.573512899999999881e+00
1.276009100000000096e+01 -1.562442899999999968e+00
1.276400699999999944e+01 -1.551364299999999918e+00
1.276789899999999989e+01 -1.540277300000000071e+00
1.277176700000000054e+01 -1.529182000000000041e+00
1.277561100000000138e+01 -1.518078299999999992e+00
1.277943199999999990e+01 -1.506966299999999981e+00
1.278322799999999937e+01 -1.495846100000000067e+00
1.278700000000000081e+01 -1.484717700000000029e+00
1.279074799999999890e+01 -1.473581200000000146e+00
1.279447199999999896e+01 -1.462436599999999975e+00
1.279817200000000099e+01 -1.451284000000000018e+00
1.280184799999999967e+01 -1.440123499999999890e+00
1.280549899999999930e+01 -1.428954999999999975e+00
1.280912700000000015e+01 -1.417778700000000169e+00
1.281273000000000017e+01 -1.406594499999999970e+00
1.281630899999999862e+01 -1.395402599999999937e+00
1.281986399999999904e+01 -1.384203000000000072e+00
1.282339499999999965e+01 -1.372995799999999988e+00
1.282690200000000047e+01 -1.361780900000000072e+00
1.283038400000000046e+01 -1.350558499999999995e+00
1.283384299999999989e+01 -1.339328599999999980e+00
1.283727599999999924e+01 -1.328091300000000086e+00
1.284068599999999982e+01 -1.316846500000000031e+00
1.284407099999999957e+01 -1.305594399999999933e+00
1.284743200000000130e+01 -1.294335100000000072e+00
1.285076899999999966e+01 -1.283068500000000167e+00
1.285408100000000076e+01 -1.271794699999999834e+00
1.285736900000000027e+01 -1.260513800000000018e+00
1.286063299999999998e+01 -1.249225799999999831e+00
1.286387199999999886e+01 -1.237930799999999998e+00
1.286708699999999972e+01 -1.226628799999999853e+00
1.287027699999999975e+01 -1.215319899999999897e+00
1.287344299999999997e+01 -1.204004200000000191e+00
1.287658400000000114e+01 -1.192681599999999786e+00
1.287970099999999896e+01 -1.181352200000000074e+00
1.288279400000000052e+01 -1.170016200000000062e+00
1.288586199999999948e+01 -1.158673500000000134e+00
1.288890600000000042e+01 -1.147324200000000127e+00
1.289192499999999875e+01 -1.135968399999999878e+00
1.289491899999999980e+01 -1.124605999999999995e+00
1.289788899999999927e+01 -1.113237299999999985e+00
1.290083400000000147e+01 -1.101862099999999955e+00
1.290375499999999853e+01 -1.090480600000000022e+00
1.290665100000000010e+01 -1.079092799999999963e+00
1.290952300000000008e+01 -1.067698799999999837e+00
1.291237000000000101e+01 -1.056298600000000087e+00
1.291519199999999934e+01 -1.044892299999999885e+00
1.291798999999999964e+01 -1.033479900000000118e+00
1.292076300000000089e+01 -1.022061499999999956e+00
1.292351100000000130e+01 -1.010637100000000066e+00
1.292623500000000014e+01 -9.992068299999999903e-01
1.292893399999999993e+01 -9.877707000000000015e-01
1.293160800000000066e+01 -9.763287600000000177e-01
1.293425699999999878e+01 -9.648810700000000073e-01
1.293688199999999888e+01 -9.534276899999999388e-01
1.293948199999999993e+01 -9.419686600000000132e-01
1.294205800000000117e+01 -9.305040500000000270e-01
1.294460800000000056e+01 -9.190338900000000200e-01
1.294713400000000014e+01 -9.075582600000000610e-01
1.294963500000000067e+01 -8.960771899999999679e-01
1.295211100000000037e+01 -8.845907499999999812e-01
1.295456199999999924e+01 -8.730989899999999082e-01
1.295698900000000009e+01 -8.616019600000000001e-01
1.295938999999999908e+01 -8.500997099999999529e-01
1.296176700000000004e+01 -8.385923100000000074e-01
1.296411900000000017e+01 -8.270797899999999814e-01
1.296644599999999947e+01 -8.155622300000000546e-01
1.296874799999999972e+01 -8.040396600000000449e-01
1.297102499999999914e+01 -7.925121499999999708e-01
1.297327800000000053e+01 -7.809797400000000334e-01
1.297550500000000007e+01 -7.694425000000000292e-01
1.297770799999999980e+01 -7.579004700000000483e-01
1.297988499999999945e+01 -7.463537099999999480e-01
1.298203800000000108e+01 -7.348022699999999796e-01
1.298416600000000010e+01 -7.232462100000000005e-01
1.298626800000000081e+01 -7.116855799999999288e-01
1.298834599999999995e+01 -7.001204400000000660e-01
1.299039900000000003e+01 -6.885508300000000581e-01
1.299242699999999928e+01 -6.769768199999999236e-01
1.299442900000000023e+01 -6.653984600000000249e-01
1.299640699999999960e+01 -6.538157900000000078e-01
1.299835999999999991e+01 -6.422288800000000020e-01
1.300028700000000015e+01 -6.306377800000000367e-01
1.300219000000000058e+01 -6.190425400000000300e-01
1.300406800000000018e+01 -6.074432199999999504e-01
1.300591999999999970e+01 -5.958398700000000492e-01
1.300774799999999942e+01 -5.842325499999999616e-01
1.300954999999999906e+01 -5.726212999999999997e-01
1.301132699999999964e+01 -5.610061899999999602e-01
1.301307899999999940e+01 -5.493872699999999831e-01
1.301480700000000112e+01 -5.377645899999999868e-01
1.301650899999999922e+01 -5.261382099999999395e-01
1.301818499999999901e+01 -5.145081699999999314e-01
1.301983699999999899e+01 -5.028745399999999810e-01
1.302146399999999993e+01 -4.912373700000000065e-01
1.302306500000000078e+01 -4.795967200000000319e-01
1.302464099999999902e+01 -4.679526299999999805e-01
1.302619299999999924e+01 -4.563051599999999874e-01
1.302771899999999938e+01 -4.446543699999999655e-01
1.302921899999999944e+01 -4.330003199999999941e-01
1.303069499999999969e+01 -4.213430399999999465e-01
1.303214499999999987e+01 -4.096826100000000026e-01
1.303357100000000024e+01 -3.980190699999999748e-01
1.303497099999999875e+01 -3.863524799999999981e-01
1.303634599999999999e+01 -3.746828899999999907e-01
1.303769499999999937e+01 -3.630103599999999764e-01
1.303902000000000072e+01 -3.513349400000000400e-01
1.304031900000000022e+01 -3.396566900000000389e-01
1.304159300000000066e+01 -3.279756499999999519e-01
1.304284200000000027e+01 -3.162919000000000147e-01
1.304406499999999980e+01 -3.046054700000000448e-01
1.304526300000000028e+01 -2.929164300000000054e-01
1.304643599999999992e+01 -2.812248200000000420e-01
1.304758400000000051e+01 -2.695307100000000067e-01
1.304870700000000028e+01 -2.578341500000000397e-01
1.304980399999999996e+01 -2.461351900000000037e-01
1.305087600000000059e+01 -2.344338899999999781e-01
1.305192200000000113e+01 -2.227302999999999922e-01
1.305294400000000010e+01 -2.110244700000000195e-01
1.305394000000000077e+01 -1.993164700000000233e-01
1.305491100000000060e+01 -1.876063399999999826e-01
1.305585600000000035e+01 -1.758941400000000044e-01
1.305677599999999927e+01 -1.641799300000000017e-01
1.305767100000000092e+01 -1.524637600000000037e-01
1.305854099999999995e+01 -1.407456799999999841e-01
1.305938500000000069e+01 -1.290257499999999946e-01
1.306020400000000059e+01 -1.173040199999999950e-01
1.306099799999999966e+01 -1.055805600000000039e-01
1.306176600000000043e+01 -9.385540100000000496e-02
1.306250900000000037e+01 -8.212861400000000256e-02
1.306322600000000023e+01 -7.040024999999999755e-02
1.306391900000000028e+01 -5.867036300000000315e-02
1.306458599999999848e+01 -4.693900699999999787e-02
1.306522700000000015e+01 -3.520623899999999334e-02
1.306584399999999846e+01 -2.347211100000000036e-02
1.306643399999999922e+01 -1.173667999999999934e-02
1.306700000000000017e+01 -3.010427500000000200e-13
1.306696899999999850e+01 2.059311399999999917e-02
1.306687400000000032e+01 4.118603499999999584e-02
1.306671700000000058e+01 6.177857300000000329e-02
1.306649700000000003e+01 8.237053500000000861e-02
1.306621400000000044e+01 1.029617300000000013e-01
1.306586800000000004e+01 1.235519599999999885e-01
1.306545999999999985e+01 1.441410500000000205e-01
1.306498799999999960e+01 1.647287900000000138e-01
1.306445399999999957e+01 1.853149899999999850e-01
1.306385700000000050e+01 2.058994700000000011e-01
1.306319700000000061e+01 2.264820200000000061e-01
1.306247399999999992e+01 2.470624699999999785e-01
1.306168800000000019e+01 2.676406100000000010e-01
1.306083899999999964e+01 2.882162600000000019e-01
1.305992799999999932e+01 3.087892199999999754e-01
1.305895399999999995e+01 3.293593000000000215e-01
1.305791699999999977e+01 3.499263199999999574e-01
1.305681699999999879e+01 3.704900700000000047e-01
1.305565499999999979e+01 3.910503699999999805e-01
1.305442900000000073e+01 4.116070199999999901e-01
1.305314100000000010e+01 4.321598300000000226e-01
1.305179000000000045e+01 4.527086200000000060e-01
1.305037700000000100e+01 4.732531899999999903e-01
1.304890099999999897e+01 4.937933499999999643e-01
1.304736199999999968e+01 5.143288999999999778e-01
1.304575999999999958e+01 5.348596599999999590e-01
1.304409599999999969e+01 5.553854300000000688e-01
1.304236900000000077e+01 5.759060299999999577e-01
1.304057899999999925e+01 5.964212599999999531e-01
1.303872700000000151e+01 6.169309200000000493e-01
1.303681199999999940e+01 6.374348400000000581e-01
1.303483499999999928e+01 6.579328199999999738e-01
1.303279500000000013e+01 6.784246600000000127e-01
1.303069199999999839e+01 6.989101799999999365e-01
1.302852700000000041e+01 7.193891900000000117e-01
1.302629900000000163e+01 7.398614900000000105e-01
1.302400899999999950e+01 7.603268900000000885e-01
1.302165699999999937e+01 7.807852000000000681e-01
1.301924200000000020e+01 8.012362399999999329e-01
1.301676399999999845e+01 8.216798100000000105e-01
1.301422400000000046e+01 8.421157200000000120e-01
1.301162199999999913e+01 8.625437799999999822e-01
1.300895700000000055e+01 8.829637999999999654e-01
1.300623000000000040e+01 9.033755900000000061e-01
1.300344100000000047e+01 9.237789499999999876e-01
1.300059000000000076e+01 9.441737100000000549e-01
1.299767600000000023e+01 9.645596699999999801e-01
1.299469999999999992e+01 9.849366300000000907e-01
1.299166199999999982e+01 1.005304399999999987e+00
1.298856099999999891e+01 1.025662800000000097e+00
1.298539899999999925e+01 1.046011699999999989e+00
1.298217400000000055e+01 1.066350799999999932e+00
1.297888700000000028e+01 1.086679900000000032e+00
1.297553900000000127e+01 1.106999000000000066e+00
1.297212800000000144e+01 1.127307700000000024e+00
1.296865500000000004e+01 1.147605900000000068e+00
1.296512000000000064e+01 1.167893399999999859e+00
1.296152399999999894e+01 1.188170000000000170e+00
1.295786499999999997e+01 1.208435600000000054e+00
1.295414500000000046e+01 1.228689900000000002e+00
1.295036299999999940e+01 1.248932700000000118e+00
1.294651900000000033e+01 1.269163900000000123e+00
1.294261299999999970e+01 1.289383200000000063e+00
1.293864500000000106e+01 1.309590599999999938e+00
1.293461600000000011e+01 1.329785699999999959e+00
1.293052499999999938e+01 1.349968400000000068e+00
1.292637299999999989e+01 1.370138599999999984e+00
1.292215899999999884e+01 1.390295999999999976e+00
1.291788400000000081e+01 1.410440399999999928e+00
1.291354700000000122e+01 1.430571700000000002e+00
1.290914800000000007e+01 1.450689600000000024e+00
1.290468900000000119e+01 1.470794000000000157e+00
1.290016699999999972e+01 1.490884700000000063e+00
1.289558499999999874e+01 1.510961499999999846e+00
1.289094100000000154e+01 1.531024300000000116e+00
1.288623600000000025e+01 1.551072699999999971e+00
1.288147000000000020e+01 1.571106700000000078e+00
1.287664299999999962e+01 1.591126099999999877e+00
1.287175400000000103e+01 1.611130599999999857e+00
1.286680500000000116e+01 1.631120100000000184e+00
1.286179399999999973e+01 1.651094399999999851e+00
1.285672300000000057e+01 1.671053300000000075e+00
1.285159100000000088e+01 1.690996599999999850e+00
1.284639700000000140e+01 1.710924200000000006e+00
1.284114300000000064e+01 1.730835800000000146e+00
1.283582900000000038e+01 1.750731299999999990e+00
1.283045300000000033e+01 1.770610500000000087e+00
1.282501699999999900e+01 1.790473100000000040e+00
1.281952000000000069e+01 1.810319099999999848e+00
1.281396299999999933e+01 1.830148200000000003e+00
1.280834499999999920e+01 1.849960199999999944e+00
1.280266699999999958e+01 1.869755000000000056e+00
1.279692799999999941e+01 1.889532400000000001e+00
1.279112900000000153e+01 1.909292200000000106e+00
1.278526899999999955e+01 1.929034099999999974e+00
1.277935000000000088e+01 1.948758100000000049e+00
1.277337000000000167e+01 1.968463899999999933e+00
1.276732999999999940e+01 1.988151299999999955e+00
1.276122999999999941e+01 2.007820300000000113e+00
1.275506999999999991e+01 2.027470499999999731e+00
1.274885000000000090e+01 2.047101800000000082e+00
1.274256999999999884e+01 2.066714000000000162e+00
1.273622999999999905e+01 2.086306999999999690e+00
1.272982999999999976e+01 2.105880500000000044e+00
1.272337099999999843e+01 2.125434400000000057e+00
1.271685200000000115e+01 2.144968500000000056e+00
1.271027400000000007e+01 2.164482599999999923e+00
1.270363500000000023e+01 2.183976500000000431e+00
1.269693799999999939e+01 2.203449999999999687e+00
1.269018100000000082e+01 2.222902999999999629e+00
1.268336399999999919e+01 2.242335300000000142e+00
1.267648900000000012e+01 2.261746700000000221e+00
1.266955399999999976e+01 2.281137000000000192e+00
1.266255999999999915e+01 2.300506100000000220e+00
1.265550599999999903e+01 2.319853600000000071e+00
1.264839399999999969e+01 2.339179600000000026e+00
1.264122300000000010e+01 2.358483800000000130e+00
1.263399300000000025e+01 2.377766000000000268e+00
1.262670400000000015e+01 2.397025999999999879e+00
1.261935599999999980e+01 2.416263700000000014e+00
1.261195000000000022e+01 2.435478799999999833e+00
1.260448500000000038e+01 2.454671299999999778e+00
1.259696099999999852e+01 2.473840800000000062e+00
1.258937900000000099e+01 2.492987400000000076e+00
1.258173799999999964e+01 2.512110600000000193e+00
1.257403900000000085e+01 2.531210500000000252e+00
1.256628199999999929e+01 2.550286799999999854e+00
1.255846700000000027e+01 2.569339199999999934e+00
1.255059300000000100e+01 2.588367799999999885e+00
1.254266199999999998e+01 2.607372199999999918e+00
1.253467200000000048e+01 2.626352300000000195e+00
1.252662499999999923e+01 2.645307899999999712e+00
1.251852000000000054e+01 2.664238899999999965e+00
1.251035599999999981e+01 2.683145000000000113e+00
1.250213600000000014e+01 2.702026199999999712e+00
1.249385700000000021e+01 2.720882099999999859e+00
1.248552200000000134e+01 2.739712700000000112e+00
1.247712800000000044e+01 2.758517700000000072e+00
1.246867800000000059e+01 2.777296999999999905e+00
1.246016999999999975e+01 2.796050499999999772e+00
1.245160399999999967e+01 2.814777799999999885e+00
1.244298200000000065e+01 2.833478999999999637e+00
1.243430299999999988e+01 2.852153699999999681e+00
1.242556599999999989e+01 2.870801800000000181e+00
1.241677299999999917e+01 2.889423199999999969e+00
1.240792300000000026e+01 2.908017699999999817e+00
1.239901599999999959e+01 2.926585000000000214e+00
1.239005299999999998e+01 2.945125100000000273e+00
1.238103299999999862e+01 2.963637700000000041e+00
1.237195600000000084e+01 2.982122600000000290e+00
1.236282300000000056e+01 3.000579800000000130e+00
1.235363399999999956e+01 3.019009000000000054e+00
1.234438899999999961e+01 3.037410100000000224e+00
1.233508699999999969e+01 3.055782900000000080e+00
1.232572899999999905e+01 3.074127100000000112e+00
1.231631600000000049e+01 3.092442699999999878e+00
1.230684600000000017e+01 3.110729499999999703e+00
1.229732100000000017e+01 3.128987299999999916e+00
1.228773999999999944e+01 3.147215999999999791e+00
1.227810399999999902e+01 3.165415300000000265e+00
1.226841199999999965e+01 3.183584999999999887e+00
1.225866400000000134e+01 3.201725199999999827e+00
1.224886100000000155e+01 3.219835400000000014e+00
1.223900300000000030e+01 3.237915699999999841e+00
1.222908999999999935e+01 3.255965700000000407e+00
1.221912199999999871e+01 3.273985499999999771e+00
1.220909799999999912e+01 3.291974700000000364e+00
1.219902000000000086e+01 3.309933200000000131e+00
1.218888700000000114e+01 3.327860900000000122e+00
1.217870000000000097e+01 3.345757500000000384e+00
1.216845700000000008e+01 3.363623000000000030e+00
1.215816099999999977e+01 3.381457099999999993e+00
1.214780999999999977e+01 3.399259599999999715e+00
1.213740400000000008e+01 3.417030499999999638e+00
1.212694499999999920e+01 3.434769600000000089e+00
1.211643100000000040e+01 3.452476599999999785e+00
1.210586299999999937e+01 3.470151500000000055e+00
1.209524099999999969e+01 3.487794000000000061e+00
1.208456600000000059e+01 3.505403999999999964e+00
1.207383699999999926e+01 3.522981300000000093e+00
1.206305399999999928e+01 3.540525700000000331e+00
1.205221799999999988e+01 3.558037200000000233e+00
1.204132800000000003e+01 3.575515499999999847e+00
1.203038500000000077e+01 3.592960500000000224e+00
1.201938899999999855e+01 3.610371999999999915e+00
1.200833899999999943e+01 3.627749800000000135e+00
1.199723699999999837e+01 3.645093800000000162e+00
1.198608199999999968e+01 3.662403899999999712e+00
1.197487399999999980e+01 3.679679799999999723e+00
1.196361299999999872e+01 3.696921400000000357e+00
1.195229999999999926e+01 3.714128499999999722e+00
1.194093399999999860e+01 3.731300999999999757e+00
1.192951599999999956e+01 3.748438799999999738e+00
1.191804499999999933e+01 3.765541600000000155e+00
1.190652200000000072e+01 3.782609300000000285e+00
1.189494800000000119e+01 3.799641700000000011e+00
1.188332100000000047e+01 3.816638699999999940e+00
1.187164300000000061e+01 3.833600199999999791e+00
1.185991199999999957e+01 3.850525900000000057e+00
1.184813099999999864e+01 3.867415700000000012e+00
1.183629700000000007e+01 3.884269499999999820e+00
1.182441299999999984e+01 3.901086999999999971e+00
1.181247700000000123e+01 3.917868200000000023e+00
1.180048899999999890e+01 3.934612900000000302e+00
1.178845099999999846e+01 3.951320900000000247e+00
1.177636199999999889e+01 3.967992100000000022e+00
1.176422200000000018e+01 3.984626299999999954e+00
1.175203100000000056e+01 4.001223300000000371e+00
1.173979000000000106e+01 4.017782999999999660e+00
1.172749799999999887e+01 4.034305299999999761e+00
1.171515500000000110e+01 4.050790000000000113e+00
1.170276300000000091e+01 4.067236900000000155e+00
1.169031999999999982e+01 4.083645999999999887e+00
1.167782699999999885e+01 4.100016899999999964e+00
1.166528499999999902e+01 4.116349599999999498e+00
1.165269199999999827e+01 4.132643999999999984e+00
1.164004999999999868e+01 4.148899800000000582e+00
1.162735800000000097e+01 4.165117000000000402e+00
1.161461700000000086e+01 4.181295299999999493e+00
1.160182599999999908e+01 4.197434699999999630e+00
1.158898699999999948e+01 4.213535000000000252e+00
1.157609800000000000e+01 4.229595900000000519e+00
1.156315999999999988e+01 4.245617500000000710e+00
1.155017300000000091e+01 4.261599399999999704e+00
1.153713800000000056e+01 4.277541699999999558e+00
1.152405399999999958e+01 4.293444000000000038e+00
1.151092099999999974e+01 4.309306400000000536e+00
1.149774000000000029e+01 4.325128499999999931e+00
1.148451100000000125e+01 4.340910399999999392e+00
1.147123400000000082e+01 4.356651799999999852e+00
1.145790899999999901e+01 4.372352600000000145e+00
1.144453500000000012e+01 4.388012599999999708e+00
1.143111500000000014e+01 4.403631800000000318e+00
1.141764600000000129e+01 4.419209799999999966e+00
1.140412999999999855e+01 4.434746699999999819e+00
1.139056699999999900e+01 4.450242300000000206e+00
1.137695599999999985e+01 4.465696299999999397e+00
1.136329800000000034e+01 4.481108800000000336e+00
1.134959399999999974e+01 4.496479400000000126e+00
1.133584200000000131e+01 4.511808200000000824e+00
1.132204400000000000e+01 4.527094899999999811e+00
1.130819900000000011e+01 4.542339399999999472e+00
1.129430699999999987e+01 4.557541599999999526e+00
1.128036900000000031e+01 4.572701200000000021e+00
1.126638600000000068e+01 4.587818300000000349e+00
1.125235499999999966e+01 4.602892600000000556e+00
1.123827900000000035e+01 4.617924000000000362e+00
1.122415799999999919e+01 4.632912300000000094e+00
1.120998999999999945e+01 4.647857499999999753e+00
1.119577699999999965e+01 4.662759299999999385e+00
1.118151800000000051e+01 4.677617599999999598e+00
1.116721399999999953e+01 4.692432399999999504e+00
1.115286500000000025e+01 4.707203400000000038e+00
1.113847099999999912e+01 4.721930599999999423e+00
1.112403199999999970e+01 4.736613699999999483e+00
1.110954900000000123e+01 4.751252700000000218e+00
1.109069199999999888e+01 4.770198000000000604e+00
1.107177900000000115e+01 4.789087499999999942e+00
1.105280999999999914e+01 4.807921300000000286e+00
1.103378599999999921e+01 4.826698999999999629e+00
1.101470699999999958e+01 4.845420500000000352e+00
1.099557199999999924e+01 4.864085699999999512e+00
1.097638300000000022e+01 4.882694400000000101e+00
1.095713899999999974e+01 4.901246500000000061e+00
1.093783999999999956e+01 4.919741699999999440e+00
1.091848699999999894e+01 4.938179899999999733e+00
1.089907900000000041e+01 4.956560999999999773e+00
1.087961699999999965e+01 4.974884699999999604e+00
1.086010200000000125e+01 4.993151000000000117e+00
1.084053199999999961e+01 5.011359699999999862e+00
1.082090900000000033e+01 5.029510600000000053e+00
1.080123299999999986e+01 5.047603500000000132e+00
1.078150300000000072e+01 5.065638299999999816e+00
1.076172099999999965e+01 5.083614899999999714e+00
1.074188499999999991e+01 5.101533099999999266e+00
1.072199599999999897e+01 5.119392700000000573e+00
1.070205499999999965e+01 5.137193599999999805e+00
1.068206200000000017e+01 5.154935599999999951e+00
1.066201599999999949e+01 5.172618499999999564e+00
1.064191899999999968e+01 5.190242299999999531e+00
1.062176900000000046e+01 5.207806800000000180e+00
1.060156799999999855e+01 5.225311699999999782e+00
1.058131500000000003e+01 5.242756999999999223e+00
1.056101100000000059e+01 5.260142499999999721e+00
1.054065500000000100e+01 5.277468100000000106e+00
1.052024899999999974e+01 5.294733599999999818e+00
1.049979199999999935e+01 5.311938800000000072e+00
1.047928399999999982e+01 5.329083599999999699e+00
1.045872600000000041e+01 5.346167900000000195e+00
1.043811700000000009e+01 5.363191399999999831e+00
1.041745799999999988e+01 5.380154199999999776e+00
1.039675000000000082e+01 5.397055900000000683e+00
1.037599100000000085e+01 5.413896499999999889e+00
1.035518300000000025e+01 5.430675800000000386e+00
1.033432599999999901e+01 5.447393699999999228e+00
1.031341899999999967e+01 5.464050000000000296e+00
1.029246400000000072e+01 5.480644599999999755e+00
1.027145900000000012e+01 5.497177300000000599e+00
1.025040600000000168e+01 5.513648100000000163e+00
1.022930500000000009e+01 5.530056599999999989e+00
1.020815500000000142e+01 5.546402900000000358e+00
1.018695699999999960e+01 5.562686700000000428e+00
1.016571099999999994e+01 5.578908000000000200e+00
1.014441799999999994e+01 5.595066499999999721e+00
1.012307599999999930e+01 5.611162199999999878e+00
1.010168799999999933e+01 5.627194900000000111e+00
1.008025199999999977e+01 5.643164399999999858e+00
1.005876899999999985e+01 5.659070700000000009e+00
1.003724000000000061e+01 5.674913499999999722e+00
1.001566400000000101e+01 5.690692799999999885e+00
9.994041100000000455e+00 5.706408399999999936e+00
9.972372300000001744e+00 5.722060199999999597e+00
9.950657400000000763e+00 5.737648000000000081e+00
9.928896599999999850e+00 5.753171700000000222e+00
9.907090200000000735e+00 5.768631199999999737e+00
9.885238300000001033e+00 5.784026300000000731e+00
9.863341000000000136e+00 5.799356899999999371e+00
9.841398699999999167e+00 5.814622800000000424e+00
9.819411400000001677e+00 5.829823999999999451e+00
9.797379400000000516e+00 5.844960299999999442e+00
9.775302899999999795e+00 5.860031600000000118e+00
9.753182000000000684e+00 5.875037700000000029e+00
9.731016999999999584e+00 5.889978499999999784e+00
9.708808000000001215e+00 5.904853899999999989e+00
9.686555200000000809e+00 5.919663700000000084e+00
9.664258900000000096e+00 5.934407799999999789e+00
9.641919200000000245e+00 5.949086199999999991e+00
9.619536300000000040e+00 5.963698599999999850e+00
9.597110400000000041e+00 5.978244899999999973e+00
9.574641700000000810e+00 5.992725000000000080e+00
9.552130399999999355e+00 6.007138799999999890e+00
9.529576699999999789e+00 6.021486200000000011e+00
9.506980799999999121e+00 6.035766999999999882e+00
9.484342899999999688e+00 6.049981200000000392e+00
9.461663200000000273e+00 6.064128499999999811e+00
9.438941800000000271e+00 6.078208800000000522e+00
9.416179099999999025e+00 6.092222099999999863e+00
9.393375100000000089e+00 6.106168300000000215e+00
9.370530099999999862e+00 6.120047099999999851e+00
9.347644200000001291e+00 6.133858500000000546e+00
9.324717800000000167e+00 6.147602299999999964e+00
9.301750899999998268e+00 6.161278500000000768e+00
9.278743800000000874e+00 6.174886900000000622e+00
9.255696599999998497e+00 6.188427399999999245e+00
9.232609599999999972e+00 6.201899899999999910e+00
9.209483000000000530e+00 6.215304199999999391e+00
9.186316999999998956e+00 6.228640300000000352e+00
9.163111800000001139e+00 6.241908099999999848e+00
9.139867500000001144e+00 6.255107299999999704e+00
9.116584399999998922e+00 6.268237899999999918e+00
9.093262699999998588e+00 6.281299899999999603e+00
9.069902599999998927e+00 6.294292999999999694e+00
9.046504199999999329e+00 6.307217099999999910e+00
9.023067899999999142e+00 6.320072199999999363e+00
8.999593700000000140e+00 6.332858199999999549e+00
8.976081999999999894e+00 6.345574899999999907e+00
8.952532800000000179e+00 6.358222099999999877e+00
8.928946500000000341e+00 6.370799899999999738e+00
8.905323100000000380e+00 6.383308099999999818e+00
8.881662999999999641e+00 6.395746600000000726e+00
8.857966399999998686e+00 6.408115200000000122e+00
8.834233299999999289e+00 6.420414000000000065e+00
8.810464099999999021e+00 6.432642600000000321e+00
8.786658900000000827e+00 6.444801199999999675e+00
8.762817999999999330e+00 6.456889499999999948e+00
8.738941500000001028e+00 6.468907399999999974e+00
8.715029799999999938e+00 6.480854900000000640e+00
8.691082800000000219e+00 6.492731799999999609e+00
8.667101000000000610e+00 6.504538099999999545e+00
8.643084399999999334e+00 6.516273600000000776e+00
8.619033400000001066e+00 6.527938199999999469e+00
8.594948099999999869e+00 6.539531799999999784e+00
8.570828600000000463e+00 6.551054399999999944e+00
8.546675300000000419e+00 6.562505800000000278e+00
8.522488400000000297e+00 6.573885900000000504e+00
8.498267999999999489e+00 6.585194699999999735e+00
8.474014300000000333e+00 6.596432000000000073e+00
8.449727600000001004e+00 6.607597700000000351e+00
8.425408199999999681e+00 6.618691799999999681e+00
8.401056000000000523e+00 6.629714100000000165e+00
8.376671500000000492e+00 6.640664499999999748e+00
8.352254900000000148e+00 6.651542999999999317e+00
8.327806200000001269e+00 6.662349500000000369e+00
8.303325799999999646e+00 6.673083800000000565e+00
8.295043600000001405e+00 6.676681700000000497e+00
8.286747599999999991e+00 6.680247599999999508e+00
8.278437799999998958e+00 6.683781399999999984e+00
8.270114400000000643e+00 6.687282900000000474e+00
8.261777500000000884e+00 6.690752199999999483e+00
8.253427200000000852e+00 6.694189100000000003e+00
8.245063700000001106e+00 6.697593700000000538e+00
8.236687099999999262e+00 6.700965899999999920e+00
8.228297500000000042e+00 6.704305699999999923e+00
8.219895000000001062e+00 6.707612899999999989e+00
8.211479699999999937e+00 6.710887500000000117e+00
8.203051900000000174e+00 6.714129600000000586e+00
8.194611500000000603e+00 6.717338999999999949e+00
8.186158799999999403e+00 6.720515699999999981e+00
8.177693899999999516e+00 6.723659599999999514e+00
8.169216800000000944e+00 6.726770800000000605e+00
8.160727800000000087e+00 6.729848999999999748e+00
8.152226900000000498e+00 6.732894400000000168e+00
8.143714199999999792e+00 6.735906899999999808e+00
8.135189999999999699e+00 6.738886299999999885e+00
8.126654300000000219e+00 6.741832800000000070e+00
8.118107300000000137e+00 6.744746100000000411e+00
8.109548999999999452e+00 6.747626399999999691e+00
8.100979699999999895e+00 6.750473500000000016e+00
8.092399300000000295e+00 6.753287300000000215e+00
8.083808199999999999e+00 6.756067999999999962e+00
8.075206400000000784e+00 6.758815300000000192e+00
8.066593899999999095e+00 6.761529300000000298e+00
8.057971099999999609e+00 6.764210000000000278e+00
8.049337900000001156e+00 6.766857200000000461e+00
8.040694499999998968e+00 6.769470999999999350e+00
8.032041100000000711e+00 6.772051300000000218e+00
8.023377800000000448e+00 6.774598100000000400e+00
8.014704599999999957e+00 6.777111299999999616e+00
8.006021800000000965e+00 6.779590900000000531e+00
7.997329500000000202e+00 6.782036900000000479e+00
7.988627700000000331e+00 6.784449200000000069e+00
7.979916699999999530e+00 6.786827800000000188e+00
7.971196499999999574e+00 6.789172599999999669e+00
7.962467300000000137e+00 6.791483599999999399e+00
7.953729199999999722e+00 6.793760900000000547e+00
7.944982399999999778e+00 6.796004299999999887e+00
7.936226999999999698e+00 6.798213699999999804e+00
7.927462999999999482e+00 6.800389299999999970e+00
7.918690699999999971e+00 6.802530899999999825e+00
7.909910200000000557e+00 6.804638600000000537e+00
7.901121600000000633e+00 6.806712199999999768e+00
7.892324999999999591e+00 6.808751799999999577e+00
7.883520599999999767e+00 6.810757300000000569e+00
7.874708499999999667e+00 6.812728600000000689e+00
7.865888799999999570e+00 6.814665899999999610e+00
7.857061700000000037e+00 6.816569000000000322e+00
7.848227299999999573e+00 6.818437900000000162e+00
7.839385700000000234e+00 6.820272499999999738e+00
7.830537099999999917e+00 6.822073000000000498e+00
7.821681599999999790e+00 6.823839099999999824e+00
7.812819300000000133e+00 6.825570899999999774e+00
7.803950300000000340e+00 6.827268499999999740e+00
7.795074899999999474e+00 6.828931599999999769e+00
7.786192999999999920e+00 6.830560400000000421e+00
7.777305000000000135e+00 6.832154800000000527e+00
7.768410799999999838e+00 6.833714700000000697e+00
7.759510699999999872e+00 6.835240200000000321e+00
7.750604700000000236e+00 6.836731200000000008e+00
7.741693000000000602e+00 6.838187700000000646e+00
7.732775700000000363e+00 6.839609699999999570e+00
7.723853000000000080e+00 6.840997199999999445e+00
7.714925000000000033e+00 6.842350099999999991e+00
7.705991799999999614e+00 6.843668399999999430e+00
7.697053600000000273e+00 6.844952100000000428e+00
7.688110499999999625e+00 6.846201200000000320e+00
7.679162599999999728e+00 6.847415699999999994e+00
7.670210100000000253e+00 6.848595500000000058e+00
7.661253099999999705e+00 6.849740600000000512e+00
7.652291700000000141e+00 6.850851099999999860e+00
7.643326000000000064e+00 6.851926800000000206e+00
7.634356300000000317e+00 6.852967800000000054e+00
7.625382600000000011e+00 6.853974100000000291e+00
7.616405099999999706e+00 6.854945599999999750e+00
7.607423899999999684e+00 6.855882300000000207e+00
7.598439099999999335e+00 6.856784300000000165e+00
7.589450900000000111e+00 6.857651399999999953e+00
7.580459399999999626e+00 6.858483800000000130e+00
7.571464799999999329e+00 6.859281299999999248e+00
7.562467100000000109e+00 6.860044000000000253e+00
7.553466600000000142e+00 6.860771800000000198e+00
7.544463300000000316e+00 6.861464799999999364e+00
7.535457300000000025e+00 6.862122900000000136e+00
7.526448900000000108e+00 6.862746199999999241e+00
7.517438199999999959e+00 6.863334499999999672e+00
7.508425199999999577e+00 6.863888000000000211e+00
7.499410200000000692e+00 6.864406500000000300e+00
7.490393200000000640e+00 6.864890199999999609e+00
7.481374500000000261e+00 6.865338899999999356e+00
7.472354000000000163e+00 6.865752699999999820e+00
7.463332000000000299e+00 6.866131600000000113e+00
7.454308699999999455e+00 6.866475499999999954e+00
7.445284000000000013e+00 6.866784499999999625e+00
7.436258200000000151e+00 6.867058499999999732e+00
7.427231499999999542e+00 6.867297599999999669e+00
7.418203900000000850e+00 6.867501700000000042e+00
7.409175499999999914e+00 6.867670900000000245e+00
7.400146600000000241e+00 6.867805099999999996e+00
7.391117200000000054e+00 6.867904400000000464e+00
7.382087499999999913e+00 6.867968700000000482e+00
7.373057600000000100e+00 6.867997999999999159e+00
7.364027699999999399e+00 6.867992400000000330e+00
7.354997800000000474e+00 6.867951699999999882e+00
7.345968200000000614e+00 6.867876199999999542e+00
7.336939000000000100e+00 6.867765599999999360e+00
7.327910199999999818e+00 6.867620099999999894e+00
7.318882099999999724e+00 6.867439700000000258e+00
7.309854699999999816e+00 6.867224300000000170e+00
7.300828300000000048e+00 6.866973899999999631e+00
7.291802800000000140e+00 6.866688600000000697e+00
7.282778599999999436e+00 6.866368300000000424e+00
7.273755600000000321e+00 6.866013099999999980e+00
7.264734100000000083e+00 6.865622999999999365e+00
7.255714200000000780e+00 6.865197900000000075e+00
7.246696000000000026e+00 6.864737899999999726e+00
7.237679600000000768e+00 6.864243000000000094e+00
7.228665299999999405e+00 6.863713100000000011e+00
7.219653000000000098e+00 6.863148400000000038e+00
7.210643000000000136e+00 6.862548799999999893e+00
7.201635399999999798e+00 6.861914300000000466e+00
7.192630299999999366e+00 6.861244899999999980e+00
7.183627900000000288e+00 6.860540699999999603e+00
7.174628300000000181e+00 6.859801599999999944e+00
7.165631500000000820e+00 6.859027699999999506e+00
7.156637899999999775e+00 6.858218899999999785e+00
7.147647499999999710e+00 6.857375299999999285e+00
7.138660400000000017e+00 6.856496899999999783e+00
7.129676700000000089e+00 6.855583700000000391e+00
7.120696700000000767e+00 6.854635799999999612e+00
7.111720400000000275e+00 6.853653000000000439e+00
7.102747999999999173e+00 6.852635599999999272e+00
7.093779499999999238e+00 6.851583400000000879e+00
7.084815299999999816e+00 6.850496399999999930e+00
7.075855299999999737e+00 6.849374799999999652e+00
7.066899699999999562e+00 6.848218499999999764e+00
7.057948599999999573e+00 6.847027500000000266e+00
7.049002299999999721e+00 6.845801800000000270e+00
7.040060699999999727e+00 6.844541500000000056e+00
7.031124100000000432e+00 6.843246699999999905e+00
7.022192600000000340e+00 6.841917200000000143e+00
7.013266300000000619e+00 6.840553100000000164e+00
7.004345299999999774e+00 6.839154499999999359e+00
6.995429800000000142e+00 6.837721400000000394e+00
6.986520000000000508e+00 6.836253700000000322e+00
6.977615899999999982e+00 6.834751500000000313e+00
6.968717599999999734e+00 6.833214899999999759e+00
6.959825399999999718e+00 6.831643900000000436e+00
6.950939400000000212e+00 6.830038400000000287e+00
6.942059599999999442e+00 6.828398500000000482e+00
6.933186199999999744e+00 6.826724299999999523e+00
6.924319399999999902e+00 6.825015699999999796e+00
6.915459300000000198e+00 6.823272799999999805e+00
6.906605899999999743e+00 6.821495600000000437e+00
6.897759600000000546e+00 6.819684100000000804e+00
6.888920299999999663e+00 6.817838399999999410e+00
6.880088200000000320e+00 6.815958400000000417e+00
6.871263500000000413e+00 6.814044299999999943e+00
6.862446199999999941e+00 6.812095999999999485e+00
6.853636599999999746e+00 6.810113599999999323e+00
6.844834700000000716e+00 6.808097100000000346e+00
6.836040699999999859e+00 6.806046599999999280e+00
6.827254700000000120e+00 6.803962000000000288e+00
6.818476800000000004e+00 6.801843400000000095e+00
6.809707200000000071e+00 6.799690800000000479e+00
6.800945999999999714e+00 6.797504299999999944e+00
6.792193300000000100e+00 6.795283799999999985e+00
6.783449300000000015e+00 6.793029499999999388e+00
6.774714099999999739e+00 6.790741399999999928e+00
6.765987799999999552e+00 6.788419399999999548e+00
6.757270499999999736e+00 6.786063699999999699e+00
6.748562500000000242e+00 6.783674200000000098e+00
6.739863699999999902e+00 6.781251100000000420e+00
6.731174499999999838e+00 6.778794200000000103e+00
6.722494800000000659e+00 6.776303799999999988e+00
6.713824800000000259e+00 6.773779700000000403e+00
6.705164599999999808e+00 6.771222100000000133e+00
6.696514399999999867e+00 6.768631000000000064e+00
6.687874300000000716e+00 6.766006400000000198e+00
6.679244499999999363e+00 6.763348399999999927e+00
6.670624899999999968e+00 6.760656899999999858e+00
6.662015900000000101e+00 6.757932199999999945e+00
6.653417499999999762e+00 6.755174100000000514e+00
6.644829899999999512e+00 6.752382700000000071e+00
6.636253100000000238e+00 6.749558099999999783e+00
6.627687299999999837e+00 6.746700300000000539e+00
6.619132599999999478e+00 6.743809399999999954e+00
6.610589200000000609e+00 6.740885299999999525e+00
6.602057199999999959e+00 6.737928200000000700e+00
6.593536699999999584e+00 6.734938099999999928e+00
6.585027900000000045e+00 6.731914999999999871e+00
6.576530800000000454e+00 6.728859000000000812e+00
6.568045600000000483e+00 6.725770100000000085e+00
6.559572400000000414e+00 6.722648399999999747e+00
6.551111399999999918e+00 6.719493900000000686e+00
6.542662700000000164e+00 6.716306600000000238e+00
6.534226399999999657e+00 6.713086699999999851e+00
6.525802599999999565e+00 6.709834100000000134e+00
6.517391400000000168e+00 6.706548899999999591e+00
6.508993099999999643e+00 6.703231200000000278e+00
6.500607600000000375e+00 6.699881000000000419e+00
6.492235199999999651e+00 6.696498300000000015e+00
6.483876000000000417e+00 6.693083300000000513e+00
6.475530000000000008e+00 6.689635899999999857e+00
6.467197399999999874e+00 6.686156200000000105e+00
6.458878399999999687e+00 6.682644199999999479e+00
6.450573099999999727e+00 6.679100099999999429e+00
6.442281499999999994e+00 6.675523899999999955e+00
6.434003800000000162e+00 6.671915499999999888e+00
6.425740199999999902e+00 6.668275200000000069e+00
6.417490799999999496e+00 6.664602900000000218e+00
6.409255600000000719e+00 6.660898600000000336e+00
6.401034800000000580e+00 6.657162500000000094e+00
6.392828499999999359e+00 6.653394599999999492e+00
6.384636900000000281e+00 6.649595000000000589e+00
6.376460100000000075e+00 6.645763600000000437e+00
6.368298199999999909e+00 6.641900599999999599e+00
6.360151300000000063e+00 6.638006099999999243e+00
6.352019499999999930e+00 6.634079999999999977e+00
6.343903000000000070e+00 6.630122500000000585e+00
6.335801900000000764e+00 6.626133600000000179e+00
6.327716299999999627e+00 6.622113299999999647e+00
6.319646300000000494e+00 6.618061700000000158e+00
6.311592099999999483e+00 6.613979000000000497e+00
6.303553700000000148e+00 6.609865100000000382e+00
6.295531299999999497e+00 6.605719999999999814e+00
6.287525099999999867e+00 6.601543999999999635e+00
6.279535000000000089e+00 6.597337000000000451e+00
6.271561300000000116e+00 6.593099000000000487e+00
6.263604099999999342e+00 6.588830299999999696e+00
6.255663499999999821e+00 6.584530700000000181e+00
6.247739600000000060e+00 6.580200500000000119e+00
6.239832500000000337e+00 6.575839499999999838e+00
6.231942300000000046e+00 6.571448000000000178e+00
6.224069300000000027e+00 6.567026000000000252e+00
6.216213400000000000e+00 6.562573599999999452e+00
6.208374799999999638e+00 6.558090700000000162e+00
6.200553600000000110e+00 6.553577500000000278e+00
6.192749899999999919e+00 6.549034100000000080e+00
6.184963899999999626e+00 6.544460500000000458e+00
6.177195700000000400e+00 6.539856799999999915e+00
6.169445399999999857e+00 6.535223000000000226e+00
6.161712999999999774e+00 6.530559199999999898e+00
6.153998800000000102e+00 6.525865600000000377e+00
6.146302799999999955e+00 6.521142099999999608e+00
6.138625100000000501e+00 6.516388799999999648e+00
6.130965999999999916e+00 6.511605899999999281e+00
6.123325399999999696e+00 6.506793300000000002e+00
6.115703400000000123e+00 6.501951200000000597e+00
6.108100300000000260e+00 6.497079600000000177e+00
6.100516200000000389e+00 6.492178599999999911e+00
6.092951000000000228e+00 6.487248300000000079e+00
6.085404999999999731e+00 6.482288699999999793e+00
6.077878300000000067e+00 6.477299900000000221e+00
6.070370899999999459e+00 6.472281999999999869e+00
6.062883000000000244e+00 6.467235099999999903e+00
6.055414700000000039e+00 6.462159300000000606e+00
6.047966199999999404e+00 6.457054499999999919e+00
6.040537399999999835e+00 6.451921000000000461e+00
6.033128600000000397e+00 6.446758700000000175e+00
6.025739800000000201e+00 6.441567799999999622e+00
6.018371199999999810e+00 6.436348299999999689e+00
6.011022800000000110e+00 6.431100299999999770e+00
6.003694900000000167e+00 6.425823900000000144e+00
5.996387399999999701e+00 6.420519100000000812e+00
5.989100499999999272e+00 6.415186099999999669e+00
5.981834300000000049e+00 6.409824999999999662e+00
5.974588899999999647e+00 6.404435699999999621e+00
5.967364499999999516e+00 6.399018400000000106e+00
5.960161100000000545e+00 6.393573199999999623e+00
5.952978799999999460e+00 6.388100099999999948e+00
5.945817799999999487e+00 6.382599299999999864e+00
5.938678099999999738e+00 6.377070699999999981e+00
5.931559899999999885e+00 6.371514600000000250e+00
5.924463199999999929e+00 6.365930900000000392e+00
5.917388200000000431e+00 6.360319900000000359e+00
5.910334999999999894e+00 6.354681400000000480e+00
5.903303700000000376e+00 6.349015699999999818e+00
5.896294399999999492e+00 6.343322800000000150e+00
5.889307200000000186e+00 6.337602799999999981e+00
5.882342099999999796e+00 6.331855800000000478e+00
5.875399400000000050e+00 6.326081799999999866e+00
5.868479099999999171e+00 6.320281099999999874e+00
5.861581300000000105e+00 6.314453499999999941e+00
5.854706199999999860e+00 6.308599300000000021e+00
5.847853699999999932e+00 6.302718600000000393e+00
5.841024099999999386e+00 6.296811299999999889e+00
5.834217400000000886e+00 6.290877599999999958e+00
5.827433699999999384e+00 6.284917700000000274e+00
5.820673099999999600e+00 6.278931499999999666e+00
5.813935800000000320e+00 6.272919100000000192e+00
5.807221800000000655e+00 6.266880699999999749e+00
5.800531299999999391e+00 6.260816399999999504e+00
5.793864199999999798e+00 6.254726200000000347e+00
5.787220800000000054e+00 6.248610300000000173e+00
5.780601200000000439e+00 6.242468600000000478e+00
5.774005299999999785e+00 6.236301400000000328e+00
5.767433399999999821e+00 6.230108699999999722e+00
5.760885599999999940e+00 6.223890599999999829e+00
5.754361799999999860e+00 6.217647099999999760e+00
5.747862299999999536e+00 6.211378499999999470e+00
5.741387099999999855e+00 6.205084700000000453e+00
5.734936300000000209e+00 6.198765900000000606e+00
5.728510100000000271e+00 6.192422200000000210e+00
5.722108399999999762e+00 6.186053700000000433e+00
5.715731499999999521e+00 6.179660399999999498e+00
5.709379299999999269e+00 6.173242400000000352e+00
5.703052099999999847e+00 6.166799900000000001e+00
5.696749799999999198e+00 6.160332999999999615e+00
5.690472699999999939e+00 6.153841700000000081e+00
5.684220700000000015e+00 6.147326099999999904e+00
5.677993999999999986e+00 6.140786399999999645e+00
5.671792700000000131e+00 6.134222600000000192e+00
5.665616799999999564e+00 6.127634900000000329e+00
5.659466500000000622e+00 6.121023300000000056e+00
5.653341799999999751e+00 6.114387899999999654e+00
5.647242900000000176e+00 6.107728899999999683e+00
5.641169799999999235e+00 6.101046300000000144e+00
5.635122599999999871e+00 6.094340199999999541e+00
5.629101499999999980e+00 6.087610800000000211e+00
5.623106399999999283e+00 6.080858100000000377e+00
5.617137500000000117e+00 6.074082199999999432e+00
5.611194900000000096e+00 6.067283299999999713e+00
5.605278699999999503e+00 6.060461400000000332e+00
5.599389000000000394e+00 6.053616699999999184e+00
5.593525800000000103e+00 6.046749199999999824e+00
5.587689199999999801e+00 6.039859000000000755e+00
5.581879400000000047e+00 6.032946299999999873e+00
5.576096300000000561e+00 6.026011200000000123e+00
5.570340199999999520e+00 6.019053700000000617e+00
5.564611000000000196e+00 6.012073999999999252e+00
5.558908999999999878e+00 6.005072100000000468e+00
5.553234000000000670e+00 5.998048300000000665e+00
5.547586299999999859e+00 5.991002499999999564e+00
5.541966000000000392e+00 5.983934900000000390e+00
5.536372999999999323e+00 5.976845500000000477e+00
5.530807600000000157e+00 5.969734599999999780e+00
5.525269699999999951e+00 5.962602200000000074e+00
5.519759500000000152e+00 5.955448399999999864e+00
5.514276999999999873e+00 5.948273299999999431e+00
5.508822299999999395e+00 5.941076999999999941e+00
5.503395600000000165e+00 5.933859599999999901e+00
5.497996800000000128e+00 5.926621299999999870e+00
5.492626100000000733e+00 5.919362199999999241e+00
5.487283499999999314e+00 5.912082299999999790e+00
5.481969199999999987e+00 5.904781799999999414e+00
5.476683200000000085e+00 5.897460699999999889e+00
5.471425599999999889e+00 5.890119300000000280e+00
5.466196399999999400e+00 5.882757499999999418e+00
5.460995800000000067e+00 5.875375500000000528e+00
5.455823800000000112e+00 5.867973499999999731e+00
5.450680600000000098e+00 5.860551499999999692e+00
5.445566099999999743e+00 5.853109599999999801e+00
5.440480400000000216e+00 5.845647999999999733e+00
5.435423700000000302e+00 5.838166699999999487e+00
5.430396000000000001e+00 5.830665899999999624e+00
5.425397299999999312e+00 5.823145700000000424e+00
5.420427899999999966e+00 5.815606200000000392e+00
5.415487600000000512e+00 5.808047600000000088e+00
5.410576700000000017e+00 5.800469800000000120e+00
5.405695099999999975e+00 5.792873099999999553e+00
5.400843000000000060e+00 5.785257499999999276e+00
5.396020400000000272e+00 5.777623300000000128e+00
5.391227400000000003e+00 5.769970400000000055e+00
5.386464100000000421e+00 5.762298899999999335e+00
5.381730499999999751e+00 5.754609099999999700e+00
5.377026799999999440e+00 5.746901099999999651e+00
5.372352900000000098e+00 5.739174900000000079e+00
5.367708999999999619e+00 5.731430599999999487e+00
5.363095099999999782e+00 5.723668399999999323e+00
5.358511199999999697e+00 5.715888399999999869e+00
5.353957599999999317e+00 5.708090699999999629e+00
5.349434199999999251e+00 5.700275500000000051e+00
5.344940999999999498e+00 5.692442800000000247e+00
5.340478300000000011e+00 5.684592700000000498e+00
5.336045900000000231e+00 5.676725400000000477e+00
5.331644100000000108e+00 5.668841099999999855e+00
5.327272799999999364e+00 5.660939700000000130e+00
5.322932200000000336e+00 5.653021499999999477e+00
5.318622200000000078e+00 5.645086500000000562e+00
5.314343000000000039e+00 5.637134900000000393e+00
5.310094600000000220e+00 5.629166699999999857e+00
5.305877100000000013e+00 5.621182199999999796e+00
5.301690599999999698e+00 5.613181400000000210e+00
5.297535100000000163e+00 5.605164499999999883e+00
5.293410600000000521e+00 5.597131500000000592e+00
5.289317299999999555e+00 5.589082699999999626e+00
5.285255199999999931e+00 5.581018000000000256e+00
5.281224299999999872e+00 5.572937700000000660e+00
5.277224699999999658e+00 5.564841799999999949e+00
5.273256599999999850e+00 5.556730499999999573e+00
5.269319799999999887e+00 5.548603899999999811e+00
5.265414599999999723e+00 5.540462100000000056e+00
5.261540899999999965e+00 5.532305199999999701e+00
5.257698900000000286e+00 5.524133399999999305e+00
5.253888500000000406e+00 5.515946800000000039e+00
5.250109800000000604e+00 5.507745500000000405e+00
5.246362900000000273e+00 5.499529599999999796e+00
5.242647899999999694e+00 5.491299299999999661e+00
5.238964799999999755e+00 5.483054699999999393e+00
5.235313600000000456e+00 5.474795799999999879e+00
5.231694400000000300e+00 5.466522900000000185e+00
5.228107299999999569e+00 5.458236000000000310e+00
5.224552300000000038e+00 5.449935299999999927e+00
5.221029399999999931e+00 5.441620900000000205e+00
5.217538800000000698e+00 5.433292900000000536e+00
5.214080499999999674e+00 5.424951499999999704e+00
5.210654499999999523e+00 5.416596700000000375e+00
5.207260800000000245e+00 5.408228799999999836e+00
5.203899599999999737e+00 5.399847700000000472e+00
5.200570899999999774e+00 5.391453700000000460e+00
5.197274700000000358e+00 5.383046900000000079e+00
5.194011099999999992e+00 5.374627400000000499e+00
5.190780099999999564e+00 5.366195300000000223e+00
5.187581699999999962e+00 5.357750699999999533e+00
5.184416099999999972e+00 5.349293899999999269e+00
5.181283300000000480e+00 5.340824800000000039e+00
5.178183299999999711e+00 5.332343700000000020e+00
5.175116100000000330e+00 5.323850600000000099e+00
5.172081900000000232e+00 5.315345699999999951e+00
5.169080600000000025e+00 5.306829200000000135e+00
5.166112299999999991e+00 5.298301000000000371e+00
5.163177099999999520e+00 5.289761500000000005e+00
5.160274900000000109e+00 5.281210600000000532e+00
5.157405899999999654e+00 5.272648600000000130e+00
5.154570099999999933e+00 5.264075499999999685e+00
5.151767399999999775e+00 5.255491499999999760e+00
5.148998100000000022e+00 5.246896700000000635e+00
5.146262000000000114e+00 5.238291300000000206e+00
5.143559299999999723e+00 5.229675300000000249e+00
5.140889900000000345e+00 5.221048899999999549e+00
5.138253999999999877e+00 5.212412299999999554e+00
5.135651600000000094e+00 5.203765500000000266e+00
5.133082599999999829e+00 5.195108699999999580e+00
5.130547199999999641e+00 5.186442000000000441e+00
5.128045399999999532e+00 5.177765599999999857e+00
5.125577100000000108e+00 5.169079599999999886e+00
5.123142600000000435e+00 5.160383999999999638e+00
5.120741699999999952e+00 5.151679099999999956e+00
5.118374499999999827e+00 5.142965000000000231e+00
5.116041100000000341e+00 5.134241699999999575e+00
5.113741499999999718e+00 5.125509499999999719e+00
5.111475800000000014e+00 5.116768500000000053e+00
5.109243799999999780e+00 5.108018699999999690e+00
5.107045799999999858e+00 5.099260400000000359e+00
5.104881800000000247e+00 5.090493599999999397e+00
5.102751599999999499e+00 5.081718500000000027e+00
5.100655500000000231e+00 5.072935199999999867e+00
5.098593399999999498e+00 5.064143900000000365e+00
5.096565400000000245e+00 5.055344600000000632e+00
5.094571399999999528e+00 5.046537599999999735e+00
5.092611600000000571e+00 5.037722899999999449e+00
5.090685900000000430e+00 5.028900700000000334e+00
5.088794399999999385e+00 5.020071100000000008e+00
5.086937100000000100e+00 5.011234299999999919e+00
5.085113999999999912e+00 5.002390300000000067e+00
5.083325199999999988e+00 4.993539300000000125e+00
5.081570700000000329e+00 4.984681499999999765e+00
5.079850499999999158e+00 4.975816899999999876e+00
5.078164600000000029e+00 4.966945700000000130e+00
5.076513100000000556e+00 4.958068100000000200e+00
5.074895900000000459e+00 4.949184199999999478e+00
5.073313199999999412e+00 4.940293999999999741e+00
5.071764899999999798e+00 4.931397800000000053e+00
5.070251100000000122e+00 4.922495700000000696e+00
5.068771800000000383e+00 4.913587699999999892e+00
5.067326900000000300e+00 4.904674100000000259e+00
5.065916599999999548e+00 4.895755000000000301e+00
5.064540899999999901e+00 4.886830500000000299e+00
5.063199700000000192e+00 4.877900700000000533e+00
5.061893099999999812e+00 4.868965799999999788e+00
5.060621100000000538e+00 4.860025899999999233e+00
5.059383700000000594e+00 4.851081199999999427e+00
5.058180999999999372e+00 4.842131699999999483e+00
5.057012900000000144e+00 4.833177700000000243e+00
5.055879499999999638e+00 4.824219100000000537e+00
5.054780800000000518e+00 4.815256299999999712e+00
5.053716900000000400e+00 4.806289300000000431e+00
5.052687600000000501e+00 4.797318199999999422e+00
5.051693100000000491e+00 4.788343199999999911e+00
5.050733400000000373e+00 4.779364400000000401e+00
5.049808399999999864e+00 4.770381999999999678e+00
5.048918200000000134e+00 4.761395999999999518e+00
5.048062899999999686e+00 4.752406699999999873e+00
5.047242299999999737e+00 4.743414099999999856e+00
5.046456600000000847e+00 4.734418399999999139e+00
5.045705700000000071e+00 4.725419800000000059e+00
5.044989600000000074e+00 4.716418299999999952e+00
5.044308500000000528e+00 4.707414100000000268e+00
5.043662199999999984e+00 4.698407299999999509e+00
5.043050700000000219e+00 4.689398100000000014e+00
5.042474200000000017e+00 4.680386599999999397e+00
5.041932499999999706e+00 4.671372900000000605e+00
5.041425799999999846e+00 4.662357200000000645e+00
5.040954000000000157e+00 4.653339600000000686e+00
5.040517099999999751e+00 4.644320300000000401e+00
5.040115100000000403e+00 4.635299299999999789e+00
5.039748099999999731e+00 4.626276799999999412e+00
5.039416000000000118e+00 4.617252999999999830e+00
5.039118799999999787e+00 4.608227900000000155e+00
5.038856599999999908e+00 4.599201799999999452e+00
5.038629399999999592e+00 4.590174799999999777e+00
5.038437100000000335e+00 4.581146899999999356e+00
5.038279700000000361e+00 4.572118300000000524e+00
5.038157299999999950e+00 4.563089200000000289e+00
5.038069899999999990e+00 4.554059699999999822e+00
5.038017499999999593e+00 4.545029900000000289e+00
5.038000000000000256e+00 4.535999999999999588e+00
