# Cls = PFC
# Exp = WEST
# Name = LH2V0
3.900000000000000000e+01 2.000000000000000000e+00
3.044780693243757774e+00 -4.949109999999999898e-01
3.107833904684217163e+00 -3.180000000000000049e-01
3.399999999999999911e+00 -3.180000000000000049e-01
3.399999999999999911e+00 3.180000000000000049e-01
3.107833904684217163e+00 3.180000000000000049e-01
3.044780693243757774e+00 4.949109999999999898e-01
2.893059712127533434e+00 5.041050000000000253e-01
2.869115048167717230e+00 5.047989999999999977e-01
2.871475220568535214e+00 4.642505000000000104e-01
2.880915079803645362e+00 4.239039999999999475e-01
2.897184470647450105e+00 3.858314999999999939e-01
2.913386258869197665e+00 3.561050000000000049e-01
2.928176206214729405e+00 3.259269999999999667e-01
2.941644655680222709e+00 2.951289999999999747e-01
2.953766325423418770e+00 2.637690000000000312e-01
2.964516663994923640e+00 2.319070000000000020e-01
2.973876076688413583e+00 1.996034999999999893e-01
2.981826377056054689e+00 1.669204999999999994e-01
2.988352293009314931e+00 1.339190000000000103e-01
2.993440622120721262e+00 1.006630000000000025e-01
2.997082113834418138e+00 6.721550000000001135e-02
2.999269995011077938e+00 3.363950000000000273e-02
3.000000000000000000e+00 0.000000000000000000e+00
2.999269995011077938e+00 -3.363950000000000273e-02
2.997082113834418138e+00 -6.721550000000001135e-02
2.993440622120721262e+00 -1.006630000000000025e-01
2.988286590271198140e+00 -1.339190000000000103e-01
2.981826377056054689e+00 -1.669204999999999994e-01
2.973876076688413583e+00 -1.996034999999999893e-01
2.964502839567379588e+00 -2.319070000000000020e-01
2.953766325423418770e+00 -2.637690000000000312e-01
2.941644655680222709e+00 -2.951289999999999747e-01
2.928176206214729405e+00 -3.259269999999999667e-01
2.913386258869197665e+00 -3.561050000000000049e-01
2.897184470647450105e+00 -3.858314999999999939e-01
2.880915079803645362e+00 -4.239039999999999475e-01
2.871475220568535214e+00 -4.642505000000000104e-01
2.869115048167717230e+00 -5.047989999999999977e-01
2.893059712127533434e+00 -5.041050000000000253e-01
-4.631197200000000125e-01 3.333333999999998909e-02
-2.350119850000000066e-01 3.333332999999999435e-02
