# Cls = PFC
# Exp = NSTX
# Name = path70015
1.400000000000000000e+01 0.000000000000000000e+00
1.035937500000000000e+02 2.158476499999999874e+02
1.105898499999999984e+02 2.158476499999999874e+02
1.105898499999999984e+02 2.175273499999999842e+02
1.075781300000000016e+02 2.175273499999999842e+02
1.075781300000000016e+02 2.174267599999999732e+02
1.040201299999999947e+02 2.174347599999999829e+02
1.040161299999999898e+02 2.189532799999999781e+02
1.023286299999999898e+02 2.189532799999999781e+02
1.023286299999999898e+02 2.181056299999999908e+02
1.031684699999999850e+02 2.181056299999999908e+02
1.031684699999999850e+02 2.172657799999999781e+02
1.023286299999999898e+02 2.172657799999999781e+02
1.023286299999999898e+02 2.167110999999999876e+02
1.035942499999999882e+02 2.167110999999999876e+02
