# Cls = PFC
# Exp = ITER
# Name = BLK09
9.000000000000000000e+00 1.800000000000000000e+01
4.897300000000000431e+00 4.761199999999999655e+00
4.887299999999999756e+00 4.754800000000000360e+00
4.883700000000000152e+00 4.739200000000000301e+00
4.906399999999999650e+00 4.703299999999999592e+00
5.647800000000000153e+00 4.535400000000000098e+00
5.698599999999999888e+00 4.567499999999999893e+00
5.686700000000000088e+00 4.586400000000000254e+00
5.712699999999999889e+00 4.750399999999999956e+00
4.934800000000000075e+00 4.926499999999999879e+00
1.745329251994329478e-01 3.458230286486604355e-01
5.235987755982988157e-01 3.458230286486604355e-01
8.726646259971647668e-01 3.458230286486604355e-01
1.221730476396030607e+00 3.458230286486604355e-01
1.570796326794896558e+00 3.458230286486604355e-01
1.919862177193762509e+00 3.458230286486604355e-01
2.268928027592628460e+00 3.458230286486604355e-01
2.617993877991494411e+00 3.458230286486604355e-01
2.967059728390360362e+00 3.458230286486604355e-01
-2.967059728390360362e+00 3.458230286486604355e-01
-2.617993877991494411e+00 3.458230286486604355e-01
-2.268928027592628460e+00 3.458230286486604355e-01
-1.919862177193763175e+00 3.458230286486604355e-01
-1.570796326794896780e+00 3.458230286486604355e-01
-1.221730476396031273e+00 3.458230286486604355e-01
-8.726646259971648778e-01 3.458230286486604355e-01
-5.235987755982993708e-01 3.458230286486604355e-01
-1.745329251994338915e-01 3.458230286486604355e-01
