# Cls = Ves
# Exp = TCV
# Name = vIn
2.550000000000000000e+02 0.000000000000000000e+00
1.174999952316284180e+00 0.000000000000000000e+00
1.174999952316284180e+00 1.613520640952914240e-02
1.174999952316284180e+00 3.227041281905828479e-02
1.174999952316284180e+00 4.840561922858743066e-02
1.174999952316284180e+00 6.454082563811656958e-02
1.174999952316284180e+00 8.067603204764571545e-02
1.174999952316284180e+00 9.681123845717486132e-02
1.174999952316284180e+00 1.129464448667040072e-01
1.174999952316284180e+00 1.290816512762331392e-01
1.174999952316284180e+00 1.452168576857622850e-01
1.174999952316284180e+00 1.613520640952914309e-01
1.174999952316284180e+00 1.774872705048205768e-01
1.174999952316284180e+00 1.936224769143497226e-01
1.174999952316284180e+00 2.097576833238788685e-01
1.174999952316284180e+00 2.258928897334080144e-01
1.174999952316284180e+00 2.420280961429371602e-01
1.174999952316284180e+00 2.581633025524662783e-01
1.174999952316284180e+00 2.742985089619954242e-01
1.174999952316284180e+00 2.904337153715245701e-01
1.174999952316284180e+00 3.065689217810537159e-01
1.174999952316284180e+00 3.227041281905828618e-01
1.174999952316284180e+00 3.388393346001120077e-01
1.174999952316284180e+00 3.549745410096411535e-01
1.174999952316284180e+00 3.711097474191702994e-01
1.174999952316284180e+00 3.872449538286994453e-01
1.174999952316284180e+00 4.033801602382285911e-01
1.174999952316284180e+00 4.195153666477577370e-01
1.174999952316284180e+00 4.356505730572868829e-01
1.174999952316284180e+00 4.517857794668160287e-01
1.174999952316284180e+00 4.679209858763451746e-01
1.174999952316284180e+00 4.840561922858743205e-01
1.174999952316284180e+00 5.001913986954034108e-01
1.174999952316284180e+00 5.163266051049325567e-01
1.174999952316284180e+00 5.324618115144618136e-01
1.174999952316284180e+00 5.485970179239908484e-01
1.174999952316284180e+00 5.647322243335201053e-01
1.174999952316284180e+00 5.808674307430491401e-01
1.174999952316284180e+00 5.970026371525783970e-01
1.177576505640449023e+00 6.128827897013900960e-01
1.179874966925617441e+00 6.287731272402329319e-01
1.176651371380925681e+00 6.445156565671184001e-01
1.169431400964765277e+00 6.588855839912870493e-01
1.158701991555870281e+00 6.708490855592816882e-01
1.146347487593316172e+00 6.812273411266525081e-01
1.133992680768089789e+00 6.916053783736557659e-01
1.121637873942863406e+00 7.019834156206591347e-01
1.109283067117637023e+00 7.123614528676623925e-01
1.096928260292410418e+00 7.227394901146656503e-01
1.084573453467184034e+00 7.331175273616689081e-01
1.072218646641957651e+00 7.434955646086722769e-01
1.059863839816731268e+00 7.538736018556755347e-01
1.047509032991504663e+00 7.642516391026789035e-01
1.035154226166278280e+00 7.746296763496821614e-01
1.021829987285853614e+00 7.836380073346609354e-01
1.006609554286532093e+00 7.888430955072340822e-01
9.905547570932733414e-01 7.900000214576721191e-01
9.744195506837441956e-01 7.900000214576721191e-01
9.582843442742150497e-01 7.900000214576721191e-01
9.421491378646859038e-01 7.900000214576721191e-01
9.260139314551567580e-01 7.900000214576721191e-01
9.098787250456276121e-01 7.900000214576721191e-01
8.937435186360984662e-01 7.900000214576721191e-01
8.776083122265693204e-01 7.900000214576721191e-01
8.614731058170401745e-01 7.900000214576721191e-01
8.453378994075111397e-01 7.900000214576721191e-01
8.292026929979819938e-01 7.900000214576721191e-01
8.130674865884526259e-01 7.900000214576721191e-01
7.969322801789235911e-01 7.900000214576721191e-01
7.807970737693945562e-01 7.900000214576721191e-01
7.646618673598654103e-01 7.900000214576721191e-01
7.485266609503360424e-01 7.900000214576721191e-01
7.323914545408070076e-01 7.900000214576721191e-01
7.162562481312779727e-01 7.900000214576721191e-01
7.001210417217488269e-01 7.900000214576721191e-01
6.839858353122194590e-01 7.900000214576721191e-01
6.678506289026904241e-01 7.900000214576721191e-01
6.517154224931613893e-01 7.900000214576721191e-01
6.356907403133775780e-01 7.891691130227281858e-01
6.205829264552892299e-01 7.842088168019581973e-01
6.072010543287497120e-01 7.754497716912849281e-01
5.963204353595114027e-01 7.636672891164609789e-01
5.887163809733266806e-01 7.496366805032388392e-01
5.851642025959482574e-01 7.341332572773707765e-01
5.849999785423278809e-01 7.180168031075915280e-01
5.849999785423278809e-01 7.018815299434251198e-01
5.849999785423278809e-01 6.857463235338959739e-01
5.849999785423278809e-01 6.696111171243667171e-01
5.849999785423278809e-01 6.534759107148375712e-01
5.849999785423278809e-01 6.373407043053085363e-01
5.849999785423278809e-01 6.212054978957795015e-01
5.849999785423278809e-01 6.050702914862501336e-01
5.849999785423278809e-01 5.889350850767209877e-01
5.849999785423278809e-01 5.727998786671919529e-01
5.849999785423278809e-01 5.566646722576629180e-01
5.849999785423278809e-01 5.405294658481335501e-01
5.849999785423278809e-01 5.243942594386044043e-01
5.849999785423278809e-01 5.082590530290753694e-01
5.849999785423278809e-01 4.921238466195462791e-01
5.849999785423278809e-01 4.759886402100169667e-01
5.849999785423278809e-01 4.598534338004878763e-01
5.849999785423278809e-01 4.437182273909587860e-01
5.849999785423278809e-01 4.275830209814296956e-01
5.849999785423278809e-01 4.114478145719003832e-01
5.849999785423278809e-01 3.953126081623712929e-01
5.849999785423278809e-01 3.791774017528422025e-01
5.849999785423278809e-01 3.630421953433131677e-01
5.849999785423278809e-01 3.469069889337838553e-01
5.849999785423278809e-01 3.307717825242547649e-01
5.849999785423278809e-01 3.146365761147256745e-01
5.849999785423278809e-01 2.985013697051965842e-01
5.849999785423278809e-01 2.823661632956672718e-01
5.849999785423278809e-01 2.662309568861381814e-01
5.849999785423278809e-01 2.500957504766090911e-01
5.849999785423278809e-01 2.339605440670800007e-01
5.849999785423278809e-01 2.178253376575506883e-01
5.849999785423278809e-01 2.016901312480215980e-01
5.849999785423278809e-01 1.855549248384925631e-01
5.849999785423278809e-01 1.694197184289634173e-01
5.849999785423278809e-01 1.532845120194341604e-01
5.849999785423278809e-01 1.371493056099050145e-01
5.849999785423278809e-01 1.210140992003759797e-01
5.849999785423278809e-01 1.048788927908468338e-01
5.849999785423278809e-01 8.874368638131757692e-02
5.849999785423278809e-01 7.260847997178843105e-02
5.849999785423278809e-01 5.647327356225939621e-02
5.849999785423278809e-01 4.033806715273025034e-02
5.849999785423278809e-01 2.420286074320099345e-02
5.849999785423278809e-01 8.067654333671847589e-03
5.849999785423278809e-01 -8.067603204764543443e-03
5.849999785423278809e-01 -2.420280961429362859e-02
5.849999785423278809e-01 -4.033801602382271895e-02
5.849999785423278809e-01 -5.647322243335180236e-02
5.849999785423278809e-01 -7.260842884288135068e-02
5.849999785423278809e-01 -8.874363525241042716e-02
5.849999785423278809e-01 -1.048788416619395175e-01
5.849999785423278809e-01 -1.210140480714686079e-01
5.849999785423278809e-01 -1.371492544809976843e-01
5.849999785423278809e-01 -1.532844608905267747e-01
5.849999785423278809e-01 -1.694196673000558651e-01
5.849999785423278809e-01 -1.855548737095849554e-01
5.849999785423278809e-01 -2.016900801191144899e-01
5.849999785423278809e-01 -2.178252865286435802e-01
5.849999785423278809e-01 -2.339604929381726706e-01
5.849999785423278809e-01 -2.500956993477017609e-01
5.849999785423278809e-01 -2.662309057572308513e-01
5.849999785423278809e-01 -2.823661121667599416e-01
5.849999785423278809e-01 -2.985013185762890320e-01
5.849999785423278809e-01 -3.146365249858181223e-01
5.849999785423278809e-01 -3.307717313953476568e-01
5.849999785423278809e-01 -3.469069378048767471e-01
5.849999785423278809e-01 -3.630421442144058375e-01
5.849999785423278809e-01 -3.791773506239348723e-01
5.849999785423278809e-01 -3.953125570334639627e-01
5.849999785423278809e-01 -4.114477634429930530e-01
5.849999785423278809e-01 -4.275829698525221434e-01
5.849999785423278809e-01 -4.437181762620512337e-01
5.849999785423278809e-01 -4.598533826715807682e-01
5.849999785423278809e-01 -4.759885890811098585e-01
5.849999785423278809e-01 -4.921237954906389489e-01
5.849999785423278809e-01 -5.082590019001680393e-01
5.849999785423278809e-01 -5.243942083096971851e-01
5.849999785423278809e-01 -5.405294147192262200e-01
5.849999785423278809e-01 -5.566646211287552548e-01
5.849999785423278809e-01 -5.727998275382844007e-01
5.849999785423278809e-01 -5.889350339478139906e-01
5.849999785423278809e-01 -6.050702403573430255e-01
5.849999785423278809e-01 -6.212054467668720603e-01
5.849999785423278809e-01 -6.373406531764012062e-01
5.849999785423278809e-01 -6.534758595859302410e-01
5.849999785423278809e-01 -6.696110659954593869e-01
5.849999785423278809e-01 -6.857462724049884217e-01
5.849999785423278809e-01 -7.018814788145175676e-01
5.849999785423278809e-01 -7.180166137319654585e-01
5.851641911051086442e-01 -7.341331985118444425e-01
5.887163547108685835e-01 -7.496366247168847474e-01
5.963203970510742025e-01 -7.636672390349186212e-01
6.072010066999729005e-01 -7.754497300401937965e-01
6.205828722318121882e-01 -7.842087863069576725e-01
6.356906822208394647e-01 -7.891690964094576488e-01
6.517153689138832640e-01 -7.900000214576721191e-01
6.678505753234127429e-01 -7.900000214576721191e-01
6.839857817329418888e-01 -7.900000214576721191e-01
7.001209881424709236e-01 -7.900000214576721191e-01
7.162561945520000695e-01 -7.900000214576721191e-01
7.323914009615291043e-01 -7.900000214576721191e-01
7.485266073710581392e-01 -7.900000214576721191e-01
7.646618137805872850e-01 -7.900000214576721191e-01
7.807970201901164309e-01 -7.900000214576721191e-01
7.969322265996459098e-01 -7.900000214576721191e-01
8.130674330091749447e-01 -7.900000214576721191e-01
8.292026394187040905e-01 -7.900000214576721191e-01
8.453378458282332364e-01 -7.900000214576721191e-01
8.614730522377622712e-01 -7.900000214576721191e-01
8.776082586472913061e-01 -7.900000214576721191e-01
8.937434650568204519e-01 -7.900000214576721191e-01
9.098786714663494868e-01 -7.900000214576721191e-01
9.260138778758790767e-01 -7.900000214576721191e-01
9.421490842854081116e-01 -7.900000214576721191e-01
9.582842906949371464e-01 -7.900000214576721191e-01
9.744194971044662923e-01 -7.900000214576721191e-01
9.905547035139954382e-01 -7.900000214576721191e-01
1.006609427920454936e+00 -7.888431490762904952e-01
1.021829866732014258e+00 -7.836380800008507785e-01
1.035154225112941306e+00 -7.746296416223323877e-01
1.047509031938167912e+00 -7.642516043753287969e-01
1.059863838763394295e+00 -7.538735671283255391e-01
1.072218645588620678e+00 -7.434955298813222813e-01
1.084573452413847061e+00 -7.331174926343190235e-01
1.096928259239073444e+00 -7.227394553873157657e-01
1.109283066064299828e+00 -7.123614181403125079e-01
1.121637872889526211e+00 -7.019833808933092500e-01
1.133992679714752594e+00 -6.916053436463059922e-01
1.146347486539979421e+00 -6.812273063993025124e-01
1.158702114230366176e+00 -6.708490980970244211e-01
1.169431519247826401e+00 -6.588855918716884918e-01
1.176651484605297782e+00 -6.445156613775986365e-01
1.179875074424046044e+00 -6.287731305682113803e-01
1.177576497849390558e+00 -6.128827522234441272e-01
1.174999952316284180e+00 -5.970027119728706921e-01
1.174999952316284180e+00 -5.808675055633415463e-01
1.174999952316284180e+00 -5.647322991538120673e-01
1.174999952316284180e+00 -5.485970927442829215e-01
1.174999952316284180e+00 -5.324618863347538866e-01
1.174999952316284180e+00 -5.163266799252247408e-01
1.174999952316284180e+00 -5.001914735156957059e-01
1.174999952316284180e+00 -4.840562671061666156e-01
1.174999952316284180e+00 -4.679210606966375252e-01
1.174999952316284180e+00 -4.517858542871084349e-01
1.174999952316284180e+00 -4.356506478775789004e-01
1.174999952316284180e+00 -4.195154414680498101e-01
1.174999952316284180e+00 -4.033802350585207197e-01
1.174999952316284180e+00 -3.872450286489916293e-01
1.174999952316284180e+00 -3.711098222394625390e-01
1.174999952316284180e+00 -3.549746158299334486e-01
1.174999952316284180e+00 -3.388394094204043583e-01
1.174999952316284180e+00 -3.227042030108752679e-01
1.174999952316284180e+00 -3.065689966013457335e-01
1.174999952316284180e+00 -2.904337901918166431e-01
1.174999952316284180e+00 -2.742985837822875528e-01
1.174999952316284180e+00 -2.581633773727584624e-01
1.174999952316284180e+00 -2.420281709632293721e-01
1.174999952316284180e+00 -2.258929645537002817e-01
1.174999952316284180e+00 -2.097577581441712469e-01
1.174999952316284180e+00 -1.936225517346421565e-01
1.174999952316284180e+00 -1.774873453251125666e-01
1.174999952316284180e+00 -1.613521389155835317e-01
1.174999952316284180e+00 -1.452169325060544414e-01
1.174999952316284180e+00 -1.290817260965253510e-01
1.174999952316284180e+00 -1.129465196869962607e-01
1.174999952316284180e+00 -9.681131327746717030e-02
1.174999952316284180e+00 -8.067610686793802444e-02
1.174999952316284180e+00 -6.454090045840898959e-02
1.174999952316284180e+00 -4.840569404887939964e-02
1.174999952316284180e+00 -3.227048763935036479e-02
1.174999952316284180e+00 -1.613528122982121893e-02
