# Cls = PFC
# Exp = NSTX
# Name = DivertorUpper
4.400000000000000000e+01 0.000000000000000000e+00
1.088085999999999984e+02 2.290976599999999905e+02
1.088085999999999984e+02 2.278867199999999968e+02
1.100820300000000032e+02 2.278867199999999968e+02
1.100820300000000032e+02 2.283945300000000032e+02
1.113515600000000063e+02 2.283945300000000032e+02
1.113515600000000063e+02 2.288906200000000126e+02
1.126289000000000016e+02 2.288906200000000126e+02
1.126289000000000016e+02 2.293984300000000189e+02
1.138984400000000079e+02 2.293984300000000189e+02
1.138984400000000079e+02 2.298945300000000316e+02
1.151718800000000016e+02 2.298945300000000316e+02
1.151758800000000065e+02 2.303906200000000410e+02
1.164454100000000096e+02 2.303906200000000410e+02
1.164454100000000096e+02 2.308984300000000474e+02
1.177188400000000144e+02 2.308984300000000474e+02
1.177188400000000144e+02 2.313945300000000600e+02
1.189922800000000080e+02 2.313945300000000600e+02
1.189922800000000080e+02 2.319023500000000695e+02
1.202657200000000017e+02 2.319023500000000695e+02
1.202657200000000017e+02 2.323984300000000758e+02
1.215391500000000065e+02 2.323984300000000758e+02
1.215391500000000065e+02 2.329062500000000853e+02
1.228127500000000083e+02 2.329062500000000853e+02
1.228127500000000083e+02 2.334023500000000979e+02
1.240861900000000020e+02 2.334023500000000979e+02
1.240861900000000020e+02 2.339101600000001042e+02
1.253557200000000051e+02 2.339101600000001042e+02
1.253557200000000051e+02 2.344062500000001137e+02
1.266291599999999988e+02 2.344062500000001137e+02
1.266331600000000037e+02 2.349062500000001137e+02
1.279026900000000069e+02 2.349062500000001137e+02
1.279026900000000069e+02 2.354101600000001042e+02
1.291761199999999974e+02 2.354101600000001042e+02
1.291761199999999974e+02 2.359062500000001137e+02
1.304495599999999911e+02 2.359062500000001137e+02
1.304495599999999911e+02 2.364140600000001200e+02
1.317229999999999848e+02 2.364140600000001200e+02
1.317229999999999848e+02 2.369101600000001326e+02
1.329964399999999785e+02 2.369101600000001326e+02
1.329964399999999785e+02 2.374179700000001390e+02
1.342698699999999690e+02 2.374179700000001390e+02
1.342698699999999690e+02 2.386171900000001358e+02
1.343206699999999785e+02 2.399335900000001232e+02
1.083948899999999753e+02 2.298867200000001105e+02
