# Cls = PFC
# Exp = WEST
# Name = BaffleV1
3.100000000000000000e+01 0.000000000000000000e+00
2.580000000000000071e+00 -8.594000000000001638e-01
2.669999999999999929e+00 -8.594000000000001638e-01
2.669999999999999929e+00 -8.394000000000001460e-01
2.635000000000000231e+00 -8.394000000000001460e-01
2.635000000000000231e+00 -7.304000000000001602e-01
2.694999999999999840e+00 -7.304000000000001602e-01
2.697999999999999954e+00 -7.084000000000000297e-01
2.750000000000000000e+00 -7.084000000000000297e-01
2.750000000000000000e+00 -6.934000000000000163e-01
2.785600000000000076e+00 -6.934000000000000163e-01
2.785600000000000076e+00 -6.754000000000000004e-01
2.726570000000000160e+00 -6.754000000000000004e-01
2.617669999999999941e+00 -6.754000000000000004e-01
2.465250000000000163e+00 -6.754000000000000004e-01
2.389499999999999957e+00 -6.754000000000000004e-01
2.386699999999999822e+00 -6.757999999999999563e-01
2.384199999999999875e+00 -6.771000000000000352e-01
2.382200000000000539e+00 -6.791000000000000369e-01
2.380900000000000016e+00 -6.815999999999999837e-01
2.380500000000000060e+00 -6.844000000000000083e-01
2.380900000000000016e+00 -6.872000000000000330e-01
2.382200000000000539e+00 -6.896999999999999797e-01
2.384199999999999875e+00 -6.916999999999999815e-01
2.386699999999999822e+00 -6.930000000000000604e-01
2.389499999999999957e+00 -6.934000000000000163e-01
2.462000000000000188e+00 -6.934000000000000163e-01
2.462000000000000188e+00 -7.134000000000001451e-01
2.471999999999999975e+00 -7.304000000000001602e-01
2.615000000000000213e+00 -7.304000000000001602e-01
2.615000000000000213e+00 -8.394000000000001460e-01
2.580000000000000071e+00 -8.394000000000001460e-01
