# Cls = CoilPF
# Exp = TCV
# Name = B03A3
1.600000000000000000e+01 0.000000000000000000e+00
1.003109560715333082e+00 -7.691530353079402138e-01
1.003109560715333304e+00 -7.894356805079155714e-01
1.006609427920454936e+00 -7.888431490762904952e-01
1.021829866732014258e+00 -7.836380800008507785e-01
1.035154225112941306e+00 -7.746296416223323877e-01
1.047509031938167912e+00 -7.642516043753287969e-01
1.059863838763394295e+00 -7.538735671283255391e-01
1.072218645588620678e+00 -7.434955298813222813e-01
1.083276152666437175e+00 -7.342072243710920931e-01
1.083276152666437397e+00 -7.080874790447396760e-01
1.076052084592881375e+00 -7.141556963393036472e-01
1.064073893104952040e+00 -7.242173773761592104e-01
1.052095701617022705e+00 -7.342790584130148845e-01
1.040117510129093370e+00 -7.443407394498705587e-01
1.028139318641163591e+00 -7.544024204867264549e-01
1.015889546602729787e+00 -7.641014628837499156e-01
