# Cls = PFC
# Exp = DEMO2019
# Name = outerblanket
1.412000000000000000e+03 4.800000000000000000e+01
1.061131600000000041e+01 5.190791199999999606e+00
1.060025200000000112e+01 5.200000000000000178e+00
1.058555099999999882e+01 5.212718100000000021e+00
1.057082199999999972e+01 5.225404499999999786e+00
1.055606500000000025e+01 5.238059199999999471e+00
1.054128199999999893e+01 5.250682300000000247e+00
1.052647200000000005e+01 5.263273500000000382e+00
1.051163400000000081e+01 5.275832799999999878e+00
1.049676999999999971e+01 5.288360200000000511e+00
1.048187800000000003e+01 5.300855700000000503e+00
1.046695999999999849e+01 5.313319099999999295e+00
1.045201499999999939e+01 5.325750399999999551e+00
1.043704299999999918e+01 5.338149599999999495e+00
1.042204500000000067e+01 5.350516599999999734e+00
1.040702000000000105e+01 5.362851299999999988e+00
1.039196899999999957e+01 5.375153700000000256e+00
1.037689199999999978e+01 5.387423700000000260e+00
1.036178800000000066e+01 5.399661299999999997e+00
1.034665699999999866e+01 5.411866400000000077e+00
1.033150099999999938e+01 5.424038999999999611e+00
1.031631799999999899e+01 5.436178899999999814e+00
1.030111000000000132e+01 5.448286199999999191e+00
1.028587500000000077e+01 5.460360800000000125e+00
1.027061400000000013e+01 5.472402600000000561e+00
1.025532799999999867e+01 5.484411600000000497e+00
1.024001599999999890e+01 5.496387700000000542e+00
1.022467799999999905e+01 5.508330799999999527e+00
1.020931500000000014e+01 5.520241000000000398e+00
1.019392599999999938e+01 5.532118099999999927e+00
1.017851100000000031e+01 5.543962200000000173e+00
1.016307100000000041e+01 5.555773000000000295e+00
1.014760599999999968e+01 5.567550699999999964e+00
1.013211500000000065e+01 5.579295100000000396e+00
1.011659900000000079e+01 5.591006099999999535e+00
1.010105800000000009e+01 5.602683799999999437e+00
1.008549200000000035e+01 5.614328099999999822e+00
1.006990099999999977e+01 5.625938900000000409e+00
1.005428599999999939e+01 5.637516200000000310e+00
1.003864500000000071e+01 5.649059799999999854e+00
1.002297899999999942e+01 5.660569900000000487e+00
1.000728900000000010e+01 5.672046199999999594e+00
9.991574199999998740e+00 5.683488800000000118e+00
9.975834800000001223e+00 5.694897600000000004e+00
9.960070899999999838e+00 5.706272499999999859e+00
9.944282600000001082e+00 5.717613500000000570e+00
9.928469999999999018e+00 5.728920600000000363e+00
9.912633099999998976e+00 5.740193599999999563e+00
9.896772000000000347e+00 5.751432600000000228e+00
9.880886800000000747e+00 5.762637499999999413e+00
9.864977500000000177e+00 5.773808200000000390e+00
9.849044299999999197e+00 5.784944699999999607e+00
9.833087199999999584e+00 5.796046999999999727e+00
9.817106199999999561e+00 5.807114899999999302e+00
9.801101500000001465e+00 5.818148400000000109e+00
9.785073200000001137e+00 5.829147500000000370e+00
9.769021199999999183e+00 5.840112100000000694e+00
9.752945699999999718e+00 5.851042300000000473e+00
9.736846799999998581e+00 5.861937799999999754e+00
9.720724399999999932e+00 5.872798700000000593e+00
9.704578800000000172e+00 5.883625000000000327e+00
9.688409899999999908e+00 5.894416500000000170e+00
9.672217899999999702e+00 5.905173200000000122e+00
9.656002799999999553e+00 5.915895099999999296e+00
9.639764699999998854e+00 5.926582199999999467e+00
9.623503599999999381e+00 5.937234300000000076e+00
9.607219699999999918e+00 5.947851399999999344e+00
9.590913099999999858e+00 5.958433600000000219e+00
9.574583699999999808e+00 5.968980600000000081e+00
9.558231700000000330e+00 5.979492599999999491e+00
9.541857099999999647e+00 5.989969299999999386e+00
9.525459999999998928e+00 6.000410899999999437e+00
9.509040600000000509e+00 6.010817199999999971e+00
9.492598799999999670e+00 6.021188199999999213e+00
9.476134800000000524e+00 6.031523799999999547e+00
9.459648600000001295e+00 6.041823999999999195e+00
9.443140299999999598e+00 6.052088700000000543e+00
9.426610000000000156e+00 6.062318000000000318e+00
9.410057699999999414e+00 6.072511699999999735e+00
9.393483500000000319e+00 6.082669799999999682e+00
9.376887599999999878e+00 6.092792199999999880e+00
9.360269999999999868e+00 6.102878999999999721e+00
9.343630700000000289e+00 6.112930000000000419e+00
9.326969800000000532e+00 6.122945300000000479e+00
9.310287500000001160e+00 6.132924699999999341e+00
9.293583699999999226e+00 6.142868199999999668e+00
9.276858700000000013e+00 6.152775800000000572e+00
9.260112300000001184e+00 6.162647500000000278e+00
9.243344800000000916e+00 6.172483100000000000e+00
9.226556200000000985e+00 6.182282700000000020e+00
9.209746600000000782e+00 6.192046099999999775e+00
9.192915999999998533e+00 6.201773499999999828e+00
9.176064500000000734e+00 6.211464600000000225e+00
9.159192300000000841e+00 6.221119499999999469e+00
9.142299300000001239e+00 6.230738099999999946e+00
9.125385800000000103e+00 6.240320399999999879e+00
9.108451600000000425e+00 6.249866299999999875e+00
9.091496999999998607e+00 6.259375699999999654e+00
9.074521999999999977e+00 6.268848799999999777e+00
9.057526700000000375e+00 6.278285299999999403e+00
9.040511099999999800e+00 6.287685299999999700e+00
9.023475399999998814e+00 6.297048600000000107e+00
9.006419599999999193e+00 6.306375400000000297e+00
8.989343699999999160e+00 6.315665399999999430e+00
8.972248000000000445e+00 6.324918800000000729e+00
8.955132400000000104e+00 6.334135400000000082e+00
8.937996999999999304e+00 6.343315200000000154e+00
8.920842000000000382e+00 6.352458099999999774e+00
8.903667299999998619e+00 6.361564099999999833e+00
8.886473099999999903e+00 6.370633200000000329e+00
8.869259400000000682e+00 6.379665399999999487e+00
8.852026400000001516e+00 6.388660500000000297e+00
8.834774100000000630e+00 6.397618499999999209e+00
8.817502599999999191e+00 6.406539500000000054e+00
8.800211900000000753e+00 6.415423300000000495e+00
8.782902200000000548e+00 6.424270000000000813e+00
8.765573500000000351e+00 6.433079399999999559e+00
8.748226000000000724e+00 6.441851499999999398e+00
8.730859600000000498e+00 6.450586399999999720e+00
8.713474399999999065e+00 6.459283899999999967e+00
8.696070699999999931e+00 6.467944000000000138e+00
8.678648300000000759e+00 6.476566700000000232e+00
8.661207499999999726e+00 6.485152000000000250e+00
8.643748199999999215e+00 6.493699700000000519e+00
8.626270599999999789e+00 6.502209899999999543e+00
8.608774799999999061e+00 6.510682499999999706e+00
8.591260800000000586e+00 6.519117500000000121e+00
8.573728700000000202e+00 6.527514799999999617e+00
8.556178599999999079e+00 6.535874399999999973e+00
8.538610600000000161e+00 6.544196299999999411e+00
8.521024799999999289e+00 6.552480400000000316e+00
8.429948800000000020e+00 5.511477399999999527e+00
8.444244000000001193e+00 5.504213499999999648e+00
8.458523999999998821e+00 5.496919799999999690e+00
8.472788800000000009e+00 5.489596499999999324e+00
8.487038300000000035e+00 5.482243400000000655e+00
8.501272499999998900e+00 5.474860699999999802e+00
8.515491199999999594e+00 5.467448400000000319e+00
8.529694600000000904e+00 5.460006400000000149e+00
8.543882299999999930e+00 5.452535000000000132e+00
8.558054500000000786e+00 5.445033900000000315e+00
8.572210999999999359e+00 5.437503399999999765e+00
8.586351900000000370e+00 5.429943399999999976e+00
8.600476900000000313e+00 5.422354000000000340e+00
8.614586100000000357e+00 5.414735199999999971e+00
8.628679400000001110e+00 5.407087000000000643e+00
8.642756799999999018e+00 5.399409499999999973e+00
8.656818100000000626e+00 5.391702699999999737e+00
8.670863399999999999e+00 5.383966599999999936e+00
8.684892500000000126e+00 5.376201299999999961e+00
8.698905399999999233e+00 5.368406799999999812e+00
8.712902099999999095e+00 5.360583199999999771e+00
8.726882400000000928e+00 5.352730400000000444e+00
8.740846400000000571e+00 5.344848500000000335e+00
8.754793900000001017e+00 5.336937500000000334e+00
8.768724899999998712e+00 5.328997500000000720e+00
8.782639300000001370e+00 5.321028500000000605e+00
8.796537100000000109e+00 5.313030600000000270e+00
8.810418299999998482e+00 5.305003800000000602e+00
8.824282699999999480e+00 5.296948000000000434e+00
8.838130200000000158e+00 5.288863400000000325e+00
8.851960899999999910e+00 5.280750000000000277e+00
8.865774699999999342e+00 5.272607799999999401e+00
8.879571500000000839e+00 5.264436800000000360e+00
8.893351300000000847e+00 5.256237099999999884e+00
8.907113900000000584e+00 5.248008800000000029e+00
8.920859399999999440e+00 5.239751799999999626e+00
8.934587699999999799e+00 5.231466199999999844e+00
8.948298599999999325e+00 5.223151999999999795e+00
8.961992300000000355e+00 5.214809299999999759e+00
8.975668499999999383e+00 5.206438100000000624e+00
8.989327300000001131e+00 5.198038500000000006e+00
9.002968500000001484e+00 5.189610399999999402e+00
9.016592199999999835e+00 5.181153899999999979e+00
9.030198200000000952e+00 5.172669100000000242e+00
9.043786499999999506e+00 5.164156000000000191e+00
9.057357099999999051e+00 5.155614499999999545e+00
9.070909799999999024e+00 5.147044900000000034e+00
9.084444700000000594e+00 5.138447000000000209e+00
9.097961699999999041e+00 5.129820999999999742e+00
9.111460600000000909e+00 5.121166800000000130e+00
9.124941500000000261e+00 5.112484600000000157e+00
9.138404299999999481e+00 5.103774200000000150e+00
9.151848900000000953e+00 5.095035900000000062e+00
9.165275299999999348e+00 5.086269599999999613e+00
9.178683400000000603e+00 5.077475399999999972e+00
9.192073200000001165e+00 5.068653199999999970e+00
9.205444599999999866e+00 5.059803200000000167e+00
9.218797500000000866e+00 5.050925399999999676e+00
9.232131900000000613e+00 5.042019699999999993e+00
9.245447700000001490e+00 5.033086400000000182e+00
9.258744899999999944e+00 5.024125299999999683e+00
9.272023400000000137e+00 5.015136499999999664e+00
9.285283100000000900e+00 5.006120100000000406e+00
9.298524099999999848e+00 4.997076200000000412e+00
9.311746100000000581e+00 4.988004600000000011e+00
9.324949300000000108e+00 4.978905600000000042e+00
9.338133499999999643e+00 4.969779000000000835e+00
9.351298599999999794e+00 4.960625100000000565e+00
9.364444699999999955e+00 4.951443699999999559e+00
9.377571599999999563e+00 4.942234999999999268e+00
9.390679300000000396e+00 4.932998999999999690e+00
9.403767799999998900e+00 4.923735699999999937e+00
9.416836899999999844e+00 4.914445100000000011e+00
9.429886599999999675e+00 4.905127400000000470e+00
9.442916900000000169e+00 4.895782500000000148e+00
9.455927799999999550e+00 4.886410500000000212e+00
9.468919099999999034e+00 4.877011400000000663e+00
9.481890699999999228e+00 4.867585300000000004e+00
9.494842800000000693e+00 4.858132200000000012e+00
9.507775099999999924e+00 4.848652200000000079e+00
9.520687599999998696e+00 4.839145199999999925e+00
9.533580299999998786e+00 4.829611299999999829e+00
9.546453200000000194e+00 4.820050699999999466e+00
9.559306100000000583e+00 4.810463200000000050e+00
9.572138999999999953e+00 4.800849000000000366e+00
9.584951800000000688e+00 4.791208099999999526e+00
9.597744600000000403e+00 4.781540600000000474e+00
9.610517200000000315e+00 4.771846400000000266e+00
9.623269500000001031e+00 4.762125600000000070e+00
9.636001700000001335e+00 4.752378399999999559e+00
9.648713400000000107e+00 4.742604599999999948e+00
9.661404799999999682e+00 4.732804299999999742e+00
9.674075800000000669e+00 4.722977700000000389e+00
9.686726300000000123e+00 4.713124700000000722e+00
9.699356200000000428e+00 4.703245400000000132e+00
9.711965499999999807e+00 4.693339700000000114e+00
9.724554200000000037e+00 4.683407899999999735e+00
9.737122100000000557e+00 4.673449899999999602e+00
9.749669299999998984e+00 4.663465699999999714e+00
9.762195699999999476e+00 4.653455399999999464e+00
9.774701199999999091e+00 4.643418999999999741e+00
9.787185799999999603e+00 4.633356599999999936e+00
9.799649399999999844e+00 4.623268299999999442e+00
9.812091999999999814e+00 4.613154000000000643e+00
9.824513399999998953e+00 4.603013799999999378e+00
9.836913799999999597e+00 4.592847799999999481e+00
9.849292900000000017e+00 4.582655899999999782e+00
9.861650799999999606e+00 4.572438400000000236e+00
9.873987300000001355e+00 4.562195100000000281e+00
9.886302600000000496e+00 4.551926099999999309e+00
9.898596400000000628e+00 4.541631500000000266e+00
9.910868700000001752e+00 4.531311399999999878e+00
9.923119500000000315e+00 4.520965699999999643e+00
9.935348799999999869e+00 4.510594499999999840e+00
9.947556399999999854e+00 4.500197799999999582e+00
9.959742399999999662e+00 4.489775800000000316e+00
9.971906600000000509e+00 4.479328399999999988e+00
9.984049000000000618e+00 4.468855699999999764e+00
9.996169599999999988e+00 4.458357799999999926e+00
1.000826799999999928e+01 4.447834600000000194e+00
1.002034499999999895e+01 4.437286199999999958e+00
1.003239999999999910e+01 4.426712800000000669e+00
1.004443300000000150e+01 4.416114199999999990e+00
1.005644299999999980e+01 4.405490600000000256e+00
1.006843200000000138e+01 4.394841999999999693e+00
1.008039799999999886e+01 4.384168499999999469e+00
1.009234200000000037e+01 4.373470099999999583e+00
1.010426399999999880e+01 4.362746800000000036e+00
1.011616300000000024e+01 4.351998800000000500e+00
1.013034000000000034e+01 4.339124899999999840e+00
1.014447400000000066e+01 4.326204800000000184e+00
1.015856600000000043e+01 4.313238700000000314e+00
1.017261599999999966e+01 4.300226700000000513e+00
1.018662400000000012e+01 4.287168999999999563e+00
1.020058799999999977e+01 4.274065600000000131e+00
1.021451000000000064e+01 4.260916700000000112e+00
1.022838899999999995e+01 4.247722500000000068e+00
1.024222500000000124e+01 4.234482999999999997e+00
1.025601699999999994e+01 4.221198500000000742e+00
1.026976699999999987e+01 4.207869099999999918e+00
1.028347199999999972e+01 4.194494899999999582e+00
1.029713399999999979e+01 4.181076000000000015e+00
1.031075200000000081e+01 4.167612699999999393e+00
1.032432599999999923e+01 4.154104999999999492e+00
1.033785600000000038e+01 4.140553099999999986e+00
1.035134099999999968e+01 4.126957099999999379e+00
1.036478199999999994e+01 4.113317200000000007e+00
1.037817899999999938e+01 4.099633499999999486e+00
1.039153100000000052e+01 4.085906200000000155e+00
1.040483799999999981e+01 4.072135400000000516e+00
1.041810000000000080e+01 4.058321300000000242e+00
1.043131699999999995e+01 4.044463999999999615e+00
1.044448799999999977e+01 4.030563599999999802e+00
1.045761500000000055e+01 4.016620399999999869e+00
1.047069499999999920e+01 4.002634399999999815e+00
1.048372999999999955e+01 3.988605799999999757e+00
1.049671899999999880e+01 3.974534699999999976e+00
1.050966200000000050e+01 3.960421300000000144e+00
1.052255899999999933e+01 3.946265799999999935e+00
1.053541000000000061e+01 3.932068300000000072e+00
1.054821399999999976e+01 3.917829000000000228e+00
1.056097199999999958e+01 3.903547999999999796e+00
1.057368400000000008e+01 3.889225399999999944e+00
1.058634799999999920e+01 3.874861399999999900e+00
1.059896499999999975e+01 3.860456200000000226e+00
1.061153599999999919e+01 3.846009899999999870e+00
1.062405899999999903e+01 3.831522600000000001e+00
1.063653500000000030e+01 3.816994600000000126e+00
1.064896300000000018e+01 3.802426000000000084e+00
1.066134399999999971e+01 3.787816899999999709e+00
1.067367699999999964e+01 3.773167500000000008e+00
1.068596299999999921e+01 3.758477899999999927e+00
1.069819999999999993e+01 3.743748300000000029e+00
1.071038899999999927e+01 3.728978899999999985e+00
1.072253000000000078e+01 3.714169800000000077e+00
1.073462299999999914e+01 3.699321199999999976e+00
1.074666699999999864e+01 3.684433199999999964e+00
1.075866200000000106e+01 3.669505999999999712e+00
1.077060900000000032e+01 3.654539699999999947e+00
1.078250599999999970e+01 3.639534500000000339e+00
1.079435499999999948e+01 3.624490600000000118e+00
1.080615500000000040e+01 3.609408199999999844e+00
1.081790500000000144e+01 3.594287299999999963e+00
1.082960600000000007e+01 3.579128199999999982e+00
1.084125699999999881e+01 3.563930899999999902e+00
1.085285900000000048e+01 3.548695799999999956e+00
1.086441100000000048e+01 3.533422900000000144e+00
1.087591300000000061e+01 3.518112299999999859e+00
1.088736499999999907e+01 3.502764400000000222e+00
1.089876699999999943e+01 3.487379100000000065e+00
1.091011899999999990e+01 3.471956800000000065e+00
1.092141999999999946e+01 3.456497400000000386e+00
1.093267100000000092e+01 3.441001299999999929e+00
1.094387199999999893e+01 3.425468600000000308e+00
1.095502100000000034e+01 3.409899499999999861e+00
1.096612000000000009e+01 3.394293999999999922e+00
1.097716699999999967e+01 3.378652400000000000e+00
1.098816400000000115e+01 3.362974900000000211e+00
1.099910999999999994e+01 3.347261500000000112e+00
1.101000400000000035e+01 3.331512599999999935e+00
1.102084599999999881e+01 3.315728099999999845e+00
1.103163699999999992e+01 3.299908399999999631e+00
1.104237700000000011e+01 3.284053600000000017e+00
1.105306500000000014e+01 3.268163799999999952e+00
1.106370000000000076e+01 3.252239300000000277e+00
1.107428400000000046e+01 3.236280100000000104e+00
1.108481600000000000e+01 3.220286500000000274e+00
1.109529500000000013e+01 3.204258600000000179e+00
1.110572200000000009e+01 3.188196600000000380e+00
1.111609699999999989e+01 3.172100700000000106e+00
1.112641900000000028e+01 3.155971000000000082e+00
1.113668799999999948e+01 3.139807800000000260e+00
1.114690500000000029e+01 3.123611100000000196e+00
1.115706899999999990e+01 3.107381199999999843e+00
1.116717900000000085e+01 3.091118199999999927e+00
1.117723699999999987e+01 3.074822299999999675e+00
1.118724100000000021e+01 3.058493700000000093e+00
1.119719199999999937e+01 3.042132500000000128e+00
1.120709000000000088e+01 3.025738899999999898e+00
1.121693399999999841e+01 3.009313200000000244e+00
1.122672400000000081e+01 2.992855399999999833e+00
1.123646099999999848e+01 2.976365799999999950e+00
1.124614400000000103e+01 2.959844499999999989e+00
1.125577299999999958e+01 2.943291700000000066e+00
1.126534799999999947e+01 2.926707600000000298e+00
1.127486799999999967e+01 2.910092299999999632e+00
1.128433499999999867e+01 2.893446100000000243e+00
1.129374699999999976e+01 2.876768999999999910e+00
1.130310500000000040e+01 2.860061400000000198e+00
1.131240799999999957e+01 2.843323300000000220e+00
1.132165600000000083e+01 2.826554900000000092e+00
1.133084999999999987e+01 2.809756499999999768e+00
1.133998899999999921e+01 2.792928199999999972e+00
1.134907300000000063e+01 2.776070100000000096e+00
1.135810100000000133e+01 2.759182500000000093e+00
1.136707500000000159e+01 2.742265499999999800e+00
1.137599400000000038e+01 2.725319400000000059e+00
1.138485700000000023e+01 2.708344199999999979e+00
1.139366400000000112e+01 2.691340199999999960e+00
1.140241699999999980e+01 2.674307600000000118e+00
1.141111299999999851e+01 2.657246500000000289e+00
1.141975400000000107e+01 2.640157199999999982e+00
1.142833899999999936e+01 2.623039699999999641e+00
1.143686800000000048e+01 2.605894300000000108e+00
1.144534200000000013e+01 2.588721200000000167e+00
1.145375899999999980e+01 2.571520500000000098e+00
1.146212000000000053e+01 2.554292499999999855e+00
1.147042400000000129e+01 2.537037300000000162e+00
1.147867300000000057e+01 2.519755099999999803e+00
1.148686499999999988e+01 2.502445999999999948e+00
1.149499999999999922e+01 2.485110399999999942e+00
1.150307899999999961e+01 2.467748199999999947e+00
1.151110100000000003e+01 2.450359900000000035e+00
1.151906699999999972e+01 2.432945399999999925e+00
1.152697500000000019e+01 2.415505000000000013e+00
1.153482699999999994e+01 2.398039000000000254e+00
1.154262099999999869e+01 2.380547399999999758e+00
1.155035900000000026e+01 2.363030499999999812e+00
1.155803900000000084e+01 2.345488400000000251e+00
1.156566199999999967e+01 2.327921400000000141e+00
1.157322799999999852e+01 2.310329600000000205e+00
1.158073599999999992e+01 2.292713200000000118e+00
1.158818699999999957e+01 2.275072399999999995e+00
1.159558000000000000e+01 2.257407399999999953e+00
1.160291599999999868e+01 2.239718400000000109e+00
1.161019299999999888e+01 2.222005500000000300e+00
1.161741300000000088e+01 2.204268999999999590e+00
1.162457500000000010e+01 2.186509100000000316e+00
1.163167900000000010e+01 2.168725800000000259e+00
1.163872500000000088e+01 2.150919500000000095e+00
1.164571299999999887e+01 2.133090299999999662e+00
1.165264299999999942e+01 2.115238399999999963e+00
1.165951399999999971e+01 2.097363899999999948e+00
1.166632699999999900e+01 2.079467199999999849e+00
1.167308200000000085e+01 2.061548300000000111e+00
1.167977800000000066e+01 2.043607500000000243e+00
1.168641599999999947e+01 2.025644900000000082e+00
1.169299500000000158e+01 2.007660800000000023e+00
1.169951499999999989e+01 1.989655299999999905e+00
1.170597599999999971e+01 1.971628699999999901e+00
1.171237900000000032e+01 1.953581000000000012e+00
1.171872300000000067e+01 1.935512600000000027e+00
1.172500699999999973e+01 1.917423500000000169e+00
1.173123299999999958e+01 1.899314100000000005e+00
1.173739999999999917e+01 1.881184400000000201e+00
1.174350699999999925e+01 1.863034699999999821e+00
1.174955500000000086e+01 1.844865199999999872e+00
1.175554400000000044e+01 1.826676099999999803e+00
1.176147399999999976e+01 1.808467499999999895e+00
1.176734399999999958e+01 1.790239700000000100e+00
1.177315399999999990e+01 1.771992800000000035e+00
1.177890499999999996e+01 1.753727000000000036e+00
1.178459699999999977e+01 1.735442600000000057e+00
1.179022799999999904e+01 1.717139799999999994e+00
1.179579999999999984e+01 1.698818600000000067e+00
1.180131199999999936e+01 1.680479399999999846e+00
1.180676499999999862e+01 1.662122300000000052e+00
1.181215699999999913e+01 1.643747499999999917e+00
1.181748900000000013e+01 1.625355200000000000e+00
1.182276200000000088e+01 1.606945599999999974e+00
1.182797399999999932e+01 1.588518899999999956e+00
1.183312600000000003e+01 1.570075300000000063e+00
1.183821800000000124e+01 1.551614900000000130e+00
1.184324999999999939e+01 1.533138099999999948e+00
1.184822099999999878e+01 1.514645000000000019e+00
1.185313200000000045e+01 1.496135699999999957e+00
1.185798300000000083e+01 1.477610499999999938e+00
1.186277299999999890e+01 1.459069600000000078e+00
1.186750300000000102e+01 1.440513200000000049e+00
1.187217200000000084e+01 1.421941399999999911e+00
1.187678000000000011e+01 1.403354499999999838e+00
1.188132799999999989e+01 1.384752699999999948e+00
1.188581500000000091e+01 1.366136099999999853e+00
1.189024200000000064e+01 1.347505000000000175e+00
1.189460700000000060e+01 1.328859500000000082e+00
1.189891200000000104e+01 1.310199899999999973e+00
1.190315600000000096e+01 1.291526399999999963e+00
1.190733900000000034e+01 1.272839099999999890e+00
1.191146099999999919e+01 1.254138200000000092e+00
1.191552100000000003e+01 1.235424099999999914e+00
1.191952100000000137e+01 1.216696699999999964e+00
1.192345999999999862e+01 1.197956400000000032e+00
1.192733699999999963e+01 1.179203400000000013e+00
1.193115400000000115e+01 1.160437799999999964e+00
1.193490899999999932e+01 1.141659900000000061e+00
1.193860200000000127e+01 1.122869799999999918e+00
1.194223500000000016e+01 1.104067799999999933e+00
1.194580600000000103e+01 1.085253999999999941e+00
1.194931600000000138e+01 1.066428699999999896e+00
1.195276399999999839e+01 1.047592000000000079e+00
1.195615100000000020e+01 1.028744199999999998e+00
1.195947600000000044e+01 1.009885399999999933e+00
1.196274000000000015e+01 9.910158800000000712e-01
1.196594199999999830e+01 9.721358100000000446e-01
1.196908300000000125e+01 9.532453900000000813e-01
1.197216200000000086e+01 9.343448300000000151e-01
1.197517900000000068e+01 9.154343199999999126e-01
1.197813499999999998e+01 8.965140699999999407e-01
1.198102800000000023e+01 8.775842799999999944e-01
1.198385999999999996e+01 8.586451499999999681e-01
1.198663099999999915e+01 8.396968900000000291e-01
1.198933899999999930e+01 8.207396799999999715e-01
1.199198600000000070e+01 8.017737400000000125e-01
1.199456999999999951e+01 7.827992699999999360e-01
1.199709300000000134e+01 7.638164699999999696e-01
1.199955399999999983e+01 7.448255299999999579e-01
1.200195300000000032e+01 7.258266700000000071e-01
1.200429000000000102e+01 7.068200900000000120e-01
1.200656500000000015e+01 6.878059799999999280e-01
1.200877700000000026e+01 6.687845600000000834e-01
1.201092799999999983e+01 6.497560099999999395e-01
1.201301699999999961e+01 6.307205500000000464e-01
1.201504300000000036e+01 6.116783799999999660e-01
1.201700800000000058e+01 5.926296999999999260e-01
1.201890999999999998e+01 5.735747099999999321e-01
1.202074999999999960e+01 5.545136199999999294e-01
1.202252799999999944e+01 5.354466200000000953e-01
1.202424400000000126e+01 5.163739299999999810e-01
1.202589700000000050e+01 4.972957400000000416e-01
1.202748799999999996e+01 4.782122600000000001e-01
1.202901699999999963e+01 4.591236900000000287e-01
1.203048399999999951e+01 4.400302300000000222e-01
1.203188800000000036e+01 4.209320900000000365e-01
1.203322999999999965e+01 4.018294700000000219e-01
1.203451000000000093e+01 3.827225799999999789e-01
1.203572700000000140e+01 3.636116099999999740e-01
1.203688200000000030e+01 3.444967700000000077e-01
1.203797500000000120e+01 3.253782600000000302e-01
1.203900499999999951e+01 3.062563000000000368e-01
1.203997299999999981e+01 2.871310700000000438e-01
1.204087900000000033e+01 2.680027799999999960e-01
1.204172200000000004e+01 2.488716499999999998e-01
1.204250299999999996e+01 2.297378600000000159e-01
1.204322099999999907e+01 2.106016300000000119e-01
1.204387700000000017e+01 1.914631599999999934e-01
1.204446999999999868e+01 1.723226500000000216e-01
1.204500100000000096e+01 1.531803099999999862e-01
1.204546899999999887e+01 1.340363400000000038e-01
1.204587599999999981e+01 1.148909399999999970e-01
1.204621899999999890e+01 9.574431800000000881e-02
1.204649999999999999e+01 7.659667800000000137e-02
1.204671899999999951e+01 5.744822099999999376e-02
1.204687500000000000e+01 3.829915400000000192e-02
1.204696899999999893e+01 1.914967899999999931e-02
1.204700000000000060e+01 -9.094947000000000544e-16
1.204698699999999967e+01 -1.074531999999999918e-02
1.204694699999999941e+01 -2.149057600000000082e-02
1.204688099999999906e+01 -3.223570200000000496e-02
1.204678900000000041e+01 -4.298063400000000367e-02
1.204667000000000066e+01 -5.372530699999999992e-02
1.204652499999999904e+01 -6.446965600000000018e-02
1.204635399999999912e+01 -7.521361699999999650e-02
1.204615600000000164e+01 -8.595712500000000922e-02
1.204593200000000053e+01 -9.670011500000000315e-02
1.204568100000000008e+01 -1.074425199999999997e-01
1.204540500000000058e+01 -1.181842800000000027e-01
1.204510100000000072e+01 -1.289253300000000046e-01
1.204477200000000003e+01 -1.396656000000000009e-01
1.204441600000000001e+01 -1.504050300000000229e-01
1.204403299999999888e+01 -1.611435600000000190e-01
1.204362500000000047e+01 -1.718811100000000036e-01
1.204319000000000095e+01 -1.826176300000000030e-01
1.204272799999999854e+01 -1.933530499999999985e-01
1.204224100000000064e+01 -2.040872999999999993e-01
1.204172600000000060e+01 -2.148203300000000038e-01
1.204118599999999972e+01 -2.255520599999999987e-01
1.204061900000000129e+01 -2.362824300000000155e-01
1.204002599999999923e+01 -2.470113800000000026e-01
1.203940699999999886e+01 -2.577388399999999691e-01
1.203876100000000093e+01 -2.684647399999999795e-01
1.203808899999999937e+01 -2.791890300000000047e-01
1.203739099999999951e+01 -2.899116399999999705e-01
1.203666599999999853e+01 -3.006324999999999692e-01
1.203591500000000103e+01 -3.113515499999999769e-01
1.203513800000000167e+01 -3.220687300000000253e-01
1.203433400000000120e+01 -3.327839599999999898e-01
1.203350400000000064e+01 -3.434972000000000025e-01
1.203264800000000001e+01 -3.542083599999999999e-01
1.203176500000000004e+01 -3.649173799999999579e-01
1.203085599999999999e+01 -3.756242100000000139e-01
1.202992099999999986e+01 -3.863287799999999828e-01
1.202895999999999965e+01 -3.970310200000000123e-01
1.202797200000000011e+01 -4.077308699999999675e-01
1.202695900000000151e+01 -4.184282599999999963e-01
1.202591900000000003e+01 -4.291231300000000193e-01
1.202485200000000098e+01 -4.398154200000000125e-01
1.202375999999999934e+01 -4.505050499999999625e-01
1.202264100000000013e+01 -4.611919800000000014e-01
1.202149599999999907e+01 -4.718761200000000100e-01
1.202032400000000045e+01 -4.825574199999999592e-01
1.201912700000000100e+01 -4.932358199999999915e-01
1.201790300000000045e+01 -5.039112399999999825e-01
1.201665299999999981e+01 -5.145836299999999586e-01
1.201537700000000086e+01 -5.252529200000000120e-01
1.201407500000000006e+01 -5.359190400000000132e-01
1.201274699999999918e+01 -5.465819400000000439e-01
1.201139199999999896e+01 -5.572415400000000352e-01
1.201001100000000044e+01 -5.678977899999999579e-01
1.200860400000000006e+01 -5.785506200000000154e-01
1.200717099999999959e+01 -5.891999600000000781e-01
1.200571199999999905e+01 -5.998457499999999554e-01
1.200422700000000020e+01 -6.104879300000000120e-01
1.200271500000000024e+01 -6.211264300000000071e-01
1.200117799999999946e+01 -6.317611900000000835e-01
1.199961399999999934e+01 -6.423921400000000004e-01
1.199802500000000016e+01 -6.530192200000000113e-01
1.199640899999999988e+01 -6.636423700000000370e-01
1.199476699999999951e+01 -6.742615299999999978e-01
1.199309900000000084e+01 -6.848766200000000470e-01
1.199140500000000031e+01 -6.954875799999999941e-01
1.198968499999999970e+01 -7.060943600000000320e-01
1.198793900000000079e+01 -7.166968799999999806e-01
1.198616700000000002e+01 -7.272950799999999827e-01
1.198436900000000094e+01 -7.378889100000000090e-01
1.198254500000000000e+01 -7.484782800000000513e-01
1.198069499999999898e+01 -7.590631499999999088e-01
1.197881899999999966e+01 -7.696434500000000067e-01
1.197691700000000026e+01 -7.802191099999999935e-01
1.197498899999999900e+01 -7.907900700000000116e-01
1.197303499999999943e+01 -8.013562699999999817e-01
1.197105499999999978e+01 -8.119176399999999960e-01
1.196904999999999930e+01 -8.224741199999999752e-01
1.196701799999999949e+01 -8.330256399999999006e-01
1.196496099999999885e+01 -8.435721499999999651e-01
1.196287700000000065e+01 -8.541135699999999886e-01
1.196076799999999984e+01 -8.646498500000000531e-01
1.195863299999999896e+01 -8.751809200000000288e-01
1.195647199999999977e+01 -8.857067200000000584e-01
1.195428500000000049e+01 -8.962271800000000121e-01
1.195207300000000039e+01 -9.067422499999999719e-01
1.194983400000000096e+01 -9.172518499999999797e-01
1.194756999999999891e+01 -9.277559300000000064e-01
1.194528000000000034e+01 -9.382544200000000334e-01
1.194296399999999991e+01 -9.487472500000000419e-01
1.194062300000000043e+01 -9.592343700000000029e-01
1.193825599999999909e+01 -9.697157200000000588e-01
1.193586299999999945e+01 -9.801912200000000297e-01
1.193344399999999972e+01 -9.906608099999999473e-01
1.193099999999999916e+01 -1.001124400000000136e+00
1.192853000000000030e+01 -1.011581999999999981e+00
1.192603399999999958e+01 -1.022033500000000039e+00
1.192351300000000158e+01 -1.032478900000000088e+00
1.192096599999999995e+01 -1.042917999999999790e+00
1.191839400000000104e+01 -1.053350899999999868e+00
1.191579600000000028e+01 -1.063777399999999984e+00
1.191317200000000120e+01 -1.074197499999999916e+00
1.191052299999999953e+01 -1.084611100000000050e+00
1.190784799999999954e+01 -1.095018199999999942e+00
1.190514700000000126e+01 -1.105418699999999976e+00
1.190242199999999961e+01 -1.115812500000000096e+00
1.189967000000000041e+01 -1.126199599999999856e+00
1.189689300000000038e+01 -1.136579899999999865e+00
1.189409099999999953e+01 -1.146953400000000123e+00
1.189126300000000036e+01 -1.157319999999999904e+00
1.188841000000000037e+01 -1.167679600000000040e+00
1.188553100000000029e+01 -1.178032099999999804e+00
1.188262700000000116e+01 -1.188377599999999923e+00
1.187969800000000120e+01 -1.198715899999999834e+00
1.187674300000000116e+01 -1.209046999999999983e+00
1.187376300000000029e+01 -1.219370799999999866e+00
1.187075800000000037e+01 -1.229687300000000150e+00
1.186772700000000036e+01 -1.239996300000000051e+00
1.186467099999999952e+01 -1.250297900000000073e+00
1.186158999999999963e+01 -1.260592000000000157e+00
1.185848299999999966e+01 -1.270878399999999964e+00
1.185535100000000064e+01 -1.281157199999999996e+00
1.185219399999999901e+01 -1.291428299999999973e+00
1.184901200000000010e+01 -1.301691600000000060e+00
1.184580399999999933e+01 -1.311947100000000033e+00
1.184257200000000054e+01 -1.322194599999999998e+00
1.183931399999999989e+01 -1.332434200000000013e+00
1.183603100000000019e+01 -1.342665800000000020e+00
1.183272299999999966e+01 -1.352889299999999961e+00
1.182939000000000007e+01 -1.363104600000000000e+00
1.182603199999999966e+01 -1.373311799999999971e+00
1.182264900000000019e+01 -1.383510600000000146e+00
1.181924099999999989e+01 -1.393701099999999915e+00
1.181580800000000053e+01 -1.403883199999999887e+00
1.181235000000000035e+01 -1.414056900000000061e+00
1.180886699999999934e+01 -1.424221999999999877e+00
1.180535900000000105e+01 -1.434378600000000059e+00
1.180182599999999837e+01 -1.444526500000000047e+00
1.179826800000000020e+01 -1.454665700000000061e+00
1.179468499999999942e+01 -1.464796200000000104e+00
1.179107699999999959e+01 -1.474917799999999835e+00
1.178744499999999995e+01 -1.485030599999999978e+00
1.178378800000000126e+01 -1.495134399999999975e+00
1.178010599999999997e+01 -1.505229200000000045e+00
1.177639899999999962e+01 -1.515314900000000131e+00
1.177266799999999947e+01 -1.525391500000000011e+00
1.176891099999999923e+01 -1.535458900000000071e+00
1.176512999999999920e+01 -1.545517100000000088e+00
1.176132500000000114e+01 -1.555566000000000004e+00
1.175749500000000047e+01 -1.565605399999999925e+00
1.175363999999999898e+01 -1.575635500000000189e+00
1.174976000000000020e+01 -1.585656100000000013e+00
1.174585599999999985e+01 -1.595667099999999783e+00
1.174192700000000045e+01 -1.605668499999999943e+00
1.173797399999999946e+01 -1.615660199999999991e+00
1.173399699999999868e+01 -1.625642199999999926e+00
1.172999400000000136e+01 -1.635614399999999913e+00
1.172596799999999995e+01 -1.645576700000000114e+00
1.172191699999999948e+01 -1.655529099999999865e+00
1.171784099999999995e+01 -1.665471600000000052e+00
1.171374100000000062e+01 -1.675403999999999893e+00
1.170961699999999972e+01 -1.685326399999999891e+00
1.170546899999999901e+01 -1.695238599999999929e+00
1.170129600000000103e+01 -1.705140499999999948e+00
1.169709899999999969e+01 -1.715032200000000007e+00
1.169287700000000108e+01 -1.724913600000000047e+00
1.168863099999999910e+01 -1.734784600000000010e+00
1.168436100000000089e+01 -1.744645100000000060e+00
1.168006699999999931e+01 -1.754495100000000196e+00
1.167574899999999971e+01 -1.764334599999999975e+00
1.167140699999999853e+01 -1.774163399999999946e+00
1.166704000000000008e+01 -1.783981500000000109e+00
1.166264999999999930e+01 -1.793788900000000019e+00
1.165823500000000124e+01 -1.803585499999999842e+00
1.165379599999999982e+01 -1.813371199999999961e+00
1.164933400000000141e+01 -1.823145999999999933e+00
1.164484700000000039e+01 -1.832909799999999922e+00
1.164033599999999957e+01 -1.842662600000000150e+00
1.163580199999999998e+01 -1.852404200000000056e+00
1.163124299999999955e+01 -1.862134700000000143e+00
1.162666100000000036e+01 -1.871854000000000129e+00
1.162205499999999958e+01 -1.881562100000000015e+00
1.161742499999999900e+01 -1.891258700000000070e+00
1.161277100000000040e+01 -1.900943999999999967e+00
1.160809399999999947e+01 -1.910617899999999869e+00
1.160339300000000051e+01 -1.920280199999999882e+00
1.159866799999999998e+01 -1.929931000000000063e+00
1.159391899999999964e+01 -1.939570099999999853e+00
1.158914700000000053e+01 -1.949197499999999916e+00
1.158435099999999984e+01 -1.958813300000000091e+00
1.157953199999999860e+01 -1.968417200000000200e+00
1.157468900000000112e+01 -1.978009200000000023e+00
1.156982200000000027e+01 -1.987589400000000062e+00
1.156493200000000066e+01 -1.997157499999999919e+00
1.156001900000000049e+01 -2.006713700000000156e+00
1.155508200000000052e+01 -2.016257700000000153e+00
1.155012099999999897e+01 -2.025789599999999968e+00
1.154513800000000145e+01 -2.035309299999999766e+00
1.154012999999999955e+01 -2.044816700000000154e+00
1.153509999999999991e+01 -2.054311799999999799e+00
1.153004600000000046e+01 -2.063794600000000035e+00
1.152496899999999869e+01 -2.073264900000000299e+00
1.151986899999999991e+01 -2.082722699999999705e+00
1.151474599999999882e+01 -2.092168000000000028e+00
1.150959899999999969e+01 -2.101600700000000099e+00
1.150443000000000104e+01 -2.111020700000000083e+00
1.149923699999999904e+01 -2.120427999999999980e+00
1.149402100000000004e+01 -2.129822500000000396e+00
1.148878199999999872e+01 -2.139204200000000000e+00
1.148352000000000039e+01 -2.148572999999999844e+00
1.147823499999999974e+01 -2.157928899999999928e+00
1.147292799999999957e+01 -2.167271699999999690e+00
1.146759699999999960e+01 -2.176601500000000300e+00
1.146224300000000085e+01 -2.185918200000000144e+00
1.145686700000000080e+01 -2.195221799999999668e+00
1.145146700000000095e+01 -2.204512100000000085e+00
1.144604499999999980e+01 -2.213789100000000065e+00
1.144060100000000091e+01 -2.223052800000000051e+00
1.143513300000000044e+01 -2.232303100000000207e+00
1.142964300000000044e+01 -2.241539900000000252e+00
1.142412999999999990e+01 -2.250763300000000022e+00
1.141859399999999880e+01 -2.259973100000000290e+00
1.141303599999999996e+01 -2.269169199999999886e+00
1.140745599999999982e+01 -2.278351699999999980e+00
1.140185200000000165e+01 -2.287520500000000290e+00
1.139622700000000144e+01 -2.296675499999999648e+00
1.139057899999999890e+01 -2.305816699999999830e+00
1.138490799999999936e+01 -2.314944000000000113e+00
1.137921500000000030e+01 -2.324057299999999771e+00
1.137349999999999994e+01 -2.333156599999999692e+00
1.136776200000000081e+01 -2.342241899999999877e+00
1.136200300000000141e+01 -2.351313100000000045e+00
1.135621999999999865e+01 -2.360370099999999915e+00
1.135041599999999917e+01 -2.369412899999999933e+00
1.134459000000000017e+01 -2.378441400000000261e+00
1.133874100000000062e+01 -2.387455599999999567e+00
1.133287000000000155e+01 -2.396455399999999791e+00
1.132697700000000118e+01 -2.405440700000000209e+00
1.132106300000000054e+01 -2.414411599999999769e+00
1.131512599999999935e+01 -2.423367900000000130e+00
1.130916699999999864e+01 -2.432309699999999797e+00
1.130318600000000018e+01 -2.441236700000000148e+00
1.129718399999999967e+01 -2.450149099999999969e+00
1.129115900000000039e+01 -2.459046700000000030e+00
1.128511299999999906e+01 -2.467929500000000331e+00
1.127904499999999999e+01 -2.476797499999999985e+00
1.127295499999999961e+01 -2.485650500000000207e+00
1.126684300000000150e+01 -2.494488500000000109e+00
1.126070999999999955e+01 -2.503311599999999970e+00
1.125455499999999986e+01 -2.512119499999999839e+00
1.124837900000000168e+01 -2.520912299999999995e+00
1.124218100000000042e+01 -2.529689899999999714e+00
1.123596099999999964e+01 -2.538452299999999884e+00
1.122971999999999859e+01 -2.547199399999999780e+00
1.122345800000000082e+01 -2.555931099999999567e+00
1.121717400000000175e+01 -2.564647499999999969e+00
1.121086799999999961e+01 -2.573348399999999980e+00
8.503297500000000397e+00 -6.299999999999999822e+00
9.312314500000001161e+00 -6.887785299999999111e+00
1.210623299999999958e+01 -2.804494999999999738e+00
1.211283099999999990e+01 -2.794829099999999844e+00
1.211940899999999921e+01 -2.785148799999999980e+00
1.212596600000000002e+01 -2.775454400000000099e+00
1.213250099999999954e+01 -2.765745899999999757e+00
1.213901599999999981e+01 -2.756023299999999843e+00
1.214550999999999981e+01 -2.746286599999999911e+00
1.215198200000000028e+01 -2.736536000000000080e+00
1.215843399999999974e+01 -2.726771299999999787e+00
1.216486399999999968e+01 -2.716992799999999875e+00
1.217127399999999859e+01 -2.707200400000000062e+00
1.217766199999999976e+01 -2.697394200000000186e+00
1.218402900000000066e+01 -2.687574199999999802e+00
1.219037499999999952e+01 -2.677740500000000079e+00
1.219669900000000062e+01 -2.667893099999999684e+00
1.220300300000000071e+01 -2.658032099999999787e+00
1.220928499999999950e+01 -2.648157499999999942e+00
1.221554500000000054e+01 -2.638269300000000150e+00
1.222178399999999954e+01 -2.628367699999999640e+00
1.222800200000000004e+01 -2.618452599999999908e+00
1.223419900000000027e+01 -2.608524099999999901e+00
1.224037399999999920e+01 -2.598582199999999620e+00
1.224652700000000038e+01 -2.588626999999999789e+00
1.225265899999999952e+01 -2.578658600000000245e+00
1.225877000000000017e+01 -2.568676899999999819e+00
1.226485800000000026e+01 -2.558682099999999959e+00
1.227092599999999933e+01 -2.548674199999999779e+00
1.227697099999999963e+01 -2.538653099999999885e+00
1.228299500000000144e+01 -2.528619099999999786e+00
1.228899799999999942e+01 -2.518572000000000255e+00
1.229497799999999863e+01 -2.508512000000000075e+00
1.230093699999999934e+01 -2.498439100000000135e+00
1.230687400000000054e+01 -2.488353399999999827e+00
1.231278900000000043e+01 -2.478254900000000038e+00
1.231868300000000005e+01 -2.468143599999999882e+00
1.232455500000000015e+01 -2.458019600000000082e+00
1.233040399999999970e+01 -2.447883000000000031e+00
1.233623200000000075e+01 -2.437733800000000173e+00
1.234203800000000051e+01 -2.427572000000000063e+00
1.234782200000000074e+01 -2.417397599999999702e+00
1.235358400000000145e+01 -2.407210899999999931e+00
1.235932400000000086e+01 -2.397011700000000189e+00
1.236504199999999898e+01 -2.386800099999999869e+00
1.237073799999999935e+01 -2.376576200000000139e+00
1.237641200000000019e+01 -2.366340000000000110e+00
1.238206300000000049e+01 -2.356091600000000064e+00
1.238769299999999873e+01 -2.345831000000000000e+00
1.239329999999999998e+01 -2.335558300000000198e+00
1.239888499999999993e+01 -2.325273499999999771e+00
1.240444800000000036e+01 -2.314976700000000331e+00
1.240998899999999949e+01 -2.304667900000000103e+00
1.241550699999999985e+01 -2.294347099999999973e+00
1.242100300000000068e+01 -2.284014400000000222e+00
1.242647700000000022e+01 -2.273669899999999799e+00
1.243192799999999920e+01 -2.263313600000000037e+00
1.243735700000000044e+01 -2.252945599999999882e+00
1.244276399999999860e+01 -2.242565799999999943e+00
1.244814799999999977e+01 -2.232174399999999892e+00
1.245350999999999964e+01 -2.221771400000000174e+00
1.245884900000000073e+01 -2.211356900000000181e+00
1.246416599999999875e+01 -2.200930800000000076e+00
1.246945999999999977e+01 -2.190493299999999977e+00
1.247473199999999949e+01 -2.180044400000000326e+00
1.247998100000000044e+01 -2.169584100000000237e+00
1.248520800000000008e+01 -2.159112499999999990e+00
1.249041200000000096e+01 -2.148629600000000028e+00
1.249559300000000128e+01 -2.138135600000000025e+00
1.250075200000000031e+01 -2.127630299999999863e+00
1.250588700000000131e+01 -2.117113999999999940e+00
1.251100100000000026e+01 -2.106586599999999976e+00
1.251609100000000119e+01 -2.096048099999999970e+00
1.252115899999999904e+01 -2.085498700000000039e+00
1.252620299999999887e+01 -2.074938400000000183e+00
1.253122500000000095e+01 -2.064367199999999958e+00
1.253622499999999995e+01 -2.053785199999999644e+00
1.254120099999999915e+01 -2.043192399999999687e+00
1.254615399999999958e+01 -2.032588899999999921e+00
1.255108499999999871e+01 -2.021974699999999903e+00
1.255599300000000085e+01 -2.011349899999999913e+00
1.256087699999999963e+01 -2.000714600000000232e+00
1.256573899999999888e+01 -1.990068700000000135e+00
1.257057799999999936e+01 -1.979412299999999902e+00
1.257539300000000004e+01 -1.968745500000000037e+00
1.258018599999999942e+01 -1.958068299999999873e+00
1.258495500000000078e+01 -1.947380900000000192e+00
1.258970199999999906e+01 -1.936683099999999991e+00
1.259442499999999932e+01 -1.925975100000000051e+00
1.259912500000000080e+01 -1.915256900000000151e+00
1.260380199999999995e+01 -1.904528600000000127e+00
1.260845600000000033e+01 -1.893790299999999815e+00
1.261308700000000016e+01 -1.883041900000000046e+00
1.261769400000000019e+01 -1.872283499999999989e+00
1.262227900000000069e+01 -1.861515200000000148e+00
1.262683999999999962e+01 -1.850737100000000135e+00
1.263137700000000052e+01 -1.839949100000000115e+00
1.263589099999999910e+01 -1.829151299999999924e+00
1.264038299999999992e+01 -1.818343800000000066e+00
1.264484999999999992e+01 -1.807526699999999931e+00
1.264929399999999937e+01 -1.796699900000000127e+00
1.265371500000000005e+01 -1.785863599999999884e+00
1.265811300000000017e+01 -1.775017700000000032e+00
1.266248699999999872e+01 -1.764162299999999961e+00
1.266683800000000026e+01 -1.753297600000000012e+00
1.267116500000000023e+01 -1.742423399999999845e+00
1.267546800000000040e+01 -1.731539999999999857e+00
1.267974800000000002e+01 -1.720647299999999991e+00
1.268400499999999909e+01 -1.709745300000000023e+00
1.268823800000000013e+01 -1.698834200000000072e+00
1.269244800000000062e+01 -1.687913999999999914e+00
1.269663300000000028e+01 -1.676984699999999995e+00
1.270079600000000042e+01 -1.666046399999999927e+00
1.270493399999999973e+01 -1.655099200000000215e+00
1.270904900000000026e+01 -1.644143000000000132e+00
1.271314100000000025e+01 -1.633178000000000019e+00
1.271720800000000118e+01 -1.622204099999999816e+00
1.272125199999999978e+01 -1.611221500000000084e+00
1.272527200000000036e+01 -1.600230199999999936e+00
1.272926900000000039e+01 -1.589230200000000037e+00
1.273324200000000062e+01 -1.578221700000000061e+00
1.273719100000000104e+01 -1.567204500000000111e+00
1.274111599999999989e+01 -1.556178900000000143e+00
1.274501700000000071e+01 -1.545144800000000096e+00
1.274889399999999995e+01 -1.534102400000000088e+00
1.275274800000000042e+01 -1.523051600000000061e+00
1.275657799999999931e+01 -1.511992400000000014e+00
1.276038400000000017e+01 -1.500925099999999901e+00
1.276416599999999946e+01 -1.489849500000000049e+00
1.276792400000000072e+01 -1.478765799999999908e+00
1.277165799999999862e+01 -1.467673999999999923e+00
1.277536800000000028e+01 -1.456574199999999930e+00
1.277905400000000036e+01 -1.445466399999999929e+00
1.278271600000000063e+01 -1.434350699999999978e+00
1.278635399999999933e+01 -1.423227000000000020e+00
1.278996800000000000e+01 -1.412095600000000006e+00
1.279355800000000087e+01 -1.400956400000000102e+00
1.279712400000000017e+01 -1.389809400000000084e+00
1.280066599999999966e+01 -1.378654800000000069e+00
1.280418399999999934e+01 -1.367492500000000000e+00
1.280767799999999923e+01 -1.356322699999999992e+00
1.281114700000000006e+01 -1.345145299999999988e+00
1.281459300000000034e+01 -1.333960499999999882e+00
1.281801399999999980e+01 -1.322768299999999897e+00
1.282141099999999945e+01 -1.311568700000000032e+00
1.282478399999999930e+01 -1.300361799999999901e+00
1.282813200000000009e+01 -1.289147700000000007e+00
1.283145700000000033e+01 -1.277926300000000071e+00
1.283475699999999975e+01 -1.266697799999999985e+00
1.283803299999999936e+01 -1.255462199999999973e+00
1.284128499999999917e+01 -1.244219500000000034e+00
1.284451199999999993e+01 -1.232969900000000063e+00
1.284771500000000088e+01 -1.221713299999999780e+00
1.285089400000000026e+01 -1.210449800000000131e+00
1.285404900000000161e+01 -1.199179400000000006e+00
1.285717900000000036e+01 -1.187902299999999967e+00
1.286028400000000005e+01 -1.176618500000000012e+00
1.286336599999999919e+01 -1.165327900000000083e+00
1.286642300000000105e+01 -1.154030799999999912e+00
1.286945500000000031e+01 -1.142727100000000107e+00
1.287246400000000079e+01 -1.131416800000000000e+00
1.287544699999999942e+01 -1.120100100000000154e+00
1.287840699999999927e+01 -1.108776900000000065e+00
1.288134100000000082e+01 -1.097447400000000073e+00
1.288425200000000004e+01 -1.086111599999999955e+00
1.288713800000000020e+01 -1.074769500000000155e+00
1.288999899999999954e+01 -1.063421299999999903e+00
1.289283599999999907e+01 -1.052066799999999969e+00
1.289564799999999956e+01 -1.040706300000000084e+00
1.289843600000000023e+01 -1.029339699999999969e+00
1.290119900000000008e+01 -1.017967099999999903e+00
1.290393800000000013e+01 -1.006588599999999945e+00
1.290665199999999935e+01 -9.952042400000000733e-01
1.290934200000000054e+01 -9.838139999999999663e-01
1.291200599999999987e+01 -9.724179900000000654e-01
1.291464700000000043e+01 -9.610162400000000771e-01
1.291726200000000091e+01 -9.496088200000000201e-01
1.291985299999999981e+01 -9.381957800000000347e-01
1.292242000000000068e+01 -9.267771699999999280e-01
1.292496199999999895e+01 -9.153530500000000014e-01
1.292747899999999994e+01 -9.039234600000000119e-01
1.292997100000000010e+01 -8.924884699999999782e-01
1.293243900000000046e+01 -8.810481199999999902e-01
1.293488099999999896e+01 -8.696024599999999660e-01
1.293729999999999869e+01 -8.581515600000000354e-01
1.293969300000000011e+01 -8.466954700000000056e-01
1.294206199999999995e+01 -8.352342300000000774e-01
1.294440600000000074e+01 -8.237679000000001084e-01
1.294672500000000070e+01 -8.122965400000000669e-01
1.294902000000000086e+01 -8.008201900000000428e-01
1.295128900000000094e+01 -7.893389200000000550e-01
1.295353399999999944e+01 -7.778527800000000214e-01
1.295575400000000066e+01 -7.663618100000000322e-01
1.295794900000000105e+01 -7.548660700000000556e-01
1.296012000000000164e+01 -7.433656299999999995e-01
1.296226499999999859e+01 -7.318605199999999034e-01
1.296438600000000108e+01 -7.203508000000000688e-01
1.296648199999999918e+01 -7.088365399999999594e-01
1.296855300000000000e+01 -6.973177699999999479e-01
1.297059899999999999e+01 -6.857945600000000530e-01
1.297262000000000093e+01 -6.742669600000000818e-01
1.297461599999999926e+01 -6.627350199999999525e-01
1.297658799999999957e+01 -6.511987900000000273e-01
1.297853399999999979e+01 -6.396583299999999417e-01
1.298045600000000022e+01 -6.281136999999999970e-01
1.298235200000000056e+01 -6.165649500000000005e-01
1.298422399999999932e+01 -6.050121299999999813e-01
1.298607099999999903e+01 -5.934552899999999687e-01
1.298789299999999969e+01 -5.818944900000000420e-01
1.298968900000000026e+01 -5.703297800000000084e-01
1.299146099999999926e+01 -5.587612199999999474e-01
1.299320800000000098e+01 -5.471888699999999384e-01
1.299493000000000009e+01 -5.356127600000000211e-01
1.299662700000000015e+01 -5.240329699999999313e-01
1.299829900000000116e+01 -5.124495399999999812e-01
1.299994500000000031e+01 -5.008625199999999777e-01
1.300156699999999965e+01 -4.892719799999999952e-01
1.300316399999999994e+01 -4.776779599999999570e-01
1.300473600000000118e+01 -4.660805199999999981e-01
1.300628199999999879e+01 -4.544797100000000367e-01
1.300780400000000014e+01 -4.428755899999999857e-01
1.300930099999999889e+01 -4.312682099999999852e-01
1.301077200000000111e+01 -4.196576200000000090e-01
1.301221800000000073e+01 -4.080438899999999647e-01
1.301363999999999876e+01 -3.964270599999999978e-01
1.301503600000000027e+01 -3.848071800000000264e-01
1.301640699999999917e+01 -3.731843200000000138e-01
1.301775300000000080e+01 -3.615585300000000446e-01
1.301907399999999981e+01 -3.499298499999999867e-01
1.302037000000000155e+01 -3.382983500000000254e-01
1.302164099999999891e+01 -3.266640800000000233e-01
1.302288599999999974e+01 -3.150271000000000043e-01
1.302410700000000077e+01 -3.033874500000000030e-01
1.302530199999999994e+01 -2.917451899999999876e-01
1.302647200000000005e+01 -2.801003699999999874e-01
1.302761699999999934e+01 -2.684530600000000211e-01
1.302873699999999957e+01 -2.568032999999999566e-01
1.302983200000000075e+01 -2.451511500000000121e-01
1.303090100000000007e+01 -2.334966699999999895e-01
1.303194500000000033e+01 -2.218399000000000065e-01
1.303296500000000080e+01 -2.101809000000000038e-01
1.303395900000000118e+01 -1.985197300000000054e-01
1.303492699999999971e+01 -1.868564399999999848e-01
1.303587099999999843e+01 -1.751910899999999938e-01
1.303678900000000063e+01 -1.635237300000000060e-01
1.303768300000000124e+01 -1.518544000000000005e-01
1.303855100000000000e+01 -1.401831799999999906e-01
1.303939399999999971e+01 -1.285101100000000107e-01
1.304021099999999933e+01 -1.168352500000000016e-01
1.304100400000000093e+01 -1.051586499999999924e-01
1.304177100000000067e+01 -9.348036399999999635e-02
1.304251300000000136e+01 -8.180044999999999678e-02
1.304322900000000018e+01 -7.011896000000000795e-02
1.304392100000000099e+01 -5.843595000000000039e-02
1.304458699999999993e+01 -4.675147500000000067e-02
1.304522799999999982e+01 -3.506558700000000223e-02
1.304584399999999889e+01 -2.337834199999999987e-02
1.304643499999999889e+01 -1.168979499999999935e-02
1.304700000000000060e+01 -3.624336400000000026e-13
1.304697700000000005e+01 1.758057799999999948e-02
1.304690800000000017e+01 3.516103599999999968e-02
1.304679299999999920e+01 5.274125400000000130e-02
1.304663199999999890e+01 7.032111200000000506e-02
1.304642600000000030e+01 8.790048899999999832e-02
1.304617300000000135e+01 1.054792599999999914e-01
1.304587399999999953e+01 1.230573199999999978e-01
1.304552900000000015e+01 1.406345300000000076e-01
1.304513899999999893e+01 1.582107899999999900e-01
1.304470199999999913e+01 1.757859599999999911e-01
1.304421999999999926e+01 1.933599299999999854e-01
1.304369100000000081e+01 2.109325800000000084e-01
1.304311700000000052e+01 2.285037900000000122e-01
1.304249599999999987e+01 2.460734300000000097e-01
1.304182999999999915e+01 2.636413999999999702e-01
1.304111800000000088e+01 2.812075600000000231e-01
1.304035999999999973e+01 2.987717999999999763e-01
1.303955600000000103e+01 3.163340000000000041e-01
1.303870599999999946e+01 3.338940400000000031e-01
1.303781000000000034e+01 3.514517900000000417e-01
1.303686800000000012e+01 3.690071400000000112e-01
1.303588099999999983e+01 3.865599799999999697e-01
1.303484699999999918e+01 4.041101699999999908e-01
1.303376800000000024e+01 4.216575900000000265e-01
1.303264300000000020e+01 4.392021399999999631e-01
1.303147199999999906e+01 4.567436799999999852e-01
1.303025499999999859e+01 4.742821099999999790e-01
1.302899200000000057e+01 4.918172900000000181e-01
1.302768300000000146e+01 5.093491100000000493e-01
1.302632900000000049e+01 5.268774499999999694e-01
1.302492900000000020e+01 5.444021900000000080e-01
1.302348199999999956e+01 5.619232100000000063e-01
1.302199099999999987e+01 5.794403900000000274e-01
1.302045299999999983e+01 5.969536100000000234e-01
1.301886900000000047e+01 6.144627400000000073e-01
1.301723999999999926e+01 6.319676799999999206e-01
1.301556500000000050e+01 6.494682999999999984e-01
1.301384499999999989e+01 6.669644899999999099e-01
1.301207799999999892e+01 6.844561099999999509e-01
1.301026599999999966e+01 7.019430599999999520e-01
1.300840799999999930e+01 7.194251999999999869e-01
1.300650400000000140e+01 7.369024399999999364e-01
1.300455499999999986e+01 7.543746300000000460e-01
1.300255999999999901e+01 7.718416700000000352e-01
1.300051999999999985e+01 7.893034400000000783e-01
1.299843300000000035e+01 8.067598099999999661e-01
1.299630200000000002e+01 8.242106700000000341e-01
1.299412399999999934e+01 8.416559000000000124e-01
1.299190100000000037e+01 8.590953700000000248e-01
1.298963200000000029e+01 8.765289699999999629e-01
1.298731800000000014e+01 8.939565800000000007e-01
1.298495800000000067e+01 9.113780900000000296e-01
1.298255299999999934e+01 9.287933600000000123e-01
1.298010200000000047e+01 9.462022900000000014e-01
1.297760599999999975e+01 9.636047500000000099e-01
1.297506399999999971e+01 9.810006199999999899e-01
1.297247700000000137e+01 9.983897899999999437e-01
1.296984399999999837e+01 1.015772099999999956e+00
1.296716599999999886e+01 1.033147500000000107e+00
1.296444199999999825e+01 1.050515900000000169e+00
1.296167300000000111e+01 1.067877100000000024e+00
1.295885900000000035e+01 1.085230899999999998e+00
1.295599900000000027e+01 1.102577399999999930e+00
1.295309399999999833e+01 1.119916300000000087e+00
1.295014399999999988e+01 1.137247600000000025e+00
1.294714799999999855e+01 1.154571000000000014e+00
1.294410700000000070e+01 1.171886600000000112e+00
1.294102100000000100e+01 1.189194199999999979e+00
1.293788999999999945e+01 1.206493700000000002e+00
1.293471300000000035e+01 1.223784900000000064e+00
1.293149099999999940e+01 1.241067799999999943e+00
1.292822400000000016e+01 1.258342100000000130e+00
1.292491200000000084e+01 1.275607900000000017e+00
1.292155499999999968e+01 1.292864999999999931e+00
1.291815300000000022e+01 1.310113199999999978e+00
1.291470499999999966e+01 1.327352499999999935e+00
1.291121300000000005e+01 1.344582699999999909e+00
1.290767499999999934e+01 1.361803699999999839e+00
1.290409200000000034e+01 1.379015399999999891e+00
1.290046500000000052e+01 1.396217599999999948e+00
1.289679199999999959e+01 1.413410400000000067e+00
1.289307500000000140e+01 1.430593400000000015e+00
1.288931299999999958e+01 1.447766699999999851e+00
1.288550599999999946e+01 1.464930100000000124e+00
1.288165300000000002e+01 1.482083499999999887e+00
1.287775699999999901e+01 1.499226799999999971e+00
1.287381500000000045e+01 1.516359800000000035e+00
1.286982800000000005e+01 1.533482500000000082e+00
1.286579700000000059e+01 1.550594599999999934e+00
1.286172099999999929e+01 1.567696200000000095e+00
1.285760100000000072e+01 1.584787100000000004e+00
1.285343499999999928e+01 1.601867099999999988e+00
1.284922500000000056e+01 1.618936200000000047e+00
1.284497099999999925e+01 1.635994200000000065e+00
1.284067199999999964e+01 1.653041099999999819e+00
1.283632799999999996e+01 1.670076600000000022e+00
1.283194000000000123e+01 1.687100700000000009e+00
1.282750699999999888e+01 1.704113299999999942e+00
1.282303000000000104e+01 1.721114299999999986e+00
1.281850799999999957e+01 1.738103500000000023e+00
1.281394199999999906e+01 1.755080799999999996e+00
1.280933199999999950e+01 1.772046100000000068e+00
1.280467699999999986e+01 1.788999299999999959e+00
1.279997799999999941e+01 1.805940300000000054e+00
1.279523499999999991e+01 1.822868999999999851e+00
1.279044799999999960e+01 1.839785100000000062e+00
1.278561599999999920e+01 1.856688699999999859e+00
1.278073999999999977e+01 1.873579700000000070e+00
1.277581999999999951e+01 1.890457799999999855e+00
1.277085600000000021e+01 1.907323000000000102e+00
1.276584800000000008e+01 1.924175100000000027e+00
1.276079600000000092e+01 1.941014200000000134e+00
1.275569899999999990e+01 1.957839899999999966e+00
1.275055899999999909e+01 1.974652300000000027e+00
1.274537499999999923e+01 1.991451099999999919e+00
1.274014700000000033e+01 2.008236399999999922e+00
1.273487500000000061e+01 2.025007899999999861e+00
1.272955900000000007e+01 2.041765599999999736e+00
1.272420000000000151e+01 2.058509399999999712e+00
1.271879700000000035e+01 2.075239099999999670e+00
1.271335000000000015e+01 2.091954499999999939e+00
1.270785900000000090e+01 2.108655699999999911e+00
1.270232500000000009e+01 2.125342500000000356e+00
1.269674700000000023e+01 2.142014800000000108e+00
1.269112499999999955e+01 2.158672399999999936e+00
1.268545999999999907e+01 2.175315300000000285e+00
1.267975200000000058e+01 2.191943299999999706e+00
1.267399999999999949e+01 2.208556300000000139e+00
1.266925799999999924e+01 2.222147699999999837e+00
1.266448799999999864e+01 2.235728900000000241e+00
1.265968800000000094e+01 2.249300000000000299e+00
1.265486000000000111e+01 2.262860900000000175e+00
1.265000299999999989e+01 2.276411500000000032e+00
1.264511700000000083e+01 2.289951799999999871e+00
1.264020299999999963e+01 2.303481699999999854e+00
1.263526000000000060e+01 2.317001100000000147e+00
1.263028800000000018e+01 2.330510000000000304e+00
1.262528800000000118e+01 2.344008400000000325e+00
1.262025900000000078e+01 2.357496099999999650e+00
1.261520099999999900e+01 2.370973100000000056e+00
1.261011500000000041e+01 2.384439299999999928e+00
1.260500000000000043e+01 2.397894699999999713e+00
1.259985700000000008e+01 2.411339300000000296e+00
1.259468500000000013e+01 2.424772899999999787e+00
1.258948400000000056e+01 2.438195499999999960e+00
1.258425599999999989e+01 2.451607000000000092e+00
1.257899800000000035e+01 2.465007400000000182e+00
1.257371299999999970e+01 2.478396599999999950e+00
1.256839899999999943e+01 2.491774600000000284e+00
1.256305600000000133e+01 2.505141299999999571e+00
1.255768600000000035e+01 2.518496599999999752e+00
1.255228600000000050e+01 2.531840499999999938e+00
1.254685899999999954e+01 2.545172899999999849e+00
1.254140400000000000e+01 2.558493800000000373e+00
1.253592000000000084e+01 2.571803000000000061e+00
1.253040799999999955e+01 2.585100600000000082e+00
1.252486700000000042e+01 2.598386500000000154e+00
1.251929900000000018e+01 2.611660599999999999e+00
1.251370199999999855e+01 2.624922799999999778e+00
1.250807700000000011e+01 2.638173200000000218e+00
1.250242499999999879e+01 2.651411500000000032e+00
1.249674400000000141e+01 2.664637900000000226e+00
1.249103500000000011e+01 2.677852199999999794e+00
1.248529800000000023e+01 2.691054299999999788e+00
1.247953299999999999e+01 2.704244300000000045e+00
1.247373999999999938e+01 2.717421899999999724e+00
1.246791900000000020e+01 2.730587300000000273e+00
1.246206999999999887e+01 2.743740299999999799e+00
1.245619299999999896e+01 2.756880799999999798e+00
1.245028900000000149e+01 2.770008899999999663e+00
1.244435599999999909e+01 2.783124299999999884e+00
1.243839600000000090e+01 2.796227199999999691e+00
1.243240799999999879e+01 2.809317399999999854e+00
1.242639300000000091e+01 2.822394899999999929e+00
1.242034899999999986e+01 2.835459600000000080e+00
1.241427799999999948e+01 2.848511400000000027e+00
1.240817900000000051e+01 2.861550299999999769e+00
1.240205300000000044e+01 2.874576199999999915e+00
1.239589799999999897e+01 2.887589199999999856e+00
1.238971700000000098e+01 2.900589000000000084e+00
1.238350699999999982e+01 2.913575699999999991e+00
1.237727100000000036e+01 2.926549199999999740e+00
1.237100599999999950e+01 2.939509399999999939e+00
1.236471399999999932e+01 2.952456299999999700e+00
1.235839499999999980e+01 2.965389899999999912e+00
1.235204900000000094e+01 2.978310000000000013e+00
1.234567400000000070e+01 2.991216600000000003e+00
1.233927299999999860e+01 3.004109599999999602e+00
1.233284399999999970e+01 3.016989099999999979e+00
1.232638800000000145e+01 3.029854899999999684e+00
1.231990500000000033e+01 3.042706900000000214e+00
1.231339400000000062e+01 3.055545200000000072e+00
1.230685599999999980e+01 3.068369600000000030e+00
1.230029099999999964e+01 3.081180199999999925e+00
1.229369900000000015e+01 3.093976700000000246e+00
1.228707999999999956e+01 3.106759300000000223e+00
1.228043300000000038e+01 3.119527799999999740e+00
1.227375999999999934e+01 3.132282099999999847e+00
1.226705899999999971e+01 3.145022299999999937e+00
1.226033200000000001e+01 3.157748300000000174e+00
1.225357699999999994e+01 3.170459899999999998e+00
1.224679599999999979e+01 3.183157200000000131e+00
1.223998699999999928e+01 3.195840000000000014e+00
1.223315200000000047e+01 3.208508400000000371e+00
1.222629000000000055e+01 3.221162300000000034e+00
1.221940099999999951e+01 3.233801500000000217e+00
1.221248500000000092e+01 3.246426199999999707e+00
1.220554300000000048e+01 3.259036099999999880e+00
1.219857299999999967e+01 3.271631300000000131e+00
1.219157699999999878e+01 3.284211599999999898e+00
1.218455499999999958e+01 3.296777099999999905e+00
1.217750500000000002e+01 3.309327699999999872e+00
1.217042900000000039e+01 3.321863199999999683e+00
1.216332699999999889e+01 3.334383799999999898e+00
1.215619799999999984e+01 3.346889200000000120e+00
1.214904199999999967e+01 3.359379500000000185e+00
1.214186000000000121e+01 3.371854600000000257e+00
1.213465200000000088e+01 3.384314400000000056e+00
1.212741699999999945e+01 3.396758900000000025e+00
1.212015600000000148e+01 3.409187999999999885e+00
1.211286800000000063e+01 3.421601700000000079e+00
1.210555399999999970e+01 3.433999899999999883e+00
1.209821400000000047e+01 3.446382599999999741e+00
1.209084700000000012e+01 3.458749599999999980e+00
1.208345500000000072e+01 3.471100999999999992e+00
1.207603600000000021e+01 3.483436700000000386e+00
1.206859099999999962e+01 3.495756699999999828e+00
1.206111900000000148e+01 3.508060799999999979e+00
1.205362199999999895e+01 3.520348999999999950e+00
1.204609899999999989e+01 3.532621299999999742e+00
1.203854999999999897e+01 3.544877599999999962e+00
1.203097400000000050e+01 3.557117799999999885e+00
1.202337299999999942e+01 3.569342000000000237e+00
1.201574600000000004e+01 3.581550000000000011e+00
1.200809300000000057e+01 3.593741799999999653e+00
1.200041400000000102e+01 3.605917300000000214e+00
1.199270900000000140e+01 3.618076599999999754e+00
1.198497899999999916e+01 3.630219400000000096e+00
1.197722199999999937e+01 3.642345800000000189e+00
1.196944000000000052e+01 3.654455800000000032e+00
1.196163299999999907e+01 3.666549199999999953e+00
1.195379999999999932e+01 3.678626000000000396e+00
1.194594100000000125e+01 3.690686200000000028e+00
1.193805600000000133e+01 3.702729600000000065e+00
1.193014600000000058e+01 3.714756299999999900e+00
1.192221099999999900e+01 3.726766200000000140e+00
1.191424999999999912e+01 3.738759300000000341e+00
1.190626399999999840e+01 3.750735399999999942e+00
1.189825200000000116e+01 3.762694599999999667e+00
1.189021499999999953e+01 3.774636699999999845e+00
1.188215199999999960e+01 3.786561799999999867e+00
1.187406499999999987e+01 3.798469700000000060e+00
1.186595200000000006e+01 3.810360399999999981e+00
1.185781400000000119e+01 3.822233900000000073e+00
1.184965000000000046e+01 3.834090199999999893e+00
1.184146199999999993e+01 3.845928999999999931e+00
1.183324799999999932e+01 3.857750500000000304e+00
1.182501000000000069e+01 3.869554500000000008e+00
1.181674599999999842e+01 3.881340999999999930e+00
1.180845799999999990e+01 3.893110000000000070e+00
1.180014399999999952e+01 3.904861299999999869e+00
1.179180600000000112e+01 3.916594999999999605e+00
1.178344199999999908e+01 3.928311000000000330e+00
1.177505400000000080e+01 3.940009199999999989e+00
1.176664099999999991e+01 3.951689600000000357e+00
1.175820299999999996e+01 3.963352100000000267e+00
1.174974100000000021e+01 3.974996700000000160e+00
1.174125400000000141e+01 3.986623199999999922e+00
1.173274200000000000e+01 3.998231800000000113e+00
1.172420600000000057e+01 4.009822299999999728e+00
1.171564500000000031e+01 4.021394700000000100e+00
1.170705899999999922e+01 4.032948799999999778e+00
1.169844900000000010e+01 4.044484699999999933e+00
1.168981500000000118e+01 4.056002399999999675e+00
1.168115600000000143e+01 4.067501599999999939e+00
1.167247300000000010e+01 4.078982500000000400e+00
1.166376499999999972e+01 4.090444999999999887e+00
1.165503299999999953e+01 4.101888899999999616e+00
1.164627699999999955e+01 4.113314299999999868e+00
1.163749699999999976e+01 4.124721099999999474e+00
1.162869199999999914e+01 4.136109300000000211e+00
1.161986299999999872e+01 4.147478699999999741e+00
1.161101100000000130e+01 4.158829399999999232e+00
1.160213399999999950e+01 4.170161300000000182e+00
1.159323299999999968e+01 4.181474299999999644e+00
1.158430800000000005e+01 4.192768400000000284e+00
1.157535999999999987e+01 4.204043500000000044e+00
1.156638700000000064e+01 4.215299699999999206e+00
1.155738999999999983e+01 4.226536799999999872e+00
1.154837000000000025e+01 4.237754699999999985e+00
1.153932599999999908e+01 4.248953499999999828e+00
1.153025799999999990e+01 4.260133100000000006e+00
1.152116599999999913e+01 4.271293499999999632e+00
1.151205099999999959e+01 4.282434499999999922e+00
1.150291200000000025e+01 4.293556200000000267e+00
1.149375000000000036e+01 4.304658400000000107e+00
1.148456400000000066e+01 4.315741200000000610e+00
1.147535500000000042e+01 4.326804500000000608e+00
1.146612199999999859e+01 4.337848200000000709e+00
1.145686599999999977e+01 4.348872300000000024e+00
1.144758599999999937e+01 4.359876700000000049e+00
1.143828300000000020e+01 4.370861399999999897e+00
1.142895700000000048e+01 4.381826399999999566e+00
1.141960699999999918e+01 4.392771599999999665e+00
1.141023500000000013e+01 4.403696899999999914e+00
1.140083899999999950e+01 4.414602299999999424e+00
1.139142000000000010e+01 4.425487699999999691e+00
1.138197799999999837e+01 4.436353099999999827e+00
1.137251300000000143e+01 4.447198500000000720e+00
1.136302500000000038e+01 4.458023700000000034e+00
1.135351399999999877e+01 4.468828900000000104e+00
1.134398000000000017e+01 4.479613800000000090e+00
1.133442300000000103e+01 4.490378399999999992e+00
1.132484300000000133e+01 4.501122800000000090e+00
1.131524100000000033e+01 4.511846799999999824e+00
1.130561600000000055e+01 4.522550400000000081e+00
1.129596800000000023e+01 4.533233599999999974e+00
1.128629800000000039e+01 4.543896300000000110e+00
1.127660499999999999e+01 4.554538400000000209e+00
1.126688899999999904e+01 4.565159999999999663e+00
1.125715100000000035e+01 4.575760900000000575e+00
1.124739100000000036e+01 4.586341199999999674e+00
1.123760799999999982e+01 4.596900699999999951e+00
1.122780299999999976e+01 4.607439400000000518e+00
1.121797500000000092e+01 4.617957299999999599e+00
1.120812500000000078e+01 4.628454399999999858e+00
1.119825300000000112e+01 4.638930500000000734e+00
1.118835800000000091e+01 4.649385599999999563e+00
1.117844199999999866e+01 4.659819800000000178e+00
1.116850300000000118e+01 4.670232900000000242e+00
1.115854199999999885e+01 4.680624799999999475e+00
1.114855999999999980e+01 4.690995599999999932e+00
1.113855500000000021e+01 4.701345199999999558e+00
1.112852800000000109e+01 4.711673600000000128e+00
1.111847999999999992e+01 4.721980700000000475e+00
1.110840899999999998e+01 4.732266400000000317e+00
1.109831699999999977e+01 4.742530800000000824e+00
1.108820300000000003e+01 4.752773699999999657e+00
1.107806699999999900e+01 4.762995100000000370e+00
1.106790999999999947e+01 4.773194999999999411e+00
1.105773100000000042e+01 4.783373300000000050e+00
1.104753100000000110e+01 4.793529999999999625e+00
1.103730899999999870e+01 4.803665099999999910e+00
1.102706500000000034e+01 4.813778400000000346e+00
1.101679999999999993e+01 4.823870000000000324e+00
1.100651399999999924e+01 4.833939800000000453e+00
1.099620600000000081e+01 4.843987799999999844e+00
1.098587700000000034e+01 4.854013799999999712e+00
1.097552699999999959e+01 4.864017999999999731e+00
1.096515600000000035e+01 4.874000099999999946e+00
1.095476300000000158e+01 4.883960200000000640e+00
1.094434900000000077e+01 4.893898300000000035e+00
1.093391500000000072e+01 4.903814200000000234e+00
1.092345900000000114e+01 4.913707999999999743e+00
1.091298199999999952e+01 4.923579499999999776e+00
1.090248500000000043e+01 4.933428900000000006e+00
1.089196600000000004e+01 4.943255900000000480e+00
1.088142700000000040e+01 4.953060599999999702e+00
1.087086700000000050e+01 4.962842900000000057e+00
1.086028600000000033e+01 4.972602799999999768e+00
1.084968399999999988e+01 4.982340199999999442e+00
1.083906200000000020e+01 4.992055099999999968e+00
1.082841900000000024e+01 5.001747500000000457e+00
1.081775599999999926e+01 5.011417199999999461e+00
1.080707199999999979e+01 5.021064299999999925e+00
1.079636800000000108e+01 5.030688699999999791e+00
1.078564399999999956e+01 5.040290399999999948e+00
1.077489899999999956e+01 5.049869300000000116e+00
1.076413299999999929e+01 5.059425500000000575e+00
1.075334800000000079e+01 5.068958700000000483e+00
1.074254200000000026e+01 5.078469000000000122e+00
1.073171600000000048e+01 5.087956400000000379e+00
1.072087000000000145e+01 5.097420800000000085e+00
1.071000400000000141e+01 5.106862199999999241e+00
1.069911800000000035e+01 5.116280500000000231e+00
1.068821299999999930e+01 5.125675699999999502e+00
1.067728699999999975e+01 5.135047700000000326e+00
1.066634100000000096e+01 5.144396600000000319e+00
1.065537499999999937e+01 5.153722099999999529e+00
1.064438999999999957e+01 5.163024500000000572e+00
1.063338500000000053e+01 5.172303399999999662e+00
1.062236100000000150e+01 5.181559000000000026e+00
0.000000000000000000e+00 1.271297827152669535e-01
1.308996938995747039e-01 1.271297827152669535e-01
2.617993877991494078e-01 1.271297827152669535e-01
3.926990816987241950e-01 1.271297827152669535e-01
5.235987755982988157e-01 1.271297827152669535e-01
6.544984694978734918e-01 1.271297827152669535e-01
7.853981633974481680e-01 1.271297827152669535e-01
9.162978572970228441e-01 1.271297827152669535e-01
1.047197551196597631e+00 1.271297827152669535e-01
1.178097245096172418e+00 1.271297827152669535e-01
1.308996938995746984e+00 1.271297827152669535e-01
1.439896632895321771e+00 1.271297827152669535e-01
1.570796326794896558e+00 1.271297827152669535e-01
1.701696020694471123e+00 1.271297827152669535e-01
1.832595714594045910e+00 1.271297827152669535e-01
1.963495408493620475e+00 1.271297827152669535e-01
2.094395102393195263e+00 1.271297827152669535e-01
2.225294796292769828e+00 1.271297827152669535e-01
2.356194490192344837e+00 1.271297827152669535e-01
2.487094184091919402e+00 1.271297827152669535e-01
2.617993877991493967e+00 1.271297827152669535e-01
2.748893571891068976e+00 1.271297827152669535e-01
2.879793265790643542e+00 1.271297827152669535e-01
3.010692959690218107e+00 1.271297827152669535e-01
3.141592653589793116e+00 1.271297827152669535e-01
-3.010692959690218995e+00 1.271297827152669535e-01
-2.879793265790644430e+00 1.271297827152669535e-01
-2.748893571891069865e+00 1.271297827152669535e-01
-2.617993877991494855e+00 1.271297827152669535e-01
-2.487094184091919846e+00 1.271297827152669535e-01
-2.356194490192345281e+00 1.271297827152669535e-01
-2.225294796292770716e+00 1.271297827152669535e-01
-2.094395102393196151e+00 1.271297827152669535e-01
-1.963495408493621364e+00 1.271297827152669535e-01
-1.832595714594046798e+00 1.271297827152669535e-01
-1.701696020694472233e+00 1.271297827152669535e-01
-1.570796326794896780e+00 1.271297827152669535e-01
-1.439896632895322215e+00 1.271297827152669535e-01
-1.308996938995747650e+00 1.271297827152669535e-01
-1.178097245096173085e+00 1.271297827152669535e-01
-1.047197551196598519e+00 1.271297827152669535e-01
-9.162978572970239544e-01 1.271297827152669535e-01
-7.853981633974485010e-01 1.271297827152669535e-01
-6.544984694978739359e-01 1.271297827152669535e-01
-5.235987755982993708e-01 1.271297827152669535e-01
-3.926990816987248056e-01 1.271297827152669535e-01
-2.617993877991502405e-01 1.271297827152669535e-01
-1.308996938995757031e-01 1.271297827152669535e-01
