# Cls = Ves
# Exp = SPARC
# Name = CoilTFInner
6.300000000000000000e+01 0.000000000000000000e+00
1.061007936358934867e+00 1.251362930916097627e+00
1.062776207200212930e+00 -1.270811848591558491e+00
1.071617973111107958e+00 -1.338883144655548918e+00
1.088417275943053486e+00 -1.415794866349786574e+00
1.124668344010384846e+00 -1.498894904696281394e+00
1.168877042567972424e+00 -1.576690537975959039e+00
1.228116623405497876e+00 -1.648298041714214790e+00
1.299734680261045217e+00 -1.713717228800214265e+00
1.374005236947714703e+00 -1.760571653040278406e+00
1.455349176420954738e+00 -1.796817267146709085e+00
1.523430523169375661e+00 -1.818918424777745457e+00
1.598585233990525545e+00 -1.832178969667698887e+00
1.674624136373837668e+00 -1.836599276038240802e+00
1.748894655632825312e+00 -1.833063068363975034e+00
1.844385398106888285e+00 -1.826874751711718758e+00
1.931918641087582600e+00 -1.815382217103479690e+00
2.034482841203579806e+00 -1.795933168450433826e+00
2.145888582664378763e+00 -1.764107673603709792e+00
2.261715281935990252e+00 -1.726093862104728593e+00
2.382846980869846476e+00 -1.673935407019517818e+00
2.524314823739662206e+00 -1.597023685325280162e+00
2.644562293683674348e+00 -1.517459667542216728e+00
2.767462450597219625e+00 -1.421099084305768478e+00
2.887709920541231767e+00 -1.307057462697989614e+00
3.032714305093604512e+00 -1.134669069352743698e+00
3.142351962851535951e+00 -9.675850810743149566e-01
3.229000789703975194e+00 -8.013850043813257606e-01
3.295313846897276910e+00 -6.334167302957856016e-01
3.341290947293029667e+00 -4.804773856035851054e-01
3.379310361057004108e+00 -3.010165769098072097e-01
3.396109589033585507e+00 -1.578015694332948193e-01
3.402298817685675214e+00 -6.630235022810015977e-03
3.397877859874863127e+00 1.100634955629598011e-01
3.383731131729404762e+00 2.630028402551598532e-01
3.364279403921700329e+00 3.743923528849482096e-01
3.335985760492373053e+00 4.990424104046895515e-01
3.285587889424218755e+00 6.617062794234127576e-01
3.220159061220761565e+00 8.155297602340554342e-01
3.146772733523936161e+00 9.569766451623511472e-01
3.080459676330634888e+00 1.065713899125480202e+00
2.985853162846416442e+00 1.189479914082197221e+00
2.885057420710108733e+00 1.305289564682775127e+00
2.763041492786407538e+00 1.421983257846377580e+00
2.673739978964434716e+00 1.494474748014408050e+00
2.534040594074307595e+00 1.590835443517357506e+00
2.366047752893264189e+00 1.681007859790217385e+00
2.206012411205588997e+00 1.745542966891024728e+00
2.025640925581954743e+00 1.797701496820569123e+00
1.885941727830238612e+00 1.818918555755330457e+00
1.758620613105881691e+00 1.833947260615667929e+00
1.703801859082279879e+00 1.833947260615667929e+00
1.589743524221152615e+00 1.833063161919392670e+00
1.519893794348407212e+00 1.817150414496030431e+00
1.439434027723488274e+00 1.792397222731337170e+00
1.368700199857785904e+00 1.753499293824997141e+00
1.311228946003061502e+00 1.718137610015090022e+00
1.244031772102962119e+00 1.664210976248412521e+00
1.187444691096559257e+00 1.596139661473338967e+00
1.143235973825130980e+00 1.533372620787497587e+00
1.110521578437243750e+00 1.463533183464207355e+00
1.083996392987605084e+00 1.396345948674325488e+00
1.071617973111107069e+00 1.339767168507490114e+00
1.063660417476215425e+00 1.291144846252211709e+00
