# Cls = Ves
# Exp = WEST
# Name = InnerV0
5.910000000000000000e+02 0.000000000000000000e+00
3.363700000000000134e+00 0.000000000000000000e+00
3.363646800000000159e+00 1.000400299999999916e-02
3.363487300000000069e+00 2.000687599999999983e-02
3.363221400000000028e+00 3.000748699999999936e-02
3.362849300000000152e+00 4.000470700000000046e-02
3.362370799999999882e+00 4.999740500000000171e-02
3.361786200000000058e+00 5.998445200000000060e-02
3.361095399999999955e+00 6.996471999999999414e-02
3.360298600000000135e+00 7.993707899999999422e-02
3.359395699999999874e+00 8.990040300000000373e-02
3.358387099999999847e+00 9.985356600000000471e-02
3.357272599999999940e+00 1.097954399999999942e-01
3.356052500000000105e+00 1.197249100000000038e-01
3.354727000000000015e+00 1.296408500000000019e-01
3.353295999999999832e+00 1.395421299999999865e-01
3.351759899999999792e+00 1.494276400000000005e-01
3.350118800000000174e+00 1.592962599999999951e-01
3.348372900000000207e+00 1.691468799999999995e-01
3.346522400000000008e+00 1.789783699999999977e-01
3.344567399999999857e+00 1.887896400000000086e-01
3.342508200000000151e+00 1.985795700000000108e-01
3.340345099999999956e+00 2.083470600000000006e-01
3.338078199999999995e+00 2.180910000000000071e-01
3.335707900000000059e+00 2.278102800000000039e-01
3.333234399999999820e+00 2.375038200000000044e-01
3.330658000000000118e+00 2.471705200000000047e-01
3.327979000000000021e+00 2.568092699999999784e-01
3.325197600000000087e+00 2.664190000000000169e-01
3.322314200000000106e+00 2.759986199999999723e-01
3.319329199999999869e+00 2.855470500000000245e-01
3.316242799999999935e+00 2.950632000000000255e-01
3.313055400000000095e+00 3.045459899999999887e-01
3.309767400000000137e+00 3.139943700000000226e-01
3.306379100000000015e+00 3.234072599999999742e-01
3.302890899999999963e+00 3.327835900000000180e-01
3.299303300000000050e+00 3.421223099999999850e-01
3.295616599999999785e+00 3.514223699999999839e-01
3.291831199999999846e+00 3.606827000000000227e-01
3.287947500000000023e+00 3.699022599999999827e-01
3.283966100000000221e+00 3.790800200000000175e-01
3.279887399999999786e+00 3.882149300000000136e-01
3.275711700000000004e+00 3.973059600000000136e-01
3.271439599999999892e+00 4.063520800000000044e-01
3.267071599999999965e+00 4.153522800000000181e-01
3.262608199999999847e+00 4.243055299999999863e-01
3.258049900000000054e+00 4.332108199999999965e-01
3.253397099999999931e+00 4.420671500000000198e-01
3.248650399999999827e+00 4.508735200000000276e-01
3.243810400000000094e+00 4.596289199999999964e-01
3.238877500000000076e+00 4.683323699999999978e-01
3.233852499999999797e+00 4.769828899999999927e-01
3.228735700000000097e+00 4.855794900000000025e-01
3.223527799999999832e+00 4.941212200000000276e-01
3.218229500000000076e+00 5.026070900000000341e-01
3.212841200000000175e+00 5.110361599999999616e-01
3.207363599999999870e+00 5.194074600000000430e-01
3.201797299999999957e+00 5.277200600000000463e-01
3.196142899999999898e+00 5.359730099999999720e-01
3.190401099999999879e+00 5.441653899999999711e-01
3.184572600000000087e+00 5.522962500000000441e-01
3.178657900000000147e+00 5.603647000000000489e-01
3.172657800000000083e+00 5.683698000000000361e-01
3.166573000000000082e+00 5.763106700000000249e-01
3.160404000000000213e+00 5.841863999999999946e-01
3.154151699999999892e+00 5.919961000000000251e-01
3.147816699999999912e+00 5.997388900000000245e-01
3.141399799999999853e+00 6.074138900000000119e-01
3.134901600000000066e+00 6.150202399999999958e-01
3.128322900000000129e+00 6.225570700000000457e-01
3.121664500000000064e+00 6.300235400000000485e-01
3.114926999999999779e+00 6.374187999999999521e-01
3.108111399999999858e+00 6.447420099999999765e-01
3.101218199999999925e+00 6.519923499999999983e-01
3.094248400000000121e+00 6.591690000000000049e-01
3.087202599999999908e+00 6.662711500000000342e-01
3.080081799999999870e+00 6.732979900000000129e-01
3.072886599999999913e+00 6.802487200000000289e-01
3.065618000000000176e+00 6.871225800000000383e-01
3.058276699999999959e+00 6.939187599999999678e-01
3.050863600000000009e+00 7.006365199999999849e-01
3.043379400000000068e+00 7.072750899999999952e-01
3.035825099999999832e+00 7.138337099999999547e-01
3.028201500000000213e+00 7.203116600000000203e-01
3.020509500000000180e+00 7.267081899999999761e-01
3.012749900000000203e+00 7.330225799999999792e-01
3.004923600000000139e+00 7.392541200000000146e-01
2.997031499999999848e+00 7.454020999999999564e-01
2.989074500000000079e+00 7.514658400000000515e-01
2.981053499999999801e+00 7.574446400000000024e-01
2.972969400000000206e+00 7.633378299999999950e-01
2.964822999999999986e+00 7.691447399999999934e-01
2.956615400000000005e+00 7.748647100000000121e-01
2.948347500000000121e+00 7.804971099999999939e-01
2.940020099999999914e+00 7.860412900000000036e-01
2.931634299999999804e+00 7.914966300000000343e-01
2.923190899999999814e+00 7.968625000000000291e-01
2.914690999999999921e+00 8.021383100000000210e-01
2.906135400000000146e+00 8.073234599999999928e-01
2.897525299999999859e+00 8.124173599999999773e-01
2.888861400000000135e+00 8.174194299999999469e-01
2.880144899999999897e+00 8.223291099999999743e-01
2.871376699999999893e+00 8.271458499999999603e-01
2.862557699999999983e+00 8.318690899999999777e-01
2.853689099999999979e+00 8.364983200000000174e-01
2.844771699999999903e+00 8.410330000000000306e-01
2.835806600000000177e+00 8.454726200000000080e-01
2.826794800000000052e+00 8.498166700000000517e-01
2.817737399999999948e+00 8.540646800000000205e-01
2.808635300000000168e+00 8.582161499999999554e-01
2.799489599999999800e+00 8.622706300000000379e-01
2.790301200000000037e+00 8.662276399999999654e-01
2.781071400000000082e+00 8.700867399999999696e-01
2.771800999999999959e+00 8.738475100000000495e-01
2.762491199999999925e+00 8.775095000000000534e-01
2.753143000000000118e+00 8.810723200000000199e-01
2.743757399999999791e+00 8.845355499999999482e-01
2.734335600000000088e+00 8.878987999999999881e-01
2.724878499999999981e+00 8.911616900000000063e-01
2.715387199999999890e+00 8.943238700000000208e-01
2.705862900000000071e+00 8.973849600000000093e-01
2.696306600000000220e+00 9.003446200000000399e-01
2.686719399999999869e+00 9.032025099999999584e-01
2.677102300000000046e+00 9.059583300000000339e-01
2.667456399999999839e+00 9.086117400000000011e-01
2.657782899999999948e+00 9.111624600000000074e-01
2.648082800000000070e+00 9.136101899999999887e-01
2.638357300000000016e+00 9.159546600000000316e-01
2.628607399999999927e+00 9.181956000000000007e-01
2.618834199999999779e+00 9.203327599999999720e-01
2.609038799999999991e+00 9.223658999999999608e-01
2.599222399999999933e+00 9.242947900000000327e-01
2.589386000000000188e+00 9.261192099999999705e-01
2.579530699999999843e+00 9.278389500000000512e-01
2.569657799999999881e+00 9.294538199999999861e-01
2.559768200000000160e+00 9.309636399999999812e-01
2.549863199999999885e+00 9.323682300000000200e-01
2.539943800000000085e+00 9.336674499999999544e-01
2.530011099999999846e+00 9.348611300000000401e-01
2.520066299999999870e+00 9.359491500000000075e-01
2.510110500000000133e+00 9.369313799999999803e-01
2.500144800000000167e+00 9.378077099999999611e-01
2.490170399999999784e+00 9.385780500000000526e-01
2.480188300000000012e+00 9.392422999999999744e-01
2.470199700000000220e+00 9.398003900000000410e-01
2.460205800000000220e+00 9.402522599999999509e-01
2.450207600000000152e+00 9.405978600000000078e-01
2.440206299999999828e+00 9.408371399999999607e-01
2.430203099999999949e+00 9.409700899999999812e-01
2.420199000000000211e+00 9.409966800000000298e-01
2.410195100000000146e+00 9.409169099999999952e-01
2.400192699999999846e+00 9.407307900000000389e-01
2.390192799999999895e+00 9.404383499999999785e-01
2.380196699999999943e+00 9.400396100000000255e-01
2.370205299999999848e+00 9.395346199999999870e-01
2.360219799999999868e+00 9.389234400000000536e-01
2.350241399999999814e+00 9.382061400000000218e-01
2.340271200000000107e+00 9.373827900000000213e-01
2.330310299999999835e+00 9.364534899999999995e-01
2.320359900000000142e+00 9.354183499999999540e-01
2.310420999999999836e+00 9.342774900000000438e-01
2.300494800000000062e+00 9.330310200000000442e-01
2.290582399999999907e+00 9.316790999999999823e-01
2.280685000000000073e+00 9.302218700000000062e-01
2.270803599999999811e+00 9.286595100000000214e-01
2.260939399999999821e+00 9.269921800000000545e-01
2.251093399999999800e+00 9.252200699999999500e-01
2.241266899999999840e+00 9.233433899999999861e-01
2.231460799999999800e+00 9.213623499999999966e-01
2.221676400000000218e+00 9.192771699999999768e-01
2.211914699999999900e+00 9.170880900000000224e-01
2.202176800000000156e+00 9.147953500000000071e-01
2.192463899999999910e+00 9.123992100000000161e-01
2.182776899999999909e+00 9.098999500000000129e-01
2.173117099999999802e+00 9.072978499999999613e-01
2.163485500000000172e+00 9.045931999999999862e-01
2.153883200000000109e+00 9.017863099999999799e-01
2.144311300000000031e+00 8.988774899999999457e-01
2.134770800000000079e+00 8.958670699999999876e-01
2.125262900000000066e+00 8.927553900000000375e-01
2.115788600000000130e+00 8.895428100000000171e-01
2.106348999999999805e+00 8.862296899999999589e-01
2.096945199999999954e+00 8.828163999999999456e-01
2.087578199999999828e+00 8.793033300000000496e-01
2.078249000000000013e+00 8.756908799999999493e-01
2.068958799999999876e+00 8.719794499999999893e-01
2.059708500000000164e+00 8.681694599999999484e-01
2.050499299999999803e+00 8.642613399999999890e-01
2.041332199999999819e+00 8.602555400000000407e-01
2.032208199999999909e+00 8.561525100000000332e-01
2.023128300000000213e+00 8.519527099999999464e-01
2.014093499999999981e+00 8.476566199999999718e-01
2.005104999999999915e+00 8.432647199999999676e-01
1.996163600000000038e+00 8.387775100000000039e-01
1.987270499999999940e+00 8.341954900000000395e-01
1.978426500000000088e+00 8.295191899999999618e-01
1.969632800000000072e+00 8.247491300000000525e-01
1.960890299999999975e+00 8.198858500000000271e-01
1.952199999999999935e+00 8.149298999999999848e-01
1.943562900000000093e+00 8.098818500000000142e-01
1.934979900000000086e+00 8.047422499999999923e-01
1.926452000000000053e+00 7.995117000000000473e-01
1.917980299999999971e+00 7.941907900000000353e-01
1.909565600000000085e+00 7.887800999999999840e-01
1.901208800000000032e+00 7.832802700000000007e-01
1.892911100000000069e+00 7.776918999999999915e-01
1.884673199999999937e+00 7.720156299999999527e-01
1.876496100000000000e+00 7.662521100000000418e-01
1.868380699999999894e+00 7.604019800000000329e-01
1.860328100000000040e+00 7.544659000000000226e-01
1.852338899999999899e+00 7.484445499999999862e-01
1.844414299999999951e+00 7.423385999999999596e-01
1.836554999999999938e+00 7.361487500000000184e-01
1.828761899999999940e+00 7.298756899999999659e-01
1.821036000000000099e+00 7.235201399999999783e-01
1.813378099999999993e+00 7.170828200000000097e-01
1.805789000000000089e+00 7.105644399999999639e-01
1.798269700000000082e+00 7.039657499999999457e-01
1.790820899999999938e+00 6.972874900000000098e-01
1.783443600000000018e+00 6.905304300000000284e-01
1.776138500000000064e+00 6.836953099999999450e-01
1.768906499999999937e+00 6.767829199999999545e-01
1.761748400000000103e+00 6.697940300000000402e-01
1.754665099999999978e+00 6.627294400000000030e-01
1.747657199999999911e+00 6.555899400000000377e-01
1.740725599999999984e+00 6.483763399999999955e-01
1.733871099999999998e+00 6.410894599999999999e-01
1.727094399999999919e+00 6.337301199999999524e-01
1.720396400000000048e+00 6.262991500000000267e-01
1.713777700000000070e+00 6.187974000000000530e-01
1.707239200000000068e+00 6.112256999999999829e-01
1.700781499999999946e+00 6.035849199999999692e-01
1.694405500000000009e+00 5.958759099999999531e-01
1.688111700000000104e+00 5.880995599999999657e-01
1.681901000000000090e+00 5.802567299999999983e-01
1.675774000000000097e+00 5.723483200000000215e-01
1.669731499999999924e+00 5.643752199999999553e-01
1.663774000000000086e+00 5.563383400000000423e-01
1.657902299999999940e+00 5.482385699999999806e-01
1.652117099999999894e+00 5.400768299999999522e-01
1.646419000000000077e+00 5.318540499999999671e-01
1.640808499999999892e+00 5.235711600000000354e-01
1.635286500000000087e+00 5.152290899999999452e-01
1.629853500000000066e+00 5.068287799999999788e-01
1.624510099999999957e+00 4.983712000000000142e-01
1.619256900000000110e+00 4.898572800000000060e-01
1.614094499999999988e+00 4.812879899999999989e-01
1.609023499999999940e+00 4.726643099999999764e-01
1.604044500000000095e+00 4.639871999999999885e-01
1.599158000000000079e+00 4.552576500000000137e-01
1.594364600000000021e+00 4.464766399999999802e-01
1.589664799999999989e+00 4.376451699999999723e-01
1.585059100000000054e+00 4.287642400000000187e-01
1.580548199999999959e+00 4.198348399999999869e-01
1.576132400000000100e+00 4.108579900000000062e-01
1.571812299999999940e+00 4.018346999999999891e-01
1.567588399999999993e+00 3.927659900000000093e-01
1.563461100000000048e+00 3.836528900000000242e-01
1.559431000000000012e+00 3.744964299999999913e-01
1.555498400000000059e+00 3.652976399999999790e-01
1.551663800000000037e+00 3.560575599999999952e-01
1.547927700000000018e+00 3.467772399999999866e-01
1.544290500000000010e+00 3.374577200000000166e-01
1.540752499999999969e+00 3.281000600000000267e-01
1.537314300000000022e+00 3.187053200000000142e-01
1.533976100000000065e+00 3.092745499999999814e-01
1.530738300000000107e+00 2.998088300000000261e-01
1.527601399999999998e+00 2.903092199999999790e-01
1.524565600000000076e+00 2.807767999999999931e-01
1.521631399999999967e+00 2.712126499999999996e-01
1.518799000000000010e+00 2.616178399999999904e-01
1.516068699999999936e+00 2.519934600000000025e-01
1.513440899999999978e+00 2.423405899999999946e-01
1.510915900000000089e+00 2.326603399999999933e-01
1.508494000000000002e+00 2.229537900000000128e-01
1.506175400000000053e+00 2.132220400000000016e-01
1.503960399999999975e+00 2.034661899999999912e-01
1.501849200000000106e+00 1.936873500000000081e-01
1.499842099999999956e+00 1.838866100000000059e-01
1.497939300000000085e+00 1.740650800000000109e-01
1.496140999999999943e+00 1.642238900000000112e-01
1.494447499999999929e+00 1.543641299999999883e-01
1.492858900000000100e+00 1.444869199999999909e-01
1.491375300000000070e+00 1.345933900000000072e-01
1.489997100000000074e+00 1.246846399999999994e-01
1.488724200000000053e+00 1.147617999999999971e-01
1.487557000000000018e+00 1.048259899999999939e-01
1.486495399999999911e+00 9.487832499999999947e-02
1.485539600000000071e+00 8.491994099999999879e-02
1.484689799999999948e+00 7.495195799999999908e-02
1.483945899999999929e+00 6.497550400000000337e-02
1.483308199999999966e+00 5.499170600000000131e-02
1.482776700000000059e+00 4.500169200000000286e-02
1.482351399999999986e+00 3.500659200000000304e-02
1.482032400000000028e+00 2.500753500000000087e-02
1.481819699999999962e+00 1.500565199999999953e-02
1.481713300000000011e+00 5.002072399999999905e-03
1.481713300000000011e+00 -5.002072399999999905e-03
1.481819699999999962e+00 -1.500565199999999953e-02
1.482032400000000028e+00 -2.500753500000000087e-02
1.482351399999999986e+00 -3.500659200000000304e-02
1.482776700000000059e+00 -4.500169200000000286e-02
1.483308199999999966e+00 -5.499170600000000131e-02
1.483945899999999929e+00 -6.497550400000000337e-02
1.484689799999999948e+00 -7.495195799999999908e-02
1.485539600000000071e+00 -8.491994099999999879e-02
1.486495399999999911e+00 -9.487832499999999947e-02
1.487557000000000018e+00 -1.048259899999999939e-01
1.488724200000000053e+00 -1.147617999999999971e-01
1.489997100000000074e+00 -1.246846399999999994e-01
1.491375300000000070e+00 -1.345933900000000072e-01
1.492858900000000100e+00 -1.444869199999999909e-01
1.494447499999999929e+00 -1.543641299999999883e-01
1.496140999999999943e+00 -1.642238900000000112e-01
1.497939300000000085e+00 -1.740650800000000109e-01
1.499842099999999956e+00 -1.838866100000000059e-01
1.501849200000000106e+00 -1.936873500000000081e-01
1.503960399999999975e+00 -2.034661899999999912e-01
1.506175400000000053e+00 -2.132220400000000016e-01
1.508494000000000002e+00 -2.229537900000000128e-01
1.510915900000000089e+00 -2.326603399999999933e-01
1.513440899999999978e+00 -2.423405899999999946e-01
1.516068699999999936e+00 -2.519934600000000025e-01
1.518799000000000010e+00 -2.616178399999999904e-01
1.521631399999999967e+00 -2.712126499999999996e-01
1.524565600000000076e+00 -2.807767999999999931e-01
1.527601399999999998e+00 -2.903092199999999790e-01
1.530738300000000107e+00 -2.998088300000000261e-01
1.533976100000000065e+00 -3.092745499999999814e-01
1.537314300000000022e+00 -3.187053200000000142e-01
1.540752499999999969e+00 -3.281000600000000267e-01
1.544290500000000010e+00 -3.374577200000000166e-01
1.547927700000000018e+00 -3.467772399999999866e-01
1.551663800000000037e+00 -3.560575599999999952e-01
1.555498400000000059e+00 -3.652976399999999790e-01
1.559431000000000012e+00 -3.744964299999999913e-01
1.563461100000000048e+00 -3.836528900000000242e-01
1.567588399999999993e+00 -3.927659900000000093e-01
1.571812299999999940e+00 -4.018346999999999891e-01
1.576132400000000100e+00 -4.108579900000000062e-01
1.580548199999999959e+00 -4.198348399999999869e-01
1.585059100000000054e+00 -4.287642400000000187e-01
1.589664799999999989e+00 -4.376451699999999723e-01
1.594364600000000021e+00 -4.464766399999999802e-01
1.599158000000000079e+00 -4.552576500000000137e-01
1.604044500000000095e+00 -4.639871999999999885e-01
1.609023499999999940e+00 -4.726643099999999764e-01
1.614094499999999988e+00 -4.812879899999999989e-01
1.619256900000000110e+00 -4.898572800000000060e-01
1.624510099999999957e+00 -4.983712000000000142e-01
1.629853500000000066e+00 -5.068287799999999788e-01
1.635286500000000087e+00 -5.152290899999999452e-01
1.640808499999999892e+00 -5.235711600000000354e-01
1.646419000000000077e+00 -5.318540499999999671e-01
1.652117099999999894e+00 -5.400768299999999522e-01
1.657902299999999940e+00 -5.482385699999999806e-01
1.663774000000000086e+00 -5.563383400000000423e-01
1.669731499999999924e+00 -5.643752199999999553e-01
1.675774000000000097e+00 -5.723483200000000215e-01
1.681901000000000090e+00 -5.802567299999999983e-01
1.688111700000000104e+00 -5.880995599999999657e-01
1.694405500000000009e+00 -5.958759099999999531e-01
1.700781499999999946e+00 -6.035849199999999692e-01
1.707239200000000068e+00 -6.112256999999999829e-01
1.713777700000000070e+00 -6.187974000000000530e-01
1.720396400000000048e+00 -6.262991500000000267e-01
1.727094399999999919e+00 -6.337301199999999524e-01
1.733871099999999998e+00 -6.410894599999999999e-01
1.740725599999999984e+00 -6.483763399999999955e-01
1.747657199999999911e+00 -6.555899400000000377e-01
1.754665099999999978e+00 -6.627294400000000030e-01
1.761748400000000103e+00 -6.697940300000000402e-01
1.768906499999999937e+00 -6.767829199999999545e-01
1.776138500000000064e+00 -6.836953099999999450e-01
1.783443600000000018e+00 -6.905304300000000284e-01
1.790820899999999938e+00 -6.972874900000000098e-01
1.798269700000000082e+00 -7.039657499999999457e-01
1.805789000000000089e+00 -7.105644399999999639e-01
1.813378099999999993e+00 -7.170828200000000097e-01
1.821036000000000099e+00 -7.235201399999999783e-01
1.828761899999999940e+00 -7.298756899999999659e-01
1.836554999999999938e+00 -7.361487500000000184e-01
1.844414299999999951e+00 -7.423385999999999596e-01
1.852338899999999899e+00 -7.484445499999999862e-01
1.860328100000000040e+00 -7.544659000000000226e-01
1.868380699999999894e+00 -7.604019800000000329e-01
1.876496100000000000e+00 -7.662521100000000418e-01
1.884673199999999937e+00 -7.720156299999999527e-01
1.892911100000000069e+00 -7.776918999999999915e-01
1.901208800000000032e+00 -7.832802700000000007e-01
1.909565600000000085e+00 -7.887800999999999840e-01
1.917980299999999971e+00 -7.941907900000000353e-01
1.926452000000000053e+00 -7.995117000000000473e-01
1.934979900000000086e+00 -8.047422499999999923e-01
1.943562900000000093e+00 -8.098818500000000142e-01
1.952199999999999935e+00 -8.149298999999999848e-01
1.960890299999999975e+00 -8.198858500000000271e-01
1.969632800000000072e+00 -8.247491300000000525e-01
1.978426500000000088e+00 -8.295191899999999618e-01
1.987270499999999940e+00 -8.341954900000000395e-01
1.996163600000000038e+00 -8.387775100000000039e-01
2.005104999999999915e+00 -8.432647199999999676e-01
2.014093499999999981e+00 -8.476566199999999718e-01
2.023128300000000213e+00 -8.519527099999999464e-01
2.032208199999999909e+00 -8.561525100000000332e-01
2.041332199999999819e+00 -8.602555400000000407e-01
2.050499299999999803e+00 -8.642613399999999890e-01
2.059708500000000164e+00 -8.681694599999999484e-01
2.068958799999999876e+00 -8.719794499999999893e-01
2.078249000000000013e+00 -8.756908799999999493e-01
2.087578199999999828e+00 -8.793033300000000496e-01
2.096945199999999954e+00 -8.828163999999999456e-01
2.106348999999999805e+00 -8.862296899999999589e-01
2.115788600000000130e+00 -8.895428100000000171e-01
2.125262900000000066e+00 -8.927553900000000375e-01
2.134770800000000079e+00 -8.958670699999999876e-01
2.144311300000000031e+00 -8.988774899999999457e-01
2.153883200000000109e+00 -9.017863099999999799e-01
2.163485500000000172e+00 -9.045931999999999862e-01
2.173117099999999802e+00 -9.072978499999999613e-01
2.182776899999999909e+00 -9.098999500000000129e-01
2.192463899999999910e+00 -9.123992100000000161e-01
2.202176800000000156e+00 -9.147953500000000071e-01
2.211914699999999900e+00 -9.170880900000000224e-01
2.221676400000000218e+00 -9.192771699999999768e-01
2.231460799999999800e+00 -9.213623499999999966e-01
2.241266899999999840e+00 -9.233433899999999861e-01
2.251093399999999800e+00 -9.252200699999999500e-01
2.260939399999999821e+00 -9.269921800000000545e-01
2.270803599999999811e+00 -9.286595100000000214e-01
2.280685000000000073e+00 -9.302218700000000062e-01
2.290582399999999907e+00 -9.316790999999999823e-01
2.300494800000000062e+00 -9.330310200000000442e-01
2.310420999999999836e+00 -9.342774900000000438e-01
2.320359900000000142e+00 -9.354183499999999540e-01
2.330310299999999835e+00 -9.364534899999999995e-01
2.340271200000000107e+00 -9.373827900000000213e-01
2.350241399999999814e+00 -9.382061400000000218e-01
2.360219799999999868e+00 -9.389234400000000536e-01
2.370205299999999848e+00 -9.395346199999999870e-01
2.380196699999999943e+00 -9.400396100000000255e-01
2.390192799999999895e+00 -9.404383499999999785e-01
2.400192699999999846e+00 -9.407307900000000389e-01
2.410195100000000146e+00 -9.409169099999999952e-01
2.420199000000000211e+00 -9.409966800000000298e-01
2.430203099999999949e+00 -9.409700899999999812e-01
2.440206299999999828e+00 -9.408371399999999607e-01
2.450207600000000152e+00 -9.405978600000000078e-01
2.460205800000000220e+00 -9.402522599999999509e-01
2.470199700000000220e+00 -9.398003900000000410e-01
2.480188300000000012e+00 -9.392422999999999744e-01
2.490170399999999784e+00 -9.385780500000000526e-01
2.500144800000000167e+00 -9.378077099999999611e-01
2.510110500000000133e+00 -9.369313799999999803e-01
2.520066299999999870e+00 -9.359491500000000075e-01
2.530011099999999846e+00 -9.348611300000000401e-01
2.539943800000000085e+00 -9.336674499999999544e-01
2.549863199999999885e+00 -9.323682300000000200e-01
2.559768200000000160e+00 -9.309636399999999812e-01
2.569657799999999881e+00 -9.294538199999999861e-01
2.579530699999999843e+00 -9.278389500000000512e-01
2.589386000000000188e+00 -9.261192099999999705e-01
2.599222399999999933e+00 -9.242947900000000327e-01
2.609038799999999991e+00 -9.223658999999999608e-01
2.618834199999999779e+00 -9.203327599999999720e-01
2.628607399999999927e+00 -9.181956000000000007e-01
2.638357300000000016e+00 -9.159546600000000316e-01
2.648082800000000070e+00 -9.136101899999999887e-01
2.657782899999999948e+00 -9.111624600000000074e-01
2.667456399999999839e+00 -9.086117400000000011e-01
2.677102300000000046e+00 -9.059583300000000339e-01
2.686719399999999869e+00 -9.032025099999999584e-01
2.696306600000000220e+00 -9.003446200000000399e-01
2.705862900000000071e+00 -8.973849600000000093e-01
2.715387199999999890e+00 -8.943238700000000208e-01
2.724878499999999981e+00 -8.911616900000000063e-01
2.734335600000000088e+00 -8.878987999999999881e-01
2.743757399999999791e+00 -8.845355499999999482e-01
2.753143000000000118e+00 -8.810723200000000199e-01
2.762491199999999925e+00 -8.775095000000000534e-01
2.771800999999999959e+00 -8.738475100000000495e-01
2.781071400000000082e+00 -8.700867399999999696e-01
2.790301200000000037e+00 -8.662276399999999654e-01
2.799489599999999800e+00 -8.622706300000000379e-01
2.808635300000000168e+00 -8.582161499999999554e-01
2.817737399999999948e+00 -8.540646800000000205e-01
2.826794800000000052e+00 -8.498166700000000517e-01
2.835806600000000177e+00 -8.454726200000000080e-01
2.844771699999999903e+00 -8.410330000000000306e-01
2.853689099999999979e+00 -8.364983200000000174e-01
2.862557699999999983e+00 -8.318690899999999777e-01
2.871376699999999893e+00 -8.271458499999999603e-01
2.880144899999999897e+00 -8.223291099999999743e-01
2.888861400000000135e+00 -8.174194299999999469e-01
2.897525299999999859e+00 -8.124173599999999773e-01
2.906135400000000146e+00 -8.073234599999999928e-01
2.914690999999999921e+00 -8.021383100000000210e-01
2.923190899999999814e+00 -7.968625000000000291e-01
2.931634299999999804e+00 -7.914966300000000343e-01
2.940020099999999914e+00 -7.860412900000000036e-01
2.948347500000000121e+00 -7.804971099999999939e-01
2.956615400000000005e+00 -7.748647100000000121e-01
2.964822999999999986e+00 -7.691447399999999934e-01
2.972969400000000206e+00 -7.633378299999999950e-01
2.981053499999999801e+00 -7.574446400000000024e-01
2.989074500000000079e+00 -7.514658400000000515e-01
2.997031499999999848e+00 -7.454020999999999564e-01
3.004923600000000139e+00 -7.392541200000000146e-01
3.012749900000000203e+00 -7.330225799999999792e-01
3.020509500000000180e+00 -7.267081899999999761e-01
3.028201500000000213e+00 -7.203116600000000203e-01
3.035825099999999832e+00 -7.138337099999999547e-01
3.043379400000000068e+00 -7.072750899999999952e-01
3.050863600000000009e+00 -7.006365199999999849e-01
3.058276699999999959e+00 -6.939187599999999678e-01
3.065618000000000176e+00 -6.871225800000000383e-01
3.072886599999999913e+00 -6.802487200000000289e-01
3.080081799999999870e+00 -6.732979900000000129e-01
3.087202599999999908e+00 -6.662711500000000342e-01
3.094248400000000121e+00 -6.591690000000000049e-01
3.101218199999999925e+00 -6.519923499999999983e-01
3.108111399999999858e+00 -6.447420099999999765e-01
3.114926999999999779e+00 -6.374187999999999521e-01
3.121664500000000064e+00 -6.300235400000000485e-01
3.128322900000000129e+00 -6.225570700000000457e-01
3.134901600000000066e+00 -6.150202399999999958e-01
3.141399799999999853e+00 -6.074138900000000119e-01
3.147816699999999912e+00 -5.997388900000000245e-01
3.154151699999999892e+00 -5.919961000000000251e-01
3.160404000000000213e+00 -5.841863999999999946e-01
3.166573000000000082e+00 -5.763106700000000249e-01
3.172657800000000083e+00 -5.683698000000000361e-01
3.178657900000000147e+00 -5.603647000000000489e-01
3.184572600000000087e+00 -5.522962500000000441e-01
3.190401099999999879e+00 -5.441653899999999711e-01
3.196142899999999898e+00 -5.359730099999999720e-01
3.201797299999999957e+00 -5.277200600000000463e-01
3.207363599999999870e+00 -5.194074600000000430e-01
3.212841200000000175e+00 -5.110361599999999616e-01
3.218229500000000076e+00 -5.026070900000000341e-01
3.223527799999999832e+00 -4.941212200000000276e-01
3.228735700000000097e+00 -4.855794900000000025e-01
3.233852499999999797e+00 -4.769828899999999927e-01
3.238877500000000076e+00 -4.683323699999999978e-01
3.243810400000000094e+00 -4.596289199999999964e-01
3.248650399999999827e+00 -4.508735200000000276e-01
3.253397099999999931e+00 -4.420671500000000198e-01
3.258049900000000054e+00 -4.332108199999999965e-01
3.262608199999999847e+00 -4.243055299999999863e-01
3.267071599999999965e+00 -4.153522800000000181e-01
3.271439599999999892e+00 -4.063520800000000044e-01
3.275711700000000004e+00 -3.973059600000000136e-01
3.279887399999999786e+00 -3.882149300000000136e-01
3.283966100000000221e+00 -3.790800200000000175e-01
3.287947500000000023e+00 -3.699022599999999827e-01
3.291831199999999846e+00 -3.606827000000000227e-01
3.295616599999999785e+00 -3.514223699999999839e-01
3.299303300000000050e+00 -3.421223099999999850e-01
3.302890899999999963e+00 -3.327835900000000180e-01
3.306379100000000015e+00 -3.234072599999999742e-01
3.309767400000000137e+00 -3.139943700000000226e-01
3.313055400000000095e+00 -3.045459899999999887e-01
3.316242799999999935e+00 -2.950632000000000255e-01
3.319329199999999869e+00 -2.855470500000000245e-01
3.322314200000000106e+00 -2.759986199999999723e-01
3.325197600000000087e+00 -2.664190000000000169e-01
3.327979000000000021e+00 -2.568092699999999784e-01
3.330658000000000118e+00 -2.471705200000000047e-01
3.333234399999999820e+00 -2.375038200000000044e-01
3.335707900000000059e+00 -2.278102800000000039e-01
3.338078199999999995e+00 -2.180910000000000071e-01
3.340345099999999956e+00 -2.083470600000000006e-01
3.342508200000000151e+00 -1.985795700000000108e-01
3.344567399999999857e+00 -1.887896400000000086e-01
3.346522400000000008e+00 -1.789783699999999977e-01
3.348372900000000207e+00 -1.691468799999999995e-01
3.350118800000000174e+00 -1.592962599999999951e-01
3.351759899999999792e+00 -1.494276400000000005e-01
3.353295999999999832e+00 -1.395421299999999865e-01
3.354727000000000015e+00 -1.296408500000000019e-01
3.356052500000000105e+00 -1.197249100000000038e-01
3.357272599999999940e+00 -1.097954399999999942e-01
3.358387099999999847e+00 -9.985356600000000471e-02
3.359395699999999874e+00 -8.990040300000000373e-02
3.360298600000000135e+00 -7.993707899999999422e-02
3.361095399999999955e+00 -6.996471999999999414e-02
3.361786200000000058e+00 -5.998445200000000060e-02
3.362370799999999882e+00 -4.999740500000000171e-02
3.362849300000000152e+00 -4.000470700000000046e-02
3.363221400000000028e+00 -3.000748699999999936e-02
3.363487300000000069e+00 -2.000687599999999983e-02
3.363646800000000159e+00 -1.000400299999999916e-02
