# Cls = PFC
# Exp = WEST
# Name = VDEV0
4.000000000000000000e+00 2.400000000000000000e+01
2.766000000000000014e+00 7.491999999999999771e-01
2.766000000000000014e+00 8.511999999999999567e-01
2.455999999999999961e+00 8.511999999999999567e-01
2.455999999999999961e+00 7.491999999999999771e-01
2.783841192613706883e-01 4.458062045193411649e-02
4.197475815363611584e-01 4.458062045193411649e-02
6.274499696602365839e-01 4.458062045193411649e-02
7.688134319352269985e-01 4.458062045193411649e-02
1.325581670457968375e+00 4.458062045193411649e-02
1.466945132732958790e+00 4.458062045193411649e-02
1.674647520856834326e+00 4.458062045193411649e-02
1.816010983131824741e+00 4.458062045193411649e-02
2.372779221654566228e+00 4.458062045193411649e-02
2.514142683929556199e+00 4.458062045193411649e-02
2.721845072053431736e+00 4.458062045193411649e-02
2.863208534328422594e+00 4.458062045193411649e-02
-2.863208534328423038e+00 4.458062045193411649e-02
-2.721845072053432180e+00 4.458062045193411649e-02
-2.514142683929557531e+00 4.458062045193411649e-02
-2.372779221654566673e+00 4.458062045193411649e-02
-1.816010983131824519e+00 4.458062045193500467e-02
-1.674647520856834548e+00 4.458062045193500467e-02
-1.466945132732959012e+00 4.458062045193500467e-02
-1.325581670457969041e+00 4.458062045193500467e-02
-7.688134319352272206e-01 4.458062045193500467e-02
-6.274499696602371390e-01 4.458062045193500467e-02
-4.197475815363607698e-01 4.458062045193500467e-02
-2.783841192613707993e-01 4.458062045193500467e-02
