# Cls = Ves
# Exp = KSTAR
# Name = V0
2.600000000000000000e+01 0.000000000000000000e+00
1.264999999999999902e+00 1.084999999999999964e+00
1.264999999999999902e+00 -1.084999999999999964e+00
1.608000000000000096e+00 -1.429000000000000048e+00
1.683000000000000052e+00 -1.431000000000000050e+00
1.631000000000000005e+00 -1.326000000000000068e+00
1.578000000000000069e+00 -1.320000000000000062e+00
1.592999999999999972e+00 -1.153000000000000025e+00
1.625999999999999890e+00 -1.090000000000000080e+00
2.005999999999999783e+00 -7.730000000000000204e-01
2.233000000000000096e+00 -4.440000000000000058e-01
2.234999999999999876e+00 -3.689999999999999947e-01
2.262999999999999901e+00 -3.099999999999999978e-01
2.298000000000000043e+00 -1.890000000000000013e-01
2.315999999999999837e+00 -6.199999999999999956e-02
2.315999999999999837e+00 6.199999999999999956e-02
2.298000000000000043e+00 1.890000000000000013e-01
2.262999999999999901e+00 3.099999999999999978e-01
2.234999999999999876e+00 3.689999999999999947e-01
2.233000000000000096e+00 4.440000000000000058e-01
2.005999999999999783e+00 7.730000000000000204e-01
1.625999999999999890e+00 1.090000000000000080e+00
1.592999999999999972e+00 1.153000000000000025e+00
1.578000000000000069e+00 1.320000000000000062e+00
1.631000000000000005e+00 1.326000000000000068e+00
1.683000000000000052e+00 1.431000000000000050e+00
1.608000000000000096e+00 1.429000000000000048e+00
