# Cls = Ves
# Exp = TOMAS
# Name = vessel
2.000000000000000000e+02 0.000000000000000000e+00
1.040000000000000036e+00 0.000000000000000000e+00
1.039871705695090132e+00 8.166797360313355486e-03
1.039486949391350556e+00 1.632553507762147735e-02
1.038846110796800781e+00 2.446816146281372700e-02
1.037949822341764250e+00 3.258664072671910855e-02
1.036798968554735856e+00 4.067296091046002787e-02
1.035394685189459096e+00 4.871914179228840208e-02
1.033738358104074440e+00 5.671724276310106949e-02
1.031831621893444240e+00 6.465937066286224499e-02
1.029676358276005121e+00 7.253768757019961322e-02
1.027274694236739894e+00 8.034441853748632012e-02
1.024628999928098638e+00 8.807185926377576746e-02
1.021741886330945315e+00 9.571238369801628176e-02
1.018616202677835147e+00 1.032584515650429580e-01
1.015255033641165205e+00 1.107026158069189109e-01
1.011661696288975731e+00 1.180375299322821703e-01
1.007839736811404485e+00 1.252559552664459785e-01
1.003792927021025294e+00 1.323507680950965493e-01
9.995252606305239373e-01 1.393149666945391330e-01
9.950409493113860915e-01 1.461416782415539684e-01
9.903444185374863373e-01 1.528241655960430323e-01
9.854403032176795030e-01 1.593558339497739007e-01
9.803334431217052281e-01 1.657302373346593305e-01
9.750288781039195829e-01 1.719410849841494782e-01
9.695318431295669726e-01 1.779822475414590821e-01
9.638477631085023978e-01 1.838477631085023711e-01
9.579822475414591088e-01 1.895318431295670014e-01
9.519410849841495326e-01 1.950288781039195007e-01
9.457302373346593294e-01 2.003334431217052014e-01
9.393558339497739551e-01 2.054403032176795041e-01
9.328241655960430867e-01 2.103444185374863384e-01
9.261416782415540228e-01 2.150409493113860926e-01
9.193149666945391596e-01 2.195252606305239385e-01
9.123507680950966314e-01 2.237929270210253507e-01
9.052559552664459774e-01 2.278397368114045696e-01
8.980375299322822524e-01 2.316616962889756215e-01
8.907026158069188959e-01 2.352550336411650955e-01
8.832584515650430124e-01 2.386162026778350931e-01
8.757123836980162945e-01 2.417418863309453991e-01
8.680718592637757247e-01 2.446289999280986671e-01
8.603444185374863329e-01 2.472746942367399225e-01
8.525376875701996537e-01 2.496763582760052058e-01
8.446593706628622300e-01 2.518316218934441020e-01
8.367172427631011100e-01 2.537383581040743574e-01
8.287191417922884495e-01 2.553946851894590697e-01
8.206729609104600476e-01 2.567989685547358292e-01
8.125866407267191560e-01 2.579498223417642788e-01
8.044681614628137467e-01 2.588461107968008101e-01
7.963255350776214936e-01 2.594869493913506409e-01
7.881667973603133648e-01 2.598717056950902160e-01
7.800000000000000266e-01 2.600000000000000089e-01
7.718332026396866885e-01 2.598717056950902160e-01
7.636744649223785597e-01 2.594869493913506409e-01
7.555318385371863066e-01 2.588461107968008101e-01
7.474133592732808973e-01 2.579498223417642233e-01
7.393270390895400057e-01 2.567989685547357737e-01
7.312808582077116037e-01 2.553946851894590697e-01
7.232827572368989433e-01 2.537383581040743574e-01
7.153406293371378233e-01 2.518316218934441020e-01
7.074623124298003995e-01 2.496763582760052058e-01
6.996555814625136094e-01 2.472746942367399225e-01
6.919281407362242176e-01 2.446289999280986116e-01
6.842876163019837588e-01 2.417418863309453714e-01
6.767415484349570409e-01 2.386162026778350931e-01
6.692973841930811574e-01 2.352550336411650678e-01
6.619624700677179119e-01 2.316616962889756492e-01
6.547440447335539648e-01 2.278397368114045141e-01
6.476492319049034219e-01 2.237929270210253507e-01
6.406850333054608937e-01 2.195252606305239107e-01
6.338583217584460305e-01 2.150409493113860926e-01
6.271758344039570776e-01 2.103444185374863384e-01
6.206441660502260982e-01 2.054403032176794763e-01
6.142697626653407239e-01 2.003334431217052014e-01
6.080589150158505207e-01 1.950288781039194452e-01
6.020177524585409445e-01 1.895318431295670014e-01
5.961522368914976555e-01 1.838477631085023711e-01
5.904681568704329697e-01 1.779822475414590266e-01
5.849711218960804704e-01 1.719410849841494782e-01
5.796665568782948252e-01 1.657302373346592750e-01
5.745596967823205503e-01 1.593558339497738729e-01
5.696555814625137160e-01 1.528241655960430601e-01
5.649590506886139618e-01 1.461416782415539406e-01
5.604747393694761159e-01 1.393149666945391330e-01
5.562070729789746482e-01 1.323507680950964938e-01
5.521602631885954571e-01 1.252559552664459508e-01
5.483383037110243219e-01 1.180375299322820870e-01
5.447449663588349589e-01 1.107026158069188554e-01
5.413837973221649058e-01 1.032584515650429580e-01
5.382581136690546275e-01 9.571238369801619850e-02
5.353710000719014150e-01 8.807185926377573970e-02
5.327253057632600486e-01 8.034441853748625073e-02
5.303236417239948208e-01 7.253768757019957159e-02
5.281683781065559247e-01 6.465937066286224499e-02
5.262616418959256137e-01 5.671724276310100704e-02
5.246053148105409569e-01 4.871914179228838127e-02
5.232010314452641975e-01 4.067296091045993767e-02
5.220501776582358033e-01 3.258664072671906692e-02
5.211538892031992720e-01 2.446816146281373394e-02
5.205130506086493858e-01 1.632553507762141490e-02
5.201282943049098106e-01 8.166797360313343343e-03
5.200000000000000178e-01 -8.362237778318510964e-17
5.201282943049098106e-01 -8.166797360313391915e-03
5.205130506086493858e-01 -1.632553507762146694e-02
5.211538892031992720e-01 -2.446816146281378251e-02
5.220501776582358033e-01 -3.258664072671912243e-02
5.232010314452641975e-01 -4.067296091046011114e-02
5.246053148105409569e-01 -4.871914179228844372e-02
5.262616418959256137e-01 -5.671724276310105561e-02
5.281683781065559247e-01 -6.465937066286230051e-02
5.303236417239948208e-01 -7.253768757019962710e-02
5.327253057632601596e-01 -8.034441853748641726e-02
5.353710000719014150e-01 -8.807185926377579521e-02
5.382581136690547385e-01 -9.571238369801637891e-02
5.413837973221649058e-01 -1.032584515650430274e-01
5.447449663588349589e-01 -1.107026158069189109e-01
5.483383037110244329e-01 -1.180375299322822397e-01
5.521602631885955681e-01 -1.252559552664460063e-01
5.562070729789747592e-01 -1.323507680950966325e-01
5.604747393694761159e-01 -1.393149666945391607e-01
5.649590506886139618e-01 -1.461416782415539684e-01
5.696555814625137160e-01 -1.528241655960430878e-01
5.745596967823205503e-01 -1.593558339497739285e-01
5.796665568782948252e-01 -1.657302373346593860e-01
5.849711218960805814e-01 -1.719410849841495337e-01
5.904681568704330807e-01 -1.779822475414590821e-01
5.961522368914977665e-01 -1.838477631085023989e-01
6.020177524585409445e-01 -1.895318431295670014e-01
6.080589150158506317e-01 -1.950288781039195563e-01
6.142697626653407239e-01 -2.003334431217052292e-01
6.206441660502260982e-01 -2.054403032176795041e-01
6.271758344039569666e-01 -2.103444185374863107e-01
6.338583217584461416e-01 -2.150409493113861759e-01
6.406850333054610047e-01 -2.195252606305239940e-01
6.476492319049035329e-01 -2.237929270210253785e-01
6.547440447335540759e-01 -2.278397368114045418e-01
6.619624700677178009e-01 -2.316616962889756215e-01
6.692973841930812684e-01 -2.352550336411651510e-01
6.767415484349571519e-01 -2.386162026778351208e-01
6.842876163019837588e-01 -2.417418863309453991e-01
6.919281407362243286e-01 -2.446289999280986394e-01
6.996555814625136094e-01 -2.472746942367399225e-01
7.074623124298005106e-01 -2.496763582760052336e-01
7.153406293371378233e-01 -2.518316218934441020e-01
7.232827572368989433e-01 -2.537383581040743574e-01
7.312808582077116037e-01 -2.553946851894590697e-01
7.393270390895398947e-01 -2.567989685547357737e-01
7.474133592732810083e-01 -2.579498223417642788e-01
7.555318385371864176e-01 -2.588461107968008101e-01
7.636744649223785597e-01 -2.594869493913506409e-01
7.718332026396866885e-01 -2.598717056950902160e-01
7.800000000000000266e-01 -2.600000000000000089e-01
7.881667973603134758e-01 -2.598717056950902160e-01
7.963255350776216046e-01 -2.594869493913506409e-01
8.044681614628137467e-01 -2.588461107968008101e-01
8.125866407267191560e-01 -2.579498223417642788e-01
8.206729609104600476e-01 -2.567989685547358292e-01
8.287191417922885606e-01 -2.553946851894590697e-01
8.367172427631012210e-01 -2.537383581040743019e-01
8.446593706628623410e-01 -2.518316218934441020e-01
8.525376875701996537e-01 -2.496763582760052058e-01
8.603444185374863329e-01 -2.472746942367399503e-01
8.680718592637759468e-01 -2.446289999280986116e-01
8.757123836980164056e-01 -2.417418863309453159e-01
8.832584515650430124e-01 -2.386162026778350653e-01
8.907026158069188959e-01 -2.352550336411650955e-01
8.980375299322823635e-01 -2.316616962889755660e-01
9.052559552664460885e-01 -2.278397368114044863e-01
9.123507680950966314e-01 -2.237929270210252952e-01
9.193149666945391596e-01 -2.195252606305239385e-01
9.261416782415540228e-01 -2.150409493113860926e-01
9.328241655960431977e-01 -2.103444185374862274e-01
9.393558339497740661e-01 -2.054403032176794208e-01
9.457302373346594404e-01 -2.003334431217051459e-01
9.519410849841495326e-01 -1.950288781039194730e-01
9.579822475414591088e-01 -1.895318431295670014e-01
9.638477631085025088e-01 -1.838477631085022324e-01
9.695318431295670836e-01 -1.779822475414589711e-01
9.750288781039195829e-01 -1.719410849841494227e-01
9.803334431217052281e-01 -1.657302373346593027e-01
9.854403032176795030e-01 -1.593558339497739007e-01
9.903444185374864484e-01 -1.528241655960428658e-01
9.950409493113862025e-01 -1.461416782415538296e-01
9.995252606305240484e-01 -1.393149666945390497e-01
1.003792927021025516e+00 -1.323507680950965215e-01
1.007839736811404485e+00 -1.252559552664459785e-01
1.011661696288975731e+00 -1.180375299322820176e-01
1.015255033641165205e+00 -1.107026158069187860e-01
1.018616202677835147e+00 -1.032584515650428747e-01
1.021741886330945537e+00 -9.571238369801624013e-02
1.024628999928098638e+00 -8.807185926377576746e-02
1.027274694236739894e+00 -8.034441853748616746e-02
1.029676358276005343e+00 -7.253768757019948832e-02
1.031831621893444240e+00 -6.465937066286217560e-02
1.033738358104074440e+00 -5.671724276310104174e-02
1.035394685189459096e+00 -4.871914179228842290e-02
1.036798968554735856e+00 -4.067296091045986134e-02
1.037949822341764250e+00 -3.258664072671898365e-02
1.038846110796800781e+00 -2.446816146281365068e-02
1.039486949391350556e+00 -1.632553507762144959e-02
1.039871705695090132e+00 -8.166797360313372833e-03
