# Cls = CoilPF
# Exp = TCV
# Name = B03A2
1.600000000000000000e+01 0.000000000000000000e+00
8.300119169873815261e-01 -7.699999809265136719e-01
8.300119169873815261e-01 -7.900000214576721191e-01
8.453378458282332364e-01 -7.900000214576721191e-01
8.614730522377622712e-01 -7.900000214576721191e-01
8.776082586472913061e-01 -7.900000214576721191e-01
8.937434650568204519e-01 -7.900000214576721191e-01
9.098786714663494868e-01 -7.900000214576721191e-01
9.260138778758790767e-01 -7.900000214576721191e-01
9.299879678372524605e-01 -7.900000214576721191e-01
9.299879678372524605e-01 -7.699999809265136719e-01
9.231221846707229339e-01 -7.699999809265136719e-01
9.074788320499805883e-01 -7.699999809265136719e-01
8.918354794292386867e-01 -7.699999809265136719e-01
8.761921268084968961e-01 -7.699999809265136719e-01
8.605487741877549945e-01 -7.699999809265136719e-01
8.449054215670132040e-01 -7.699999809265136719e-01
