# Cls = Ves
# Exp = SPARC
# Name = CoilTFOuter
7.300000000000000000e+01 0.000000000000000000e+00
7.356321971798158721e-01 1.246942699389890219e+00
7.374004680210942686e-01 -1.254014908916503135e+00
7.427055238248628788e-01 -1.341535253633539426e+00
7.595047705152851991e-01 -1.443200054825969580e+00
7.922192220446958588e-01 -1.548401250803500773e+00
8.417329202645286168e-01 -1.658022566040737722e+00
8.965516742881302070e-01 -1.753499237691745982e+00
9.531387552945332908e-01 -1.827758850407993130e+00
1.031830138795127194e+00 -1.911742987450763209e+00
1.122015844179262256e+00 -1.986886511752449458e+00
1.229000796253819416e+00 -2.053189797534724192e+00
1.344827514239271604e+00 -2.101812232056504470e+00
1.465959269314651259e+00 -2.139826043555485668e+00
1.550839862753494280e+00 -2.153086588445439098e+00
1.639257241154827849e+00 -2.161043102490246781e+00
1.737400614456900527e+00 -2.159274905097695374e+00
1.852343084738667045e+00 -2.152202676859998220e+00
1.984084782997014962e+00 -2.134521825599503764e+00
2.113174168562650834e+00 -2.109768558990475995e+00
2.231653367665384469e+00 -2.077943064143751961e+00
2.344827567105872479e+00 -2.039045153948495503e+00
2.494252909469056423e+00 -1.978930184818477933e+00
2.658709021829132269e+00 -1.893178037493992605e+00
2.793987636046857848e+00 -1.808309801754947266e+00
2.922192792622649193e+00 -1.712833317214774276e+00
3.060123719533086817e+00 -1.592603378954739135e+00
3.191865604929844835e+00 -1.452924579152492512e+00
3.266136161616514766e+00 -1.362752125457465713e+00
3.359858446110888686e+00 -1.231913751285467207e+00
3.450044188922705590e+00 -1.083394525852972912e+00
3.526967245440498111e+00 -9.331072901387638119e-01
3.585322616002020624e+00 -7.828200544245542680e-01
3.631299716397773825e+00 -6.528657789488305774e-01
3.683465858307205743e+00 -4.433474856900434524e-01
3.710875272746688935e+00 -2.753793987153385636e-01
3.722369501061024710e+00 -1.445410245433400576e-01
3.726790458871836798e+00 5.260063541093318307e-02
3.714412001567656496e+00 2.435539787129497036e-01
3.687002587128173303e+00 4.318550259261404456e-01
3.663129901509658115e+00 5.352880245111211188e-01
3.614500301282782324e+00 7.041403972929360933e-01
3.557913388700948865e+00 8.579638219703280555e-01
3.488947831676524558e+00 1.008251113817788092e+00
3.414677274989854627e+00 1.141741578256693979e+00
3.328912489988848922e+00 1.276116141391875347e+00
3.194518104760968313e+00 1.450272601152087226e+00
3.068965448016300002e+00 1.581995036598194293e+00
2.958443748406934581e+00 1.681007859790218051e+00
2.858532235260470955e+00 1.760571690462446437e+00
2.778956678911555400e+00 1.815382348081065356e+00
2.627763065707093393e+00 1.912627104858123150e+00
2.468611765870852182e+00 1.988654783989336039e+00
2.325375839298168934e+00 2.045233526734004492e+00
2.183907996428353204e+00 2.091203796144542437e+00
2.029177654402923636e+00 2.124797413539483149e+00
1.883289040860706809e+00 2.147782538889210446e+00
1.838196356593209124e+00 2.152202751704334283e+00
1.797524255859701547e+00 2.153970761986049975e+00
1.704686031930602752e+00 2.158390974801173812e+00
1.607426999901421016e+00 2.156622964519458119e+00
1.531388060090426162e+00 2.150434666578284748e+00
1.396993712290227396e+00 2.120377200724359312e+00
1.299734680261045217e+00 2.083247413077319532e+00
1.209548993590751298e+00 2.041697393904072122e+00
1.129089226965832360e+00 1.986886717574370076e+00
1.053934497430841777e+00 1.928539889703652310e+00
9.982315892727596784e-01 1.876381322351940995e+00
9.248451867205703669e-01 1.792397278864588550e+00
8.629530686242395943e-01 1.696036564650555523e+00
8.081343146006380040e-01 1.589067377102392431e+00
7.763040733472307275e-01 1.493590705451384171e+00
7.550839437013611155e-01 1.415794941194121748e+00
7.427055238248631008e-01 1.341535347188958394e+00
