# Cls = CoilPF
# Exp = TCV
# Name = T03A2
1.600000000000000000e+01 0.000000000000000000e+00
9.299880385506295033e-01 7.699999809265136719e-01
9.299880385506295033e-01 7.900000214576721191e-01
9.260139314551567580e-01 7.900000214576721191e-01
9.098787250456276121e-01 7.900000214576721191e-01
8.937435186360984662e-01 7.900000214576721191e-01
8.776083122265693204e-01 7.900000214576721191e-01
8.614731058170401745e-01 7.900000214576721191e-01
8.453378994075111397e-01 7.900000214576721191e-01
8.300119877007582359e-01 7.900000214576721191e-01
8.300119877007582359e-01 7.699999809265136719e-01
8.449055723473827273e-01 7.699999809265136719e-01
8.605489249681245179e-01 7.699999809265136719e-01
8.761922775888665305e-01 7.699999809265136719e-01
8.918356302096083210e-01 7.699999809265136719e-01
9.074789828303503336e-01 7.699999809265136719e-01
9.231223354510921242e-01 7.699999809265136719e-01
