# Cls = PFC
# Exp = ITER
# Name = Div1
7.600000000000000000e+01 5.400000000000000000e+01
3.934499999999999886e+00 -2.540000000000000036e+00
3.746599999999999930e+00 -2.539600000000000080e+00
3.747500000000000053e+00 -2.642500000000000071e+00
3.824399999999999800e+00 -2.706999999999999851e+00
4.058699999999999974e+00 -2.706999999999999851e+00
4.076699999999999768e+00 -2.709099999999999842e+00
4.093799999999999883e+00 -2.715100000000000069e+00
4.108999999999999986e+00 -2.724800000000000111e+00
4.121699999999999697e+00 -2.737699999999999800e+00
4.131199999999999761e+00 -2.753200000000000092e+00
4.273500000000000298e+00 -3.057799999999999851e+00
4.284699999999999953e+00 -3.085300000000000153e+00
4.293099999999999916e+00 -3.113700000000000134e+00
4.298700000000000188e+00 -3.142799999999999816e+00
4.301400000000000112e+00 -3.172400000000000109e+00
4.301099999999999923e+00 -3.201999999999999957e+00
4.297900000000000276e+00 -3.231500000000000039e+00
4.291800000000000281e+00 -3.260499999999999954e+00
4.282899999999999707e+00 -3.288800000000000168e+00
4.271300000000000097e+00 -3.316100000000000048e+00
4.040700000000000180e+00 -3.788800000000000168e+00
4.067599999999999660e+00 -3.880199999999999871e+00
4.116500000000000270e+00 -3.904100000000000126e+00
4.139100000000000001e+00 -3.896700000000000053e+00
4.164299999999999891e+00 -3.908999999999999808e+00
4.468799999999999883e+00 -3.284800000000000164e+00
4.477699999999999569e+00 -3.265499999999999847e+00
4.485800000000000232e+00 -3.245800000000000018e+00
4.493100000000000094e+00 -3.225800000000000001e+00
4.499600000000000044e+00 -3.205600000000000005e+00
4.505200000000000315e+00 -3.185000000000000053e+00
4.509999999999999787e+00 -3.164299999999999891e+00
4.513899999999999579e+00 -3.143400000000000194e+00
4.517000000000000348e+00 -3.122300000000000075e+00
4.519199999999999662e+00 -3.101199999999999957e+00
4.520500000000000185e+00 -3.079899999999999860e+00
4.520900000000000141e+00 -3.058600000000000207e+00
4.520400000000000418e+00 -3.037399999999999878e+00
4.519099999999999895e+00 -3.016099999999999781e+00
4.516899999999999693e+00 -2.995000000000000107e+00
4.513799999999999812e+00 -2.973899999999999988e+00
4.509900000000000020e+00 -2.952999999999999847e+00
4.505099999999999660e+00 -2.932300000000000129e+00
4.499399999999999622e+00 -2.911700000000000177e+00
4.492899999999999672e+00 -2.891500000000000181e+00
4.485500000000000043e+00 -2.871500000000000163e+00
4.477400000000000269e+00 -2.851799999999999891e+00
4.468399999999999928e+00 -2.832500000000000018e+00
4.458700000000000330e+00 -2.813600000000000101e+00
4.448199999999999932e+00 -2.795100000000000140e+00
4.436899999999999622e+00 -2.777099999999999902e+00
4.424900000000000055e+00 -2.759500000000000064e+00
4.412099999999999689e+00 -2.742500000000000160e+00
4.398699999999999832e+00 -2.725900000000000212e+00
4.384599999999999831e+00 -2.709999999999999964e+00
4.369900000000000340e+00 -2.694599999999999884e+00
4.354499999999999815e+00 -2.679899999999999949e+00
4.338599999999999568e+00 -2.665799999999999947e+00
4.322000000000000064e+00 -2.652400000000000091e+00
4.304999999999999716e+00 -2.639699999999999935e+00
4.287399999999999878e+00 -2.627699999999999925e+00
4.269400000000000084e+00 -2.616400000000000059e+00
4.250799999999999912e+00 -2.605900000000000105e+00
4.231900000000000439e+00 -2.596200000000000063e+00
4.212600000000000122e+00 -2.587200000000000166e+00
4.192899999999999849e+00 -2.579099999999999948e+00
4.173000000000000043e+00 -2.571800000000000086e+00
4.152700000000000280e+00 -2.565300000000000136e+00
4.132200000000000095e+00 -2.559600000000000097e+00
4.111399999999999721e+00 -2.554899999999999949e+00
4.090499999999999581e+00 -2.550899999999999945e+00
4.069499999999999673e+00 -2.547899999999999832e+00
4.048300000000000232e+00 -2.545700000000000074e+00
4.027099999999999902e+00 -2.544299999999999784e+00
4.005799999999999805e+00 -2.543899999999999828e+00
3.962000000000000188e+00 -2.543899999999999828e+00
0.000000000000000000e+00 1.125165239546620788e-01
1.163552834662886365e-01 1.125165239546620788e-01
2.327105669325772730e-01 1.125165239546620788e-01
3.490658503988658956e-01 1.125165239546620788e-01
4.654211338651545460e-01 1.125165239546620788e-01
5.817764173314431408e-01 1.125165239546620788e-01
6.981317007977317912e-01 1.125165239546620788e-01
8.144869842640204416e-01 1.125165239546620788e-01
9.308422677303090920e-01 1.125165239546620788e-01
1.047197551196597631e+00 1.125165239546620788e-01
1.163552834662886282e+00 1.125165239546620788e-01
1.279908118129174932e+00 1.125165239546620788e-01
1.396263401595463582e+00 1.125165239546620788e-01
1.512618685061752233e+00 1.125165239546620788e-01
1.628973968528040883e+00 1.125165239546620788e-01
1.745329251994329534e+00 1.125165239546620788e-01
1.861684535460618184e+00 1.125165239546620788e-01
1.978039818926906834e+00 1.125165239546620788e-01
2.094395102393195263e+00 1.125165239546620788e-01
2.210750385859483913e+00 1.125165239546620788e-01
2.327105669325772563e+00 1.125165239546620788e-01
2.443460952792061214e+00 1.125165239546620788e-01
2.559816236258349864e+00 1.125165239546620788e-01
2.676171519724638515e+00 1.125165239546620788e-01
2.792526803190927165e+00 1.125165239546620788e-01
2.908882086657215815e+00 1.125165239546620788e-01
3.025237370123504466e+00 1.125165239546620788e-01
3.141592653589793116e+00 1.125165239546620788e-01
-3.025237370123504910e+00 1.125165239546620788e-01
-2.908882086657216259e+00 1.125165239546620788e-01
-2.792526803190927609e+00 1.125165239546620788e-01
-2.676171519724638959e+00 1.125165239546620788e-01
-2.559816236258350308e+00 1.125165239546620788e-01
-2.443460952792061658e+00 1.125165239546620788e-01
-2.327105669325773007e+00 1.125165239546620788e-01
-2.210750385859484357e+00 1.125165239546620788e-01
-2.094395102393196151e+00 1.125165239546620788e-01
-1.978039818926906834e+00 1.125165239546620788e-01
-1.861684535460618628e+00 1.125165239546620788e-01
-1.745329251994329534e+00 1.125165239546620788e-01
-1.628973968528041327e+00 1.125165239546620788e-01
-1.512618685061752233e+00 1.125165239546620788e-01
-1.396263401595464027e+00 1.125165239546620788e-01
-1.279908118129174932e+00 1.125165239546620788e-01
-1.163552834662886726e+00 1.125165239546620788e-01
-1.047197551196597631e+00 1.125165239546620788e-01
-9.308422677303094250e-01 1.125165239546620788e-01
-8.144869842640203306e-01 1.125165239546620788e-01
-6.981317007977322353e-01 1.125165239546620788e-01
-5.817764173314430298e-01 1.125165239546620788e-01
-4.654211338651548235e-01 1.125165239546620788e-01
-3.490658503988657846e-01 1.125165239546620788e-01
-2.327105669325775505e-01 1.125165239546620788e-01
-1.163552834662884422e-01 1.125165239546620788e-01
