# Cls = Ves
# Exp = COMPASS
# Name = V0
2.310000000000000000e+02 0.000000000000000000e+00
7.714999914169311523e-01 0.000000000000000000e+00
7.713735103607177734e-01 7.486086338758468628e-03
7.709938883781433105e-01 1.496391557157039642e-02
7.703619003295898438e-01 2.242523804306983948e-02
7.694777846336364746e-01 2.986181341111660004e-02
7.683426737785339355e-01 3.726541996002197266e-02
7.669575810432434082e-01 4.462786763906478882e-02
7.653238773345947266e-01 5.194098502397537231e-02
7.634431719779968262e-01 5.919663980603218079e-02
7.613418102264404297e-01 6.639464944601058960e-02
7.591202259063720703e-01 7.356572896242141724e-02
7.567886114120483398e-01 8.071980625391006470e-02
7.543438076972961426e-01 8.786311745643615723e-02
7.517824769020080566e-01 9.500175714492797852e-02
7.491006255149841309e-01 1.021417006850242615e-01
7.462937235832214355e-01 1.092887967824935913e-01
7.433568835258483887e-01 1.164487004280090332e-01
7.402846813201904297e-01 1.236270964145660400e-01
7.370712161064147949e-01 1.308293938636779785e-01
7.337096929550170898e-01 1.380607932806015015e-01
7.301931977272033691e-01 1.453263014554977417e-01
7.265139222145080566e-01 1.526309996843338013e-01
7.226635217666625977e-01 1.599794030189514160e-01
7.186329960823059082e-01 1.673759073019027710e-01
7.144126892089843750e-01 1.748245954513549805e-01
7.099922895431518555e-01 1.823291927576065063e-01
7.053607702255249023e-01 1.898930966854095459e-01
7.005060911178588867e-01 1.975191980600357056e-01
6.954159140586853027e-01 2.052100002765655518e-01
6.900765895843505859e-01 2.129670977592468262e-01
6.844741702079772949e-01 2.207916975021362305e-01
6.785935759544372559e-01 2.286842018365859985e-01
6.724190115928649902e-01 2.366441041231155396e-01
6.659340262413024902e-01 2.446697950363159180e-01
6.664665937423706055e-01 2.709394097328186035e-01
6.587154865264892578e-01 2.794610857963562012e-01
6.505823731422424316e-01 2.880172133445739746e-01
6.420484781265258789e-01 2.965993881225585938e-01
6.330943107604980469e-01 3.051976859569549561e-01
6.236984133720397949e-01 3.137913048267364502e-01
6.102982759475708008e-01 3.022697865962982178e-01
6.006125211715698242e-01 3.103187978267669678e-01
5.904244780540466309e-01 3.180128037929534912e-01
5.797479748725891113e-01 3.253116905689239502e-01
5.685998201370239258e-01 3.321759998798370361e-01
5.569999814033508301e-01 3.385669887065887451e-01
5.449715852737426758e-01 3.444474041461944580e-01
5.325409173965454102e-01 3.497810959815979004e-01
5.197370052337646484e-01 3.545339107513427734e-01
5.065916776657104492e-01 3.586735129356384277e-01
4.931397140026092529e-01 3.621698021888732910e-01
4.794178903102874756e-01 3.649952113628387451e-01
4.654740989208221436e-01 3.670904040336608887e-01
4.516809880733489990e-01 3.672910928726196289e-01
4.412919878959655762e-01 3.561125993728637695e-01
4.289168119430541992e-01 3.519057035446166992e-01
4.174728095531463623e-01 3.453418016433715820e-01
4.071582853794097900e-01 3.365497887134552002e-01
3.970516026020050049e-01 3.279427886009216309e-01
3.854925930500030518e-01 3.225584924221038818e-01
3.694584071636199951e-01 3.248316049575805664e-01
3.616988062858581543e-01 3.125472068786621094e-01
3.556425869464874268e-01 2.985247075557708740e-01
3.502273857593536377e-01 2.845981121063232422e-01
3.454271852970123291e-01 2.708007991313934326e-01
3.412146866321563721e-01 2.571628987789154053e-01
3.375616073608398438e-01 2.437109947204589844e-01
3.344388902187347412e-01 2.304687947034835815e-01
3.318173885345458984e-01 2.174564003944396973e-01
3.296676874160766602e-01 2.046909034252166748e-01
3.279610872268676758e-01 1.921865046024322510e-01
3.266687989234924316e-01 1.799544990062713623e-01
3.275629878044128418e-01 1.707690060138702393e-01
3.314230144023895264e-01 1.707690060138702393e-01
3.348850011825561523e-01 1.707690060138702393e-01
3.377690017223358154e-01 1.696150004863739014e-01
3.406539857387542725e-01 1.650000065565109253e-01
3.441149890422821045e-01 1.563459932804107666e-01
3.458459973335266113e-01 1.494230031967163086e-01
3.470000028610229492e-01 1.396149992942810059e-01
3.470000028610229492e-01 1.212436035275459290e-01
3.470000028610229492e-01 1.116589978337287903e-01
3.470000028610229492e-01 1.024238020181655884e-01
3.470000028610229492e-01 9.349802136421203613e-02
3.470000028610229492e-01 8.484550565481185913e-02
3.470000028610229492e-01 7.643374800682067871e-02
3.470000028610229492e-01 6.823313236236572266e-02
3.470000028610229492e-01 6.021653115749359131e-02
3.470000028610229492e-01 5.235888063907623291e-02
3.470000028610229492e-01 4.463687911629676819e-02
3.470000028610229492e-01 3.702866658568382263e-02
3.470000028610229492e-01 2.951357513666152954e-02
3.470000028610229492e-01 2.207188867032527924e-02
3.470000028610229492e-01 1.468463055789470673e-02
3.470000028610229492e-01 7.333361543715000153e-03
3.470000028610229492e-01 1.885656908395816345e-11
3.470000028610229492e-01 -7.333361543715000153e-03
3.470000028610229492e-01 -1.468463055789470673e-02
3.470000028610229492e-01 -2.207188867032527924e-02
3.470000028610229492e-01 -2.951357513666152954e-02
3.470000028610229492e-01 -3.702866658568382263e-02
3.470000028610229492e-01 -4.463687911629676819e-02
3.470000028610229492e-01 -5.235888063907623291e-02
3.470000028610229492e-01 -6.021653115749359131e-02
3.470000028610229492e-01 -6.823313981294631958e-02
3.470000028610229492e-01 -7.643374800682067871e-02
3.470000028610229492e-01 -8.484550565481185913e-02
3.470000028610229492e-01 -9.349802136421203613e-02
3.470000028610229492e-01 -1.024238020181655884e-01
3.470000028610229492e-01 -1.116589978337287903e-01
3.470000028610229492e-01 -1.212436035275459290e-01
3.470000028610229492e-01 -1.396149992942810059e-01
3.458459973335266113e-01 -1.494230031967163086e-01
3.441149890422821045e-01 -1.563459932804107666e-01
3.406539857387542725e-01 -1.650000065565109253e-01
3.377690017223358154e-01 -1.696150004863739014e-01
3.348850011825561523e-01 -1.707690060138702393e-01
3.314230144023895264e-01 -1.707690060138702393e-01
3.275629878044128418e-01 -1.707690060138702393e-01
3.266687989234924316e-01 -1.799544990062713623e-01
3.279610872268676758e-01 -1.921865046024322510e-01
3.296676874160766602e-01 -2.046909034252166748e-01
3.318173885345458984e-01 -2.174564003944396973e-01
3.344388902187347412e-01 -2.304687947034835815e-01
3.375616073608398438e-01 -2.437109947204589844e-01
3.412146866321563721e-01 -2.571628987789154053e-01
3.454271852970123291e-01 -2.708007991313934326e-01
3.502273857593536377e-01 -2.845981121063232422e-01
3.556425869464874268e-01 -2.985247075557708740e-01
3.587000072002410889e-01 -3.059999942779541016e-01
3.659073710441589355e-01 -3.030470311641693115e-01
3.706966936588287354e-01 -3.016435801982879639e-01
3.756843805313110352e-01 -3.014695942401885986e-01
3.805598616600036621e-01 -3.025359213352203369e-01
3.850195407867431641e-01 -3.047761321067810059e-01
3.887857496738433838e-01 -3.080507516860961914e-01
3.916239142417907715e-01 -3.121558725833892822e-01
3.938715755939483643e-01 -3.166234493255615234e-01
3.961743414402008057e-01 -3.210624754428863525e-01
3.986817002296447754e-01 -3.253868222236633301e-01
4.014926552772521973e-01 -3.295202255249023438e-01
4.045927524566650391e-01 -3.334414362907409668e-01
4.079659879207611084e-01 -3.371302783489227295e-01
4.115950763225555420e-01 -3.405677676200866699e-01
4.154612720012664795e-01 -3.437362015247344971e-01
4.195447266101837158e-01 -3.466192781925201416e-01
4.238243699073791504e-01 -3.492021560668945312e-01
4.282781779766082764e-01 -3.514715135097503662e-01
4.328832626342773438e-01 -3.534156978130340576e-01
4.376158714294433594e-01 -3.550246655941009521e-01
4.424516558647155762e-01 -3.562901914119720459e-01
4.473657608032226562e-01 -3.572057187557220459e-01
4.523328542709350586e-01 -3.577665388584136963e-01
4.573273658752441406e-01 -3.579697906970977783e-01
4.623236060142517090e-01 -3.578143715858459473e-01
4.672959148883819580e-01 -3.573012053966522217e-01
4.722433090209960938e-01 -3.565676808357238770e-01
4.771758615970611572e-01 -3.557402193546295166e-01
4.820918142795562744e-01 -3.548191189765930176e-01
4.869893193244934082e-01 -3.538046777248382568e-01
4.918666779994964600e-01 -3.526973128318786621e-01
4.967221021652221680e-01 -3.514973819255828857e-01
5.015538334846496582e-01 -3.502053618431091309e-01
5.063601136207580566e-01 -3.488216698169708252e-01
5.111392140388488770e-01 -3.473468422889709473e-01
5.158894062042236328e-01 -3.457813858985900879e-01
5.206089615821838379e-01 -3.441258966922760010e-01
5.252961516380310059e-01 -3.423809409141540527e-01
5.299493670463562012e-01 -3.405471742153167725e-01
5.345668196678161621e-01 -3.386252820491790771e-01
5.391469597816467285e-01 -3.366158902645111084e-01
5.436879992485046387e-01 -3.345198035240173340e-01
5.481883883476257324e-01 -3.323377072811126709e-01
5.526464581489562988e-01 -3.300704360008239746e-01
5.570605993270874023e-01 -3.277187943458557129e-01
5.614292025566101074e-01 -3.252836465835571289e-01
5.657507777214050293e-01 -3.227658569812774658e-01
5.700236558914184570e-01 -3.201663494110107422e-01
5.742462873458862305e-01 -3.174860775470733643e-01
5.784172415733337402e-01 -3.147259652614593506e-01
5.825349092483520508e-01 -3.118870556354522705e-01
5.865979194641113281e-01 -3.089703321456909180e-01
5.906046628952026367e-01 -3.059768974781036377e-01
5.945537686347961426e-01 -3.029077947139739990e-01
5.984438061714172363e-01 -2.997641563415527344e-01
6.022733449935913086e-01 -2.965471148490905762e-01
6.062207818031311035e-01 -2.934889793395996094e-01
6.107650399208068848e-01 -2.914341986179351807e-01
6.156763434410095215e-01 -2.905676364898681641e-01
6.206493973731994629e-01 -2.909431457519531250e-01
6.253749132156372070e-01 -2.925373911857604980e-01
6.295590996742248535e-01 -2.952512502670288086e-01
6.308108568191528320e-01 -2.964008748531341553e-01
6.370000243186950684e-01 -3.019999861717224121e-01
6.420484781265258789e-01 -2.965993881225585938e-01
6.505823731422424316e-01 -2.880172133445739746e-01
6.587154865264892578e-01 -2.794610857963562012e-01
6.664665937423706055e-01 -2.709394097328186035e-01
6.659340262413024902e-01 -2.446697950363159180e-01
6.724190115928649902e-01 -2.366441041231155396e-01
6.785935759544372559e-01 -2.286842018365859985e-01
6.844741702079772949e-01 -2.207916975021362305e-01
6.900765895843505859e-01 -2.129670977592468262e-01
6.954159140586853027e-01 -2.052100002765655518e-01
7.005060911178588867e-01 -1.975191980600357056e-01
7.053607702255249023e-01 -1.898930966854095459e-01
7.099922895431518555e-01 -1.823291927576065063e-01
7.144126892089843750e-01 -1.748245954513549805e-01
7.186329960823059082e-01 -1.673759073019027710e-01
7.226635217666625977e-01 -1.599794030189514160e-01
7.265139222145080566e-01 -1.526309996843338013e-01
7.301931977272033691e-01 -1.453263014554977417e-01
7.337096929550170898e-01 -1.380607932806015015e-01
7.370712161064147949e-01 -1.308293938636779785e-01
7.402846813201904297e-01 -1.236270964145660400e-01
7.433568835258483887e-01 -1.164487004280090332e-01
7.462937235832214355e-01 -1.092887967824935913e-01
7.491006255149841309e-01 -1.021417006850242615e-01
7.517824769020080566e-01 -9.500175714492797852e-02
7.543438076972961426e-01 -8.786311745643615723e-02
7.567886114120483398e-01 -8.071980625391006470e-02
7.591202259063720703e-01 -7.356572896242141724e-02
7.613418102264404297e-01 -6.639464944601058960e-02
7.634431719779968262e-01 -5.919663980603218079e-02
7.653238773345947266e-01 -5.194098502397537231e-02
7.669575810432434082e-01 -4.462786763906478882e-02
7.683426737785339355e-01 -3.726541996002197266e-02
7.694777846336364746e-01 -2.986181341111660004e-02
7.703619003295898438e-01 -2.242523804306983948e-02
7.709938883781433105e-01 -1.496391557157039642e-02
7.713735103607177734e-01 -7.486086338758468628e-03
