# Cls = CoilPF
# Exp = TCV
# Name = T03A1
1.700000000000000000e+01 0.000000000000000000e+00
7.649880301677580707e-01 7.699999809265136719e-01
7.649880301677580707e-01 7.900000214576721191e-01
7.646618673598654103e-01 7.900000214576721191e-01
7.485266609503360424e-01 7.900000214576721191e-01
7.323914545408070076e-01 7.900000214576721191e-01
7.162562481312779727e-01 7.900000214576721191e-01
7.001210417217488269e-01 7.900000214576721191e-01
6.839858353122194590e-01 7.900000214576721191e-01
6.678506289026904241e-01 7.900000214576721191e-01
6.650119793178866923e-01 7.900000214576721191e-01
6.650119793178869143e-01 7.699999809265136719e-01
6.728286935192218099e-01 7.699999809265136719e-01
6.884720461399636005e-01 7.699999809265136719e-01
7.041153987607056131e-01 7.699999809265136719e-01
7.197587513814475146e-01 7.699999809265136719e-01
7.354021040021894162e-01 7.699999809265136719e-01
7.510454566229312068e-01 7.699999809265136719e-01
