# Cls = PFC
# Exp = WEST
# Name = ThermalShieldHFSV0
3.400000000000000000e+01 0.000000000000000000e+00
1.855749455469676512e+00 5.553719999999999768e-01
1.847919438613741860e+00 5.570123767968910844e-01
1.835196385128041285e+00 4.962813767968911605e-01
1.825873204254963911e+00 4.459919427566854111e-01
1.815766355386200681e+00 3.847106171775240280e-01
1.804758265326174893e+00 3.041720776937419934e-01
1.796364560597462523e+00 2.242512201253264725e-01
1.791305044260299129e+00 1.564630141019028586e-01
1.787573055243832476e+00 7.694775561804330366e-02
1.786369467223785312e+00 3.049874114317026493e-03
1.787497994865048456e+00 -7.507393756793699635e-02
1.791003077198649596e+00 -1.520592569297493368e-01
1.796264364101647359e+00 -2.231974169652534978e-01
1.802929465224257344e+00 -2.894718410478365200e-01
1.812350401621884988e+00 -3.623193953167566650e-01
1.825927780720528748e+00 -4.462853931830756959e-01
1.834927923623681068e+00 -4.949871137655884046e-01
1.847919428878435522e+00 -5.570123303266288906e-01
1.855749455469676512e+00 -5.553719999999999768e-01
1.842794660759033087e+00 -4.935329999999999995e-01
1.833825138927918763e+00 -4.450080000000000147e-01
1.820284285453511286e+00 -3.612930000000000308e-01
1.810889280147740088e+00 -2.886710000000000109e-01
1.804242547341404546e+00 -2.226069999999999993e-01
1.798994780201710331e+00 -1.516949999999999965e-01
1.795497154725955058e+00 -7.495799999999999685e-02
1.794368412948968761e+00 2.919999999999999853e-03
1.795564272812310014e+00 7.657299999999998830e-02
1.799282885962071310e+00 1.558680000000000065e-01
1.804320841596914970e+00 2.234160000000000035e-01
1.812684610177953681e+00 3.030889999999999973e-01
1.823659757233514256e+00 3.834089999999999998e-01
1.833739232663139651e+00 4.445339999999999847e-01
1.843026401983975937e+00 4.946410000000000529e-01
