# Cls = Ves
# Exp = NSTX
# Name = V0
1.350000000000000000e+02 0.000000000000000000e+00
1.822552000000000061e-01 -6.049220000000000291e-02
1.822552000000000061e-01 -1.091094999999999982e-01
1.822552000000000061e-01 -1.577268000000000003e-01
1.904033000000000253e-01 -2.063441999999999776e-01
1.904033000000000253e-01 -2.549615000000000076e-01
1.904033000000000253e-01 -3.035788000000000375e-01
1.904033000000000253e-01 -3.521961000000000119e-01
1.904033000000000253e-01 -4.008133999999999864e-01
1.904033000000000253e-01 -4.494307000000000163e-01
1.904033000000000253e-01 -4.980479999999999907e-01
1.904033000000000253e-01 -5.466653000000000207e-01
1.904033000000000253e-01 -5.952825999999999951e-01
1.904033000000000253e-01 -6.438998999999999695e-01
1.904033000000000253e-01 -6.925172000000000549e-01
1.904033000000000253e-01 -7.411346000000000878e-01
1.904033000000000253e-01 -7.897518999999999512e-01
1.904033000000000253e-01 -8.383692000000000366e-01
1.904033000000000253e-01 -8.869865000000000110e-01
1.904033000000000253e-01 -9.356037999999999855e-01
1.904033000000000253e-01 -9.842211000000000709e-01
1.904033000000000253e-01 -1.028786999999999896e+00
2.148477000000000026e-01 -1.076053799999999949e+00
2.528721000000000441e-01 -1.135475000000000012e+00
2.746004000000000222e-01 -1.200297999999999865e+00
2.718844000000000261e-01 -1.259719199999999928e+00
2.718844000000000261e-01 -1.308336500000000013e+00
2.718844000000000261e-01 -1.356953800000000099e+00
2.637362999999999791e-01 -1.381262500000000060e+00
2.678103000000000011e-01 -1.444059800000000005e+00
2.637362999999999791e-01 -1.521712499999999801e+00
2.637362999999999791e-01 -1.575731700000000179e+00
3.017606999999999928e-01 -1.616246099999999908e+00
3.708256000000000330e-01 -1.625506600000000024e+00
4.592907000000000517e-01 -1.616246099999999908e+00
5.326235999999999748e-01 -1.616246099999999908e+00
6.874375999999999820e-01 -1.606117500000000087e+00
7.689186000000000076e-01 -1.574111100000000096e+00
8.503995999999999222e-01 -1.541699600000000059e+00
9.318805999999999479e-01 -1.507667500000000160e+00
1.013361600000000085e+00 -1.478497100000000009e+00
1.062250200000000033e+00 -1.462291299999999961e+00
1.066324300000000003e+00 -1.415699700000000227e+00
1.102990800000000160e+00 -1.348850899999999964e+00
1.135583199999999904e+00 -1.300233600000000100e+00
1.176323699999999972e+00 -1.243513399999999880e+00
1.217064200000000040e+00 -1.186793200000000104e+00
1.257804699999999887e+00 -1.135475000000000012e+00
1.290397100000000075e+00 -1.081455700000000020e+00
1.322989500000000040e+00 -1.049044199999999982e+00
1.339285700000000023e+00 -9.923239999999999839e-01
1.355581900000000006e+00 -9.464076000000000155e-01
1.363729999999999887e+00 -9.031923000000000590e-01
1.380026200000000092e+00 -8.545749000000001372e-01
1.396322400000000075e+00 -8.059576000000000517e-01
1.412618600000000058e+00 -7.573403000000000773e-01
1.428914800000000040e+00 -7.087229999999999919e-01
1.445211000000000023e+00 -6.601057000000000174e-01
1.461507200000000006e+00 -6.114884000000000430e-01
1.477803399999999989e+00 -5.628710999999999576e-01
1.482692299999999852e+00 -4.607746999999999815e-01
1.502247800000000133e+00 -3.738038000000000194e-01
1.502247800000000133e+00 -3.359903000000000195e-01
1.518544000000000116e+00 -2.792701000000000211e-01
1.534840199999999877e+00 -1.941898000000000235e-01
1.551136400000000082e+00 -1.145115000000000022e-01
1.551136400000000082e+00 -7.669800000000000229e-02
1.559284499999999962e+00 -4.428649999999999948e-02
1.559284499999999962e+00 4.330899999999999507e-03
1.562000500000000125e+00 6.375200000000000311e-02
1.542988300000000201e+00 1.218227000000000060e-01
1.542988300000000201e+00 1.663886000000000254e-01
1.518544000000000116e+00 2.069030000000000036e-01
1.526692099999999996e+00 2.312115999999999894e-01
1.518544000000000116e+00 2.757775000000000087e-01
1.510395900000000013e+00 3.122404999999999764e-01
1.502247800000000133e+00 3.662597000000000214e-01
1.494099699999999808e+00 4.256808999999999732e-01
1.475087399999999827e+00 4.634942999999999702e-01
1.477803399999999989e+00 5.593785000000000007e-01
1.461507200000000006e+00 6.039442999999999895e-01
1.445211000000000023e+00 6.525615999999999639e-01
1.428914800000000040e+00 7.011790000000001077e-01
1.409902600000000117e+00 7.497962999999999711e-01
1.388174299999999972e+00 8.200212999999999530e-01
1.371878100000000211e+00 8.686386000000000385e-01
1.355581900000000006e+00 9.199567999999999079e-01
1.339285700000000023e+00 9.766770000000000174e-01
1.298545200000000177e+00 1.063783099999999981e+00
1.265952799999999989e+00 1.114426099999999975e+00
1.225212300000000143e+00 1.160342399999999996e+00
1.192619899999999955e+00 1.219763600000000059e+00
1.143731300000000006e+00 1.279184700000000063e+00
1.111138900000000040e+00 1.325101099999999921e+00
1.054102100000000153e+00 1.402078500000000005e+00
1.054102100000000153e+00 1.450695800000000091e+00
9.970654000000001016e-01 1.477435300000000007e+00
9.155844000000000760e-01 1.509846900000000103e+00
8.341034000000000503e-01 1.540637800000000057e+00
7.526224000000000247e-01 1.574669900000000178e+00
6.670672999999999186e-01 1.608702099999999913e+00
5.489197999999999578e-01 1.608702099999999913e+00
4.755868999999999791e-01 1.608702099999999913e+00
3.941059000000000090e-01 1.608702099999999913e+00
2.800325000000000175e-01 1.592496300000000087e+00
2.637362999999999791e-01 1.507416000000000089e+00
2.474400999999999962e-01 1.462850100000000042e+00
2.637362999999999791e-01 1.381821300000000141e+00
2.637362999999999791e-01 1.333204000000000056e+00
2.637362999999999791e-01 1.284586700000000192e+00
2.637362999999999791e-01 1.235969400000000107e+00
2.637362999999999791e-01 1.187352000000000185e+00
2.555881999999999876e-01 1.130631900000000023e+00
2.311439000000000132e-01 1.084715499999999944e+00
1.985513999999999890e-01 1.021242900000000065e+00
1.904033000000000253e-01 9.523684000000000038e-01
1.904033000000000253e-01 9.037511000000000294e-01
1.904033000000000253e-01 8.551337999999999440e-01
1.904033000000000253e-01 8.065165000000000806e-01
1.904033000000000253e-01 7.578991000000000477e-01
1.904033000000000253e-01 7.092817999999999623e-01
1.904033000000000253e-01 6.606645000000000989e-01
1.904033000000000253e-01 6.120472000000000135e-01
1.904033000000000253e-01 5.634299000000000390e-01
1.904033000000000253e-01 5.148125999999999536e-01
1.904033000000000253e-01 4.661952999999999792e-01
1.904033000000000253e-01 4.175780000000000602e-01
1.904033000000000253e-01 3.689607000000000303e-01
1.904033000000000253e-01 3.203434000000000004e-01
1.904033000000000253e-01 2.717260999999999704e-01
1.904033000000000253e-01 2.231087000000000209e-01
1.904033000000000253e-01 1.744913999999999910e-01
1.822552000000000061e-01 1.339770000000000127e-01
1.822552000000000061e-01 8.535970000000001057e-02
1.822552000000000061e-01 3.674240000000000145e-02
1.822552000000000061e-01 -1.187489999999999900e-02
