# Cls = PFC
# Exp = WEST
# Name = CasingPJUDivV0
7.500000000000000000e+01 1.200000000000000000e+01
2.310400000000000009e+00 9.143000000000000016e-01
2.298980853678290082e+00 9.122930326778340149e-01
2.287587522425550191e+00 9.101443531964079625e-01
2.276221764826409810e+00 9.078542932089219697e-01
2.264885335209480210e+00 9.054232061909539553e-01
2.253579983376510221e+00 9.028514673859000528e-01
2.242307454332340022e+00 9.001394737470550522e-01
2.231069488015560154e+00 8.972876438763429663e-01
2.219867819029900158e+00 8.942964179597040486e-01
2.208704176376540040e+00 8.911662576991520313e-01
2.197580283187209993e+00 8.878976462415090198e-01
2.186497856458229805e+00 8.844910881038290373e-01
2.175458606785470206e+00 8.809471090955289796e-01
2.164464238100360038e+00 8.772662562372239847e-01
2.153516447406830014e+00 8.734490976762969705e-01
2.142616924519400001e+00 8.694962225992040050e-01
2.131767351802369870e+00 8.654082411405269459e-01
2.120969403910109907e+00 8.611857842888079873e-01
2.110224747528589795e+00 8.568295037891430210e-01
2.099535041118130163e+00 8.523400720425939880e-01
2.088901934657419801e+00 8.477181820023950154e-01
2.078327069388790083e+00 8.429645470669989704e-01
2.067812077564950002e+00 8.380799009699579916e-01
2.057358582197020169e+00 8.330649976666749668e-01
2.046968196803990114e+00 8.279206112180249599e-01
2.036642525163720130e+00 8.226475356708800035e-01
2.026383161065340222e+00 8.172465849355440293e-01
2.016191688063289966e+00 8.117185926601270252e-01
2.006069679232859837e+00 8.060644121018659680e-01
1.996018696927420066e+00 8.002849159954269487e-01
1.986040292537230023e+00 7.943809964181920424e-01
1.976136006249999966e+00 7.883535646525710039e-01
1.966307366813150104e+00 7.822035510453360097e-01
1.956555891297869998e+00 7.759319048640279659e-01
1.946883084864909907e+00 7.695395941504280524e-01
1.937290440532299929e+00 7.630276055711450178e-01
1.927779438944879908e+00 7.563969442653150077e-01
1.918351548145740049e+00 7.496486336894629954e-01
1.909008223349669908e+00 7.427837154595230418e-01
1.899750906718500110e+00 7.358032491900660110e-01
1.890581027138539927e+00 7.287083123307489529e-01
1.881499999999999950e+00 7.215000000000000302e-01
1.879999999999999893e+00 7.184000000000000385e-01
1.879999999999999893e+00 6.611000000000000210e-01
1.936199999999999921e+00 6.611000000000000210e-01
1.940700000000000092e+00 6.631000000000000227e-01
1.940700000000000092e+00 7.072000000000000508e-01
1.975500000000000034e+00 7.072000000000000508e-01
1.976799999999999891e+00 7.082000000000000517e-01
1.976799999999999891e+00 7.762000000000000011e-01
1.979500000000000037e+00 7.792000000000000037e-01
2.037500000000000089e+00 7.792000000000000037e-01
2.040500000000000203e+00 7.822000000000000064e-01
2.040500000000000203e+00 8.102000000000000313e-01
2.043499999999999872e+00 8.132000000000000339e-01
2.107499999999999929e+00 8.132000000000000339e-01
2.110500000000000043e+00 8.102000000000000313e-01
2.110500000000000043e+00 7.517000000000000348e-01
2.111499999999999932e+00 7.507000000000000339e-01
2.130500000000000060e+00 7.507000000000000339e-01
2.131499999999999950e+00 7.517000000000000348e-01
2.131499999999999950e+00 8.387999999999999901e-01
2.134500000000000064e+00 8.417999999999999927e-01
2.192499999999999893e+00 8.417999999999999927e-01
2.195500000000000007e+00 8.447999999999999954e-01
2.195500000000000007e+00 8.728000000000000203e-01
2.198500000000000121e+00 8.758000000000000229e-01
2.262500000000000178e+00 8.758000000000000229e-01
2.265699999999999825e+00 8.728000000000000203e-01
2.265499999999999847e+00 8.171000000000000485e-01
2.298999999999999932e+00 8.171000000000000485e-01
2.298999999999999932e+00 8.235999999999999988e-01
2.302000000000000046e+00 8.266000000000000014e-01
2.314999999999999947e+00 8.266000000000000014e-01
2.314999999999999947e+00 9.102999999999999980e-01
-1.745329303560362977e+00 5.035319379006597540e-02
-1.396263453161497026e+00 5.035319379006597540e-02
-6.981317523637653455e-01 5.035319379006597540e-02
-3.490659019648993944e-01 5.035319379006597540e-02
3.490657988328322858e-01 5.035319379006597540e-02
6.981316492316982369e-01 5.035319379006597540e-02
1.396263350029430139e+00 5.035319379006597540e-02
1.745329200428296090e+00 5.035319379006597540e-02
2.443460901226027548e+00 5.035319379006597540e-02
2.792526751624893944e+00 5.035319379006597540e-02
-2.792526854756960830e+00 5.035319379006597540e-02
-2.443461004358095323e+00 5.035319379006597540e-02
