# Cls = PFC
# Exp = WEST
# Name = RippleV1
8.000000000000000000e+00 6.000000000000000000e+00
2.436000100788996203e+00 8.359999999999999654e-01
2.436000100788996203e+00 8.059940000000000992e-01
2.714000046877118155e+00 8.059940000000000992e-01
2.716321257938758560e+00 8.064679999999999627e-01
2.718242324210628613e+00 8.077509999999999968e-01
2.719527210485123803e+00 8.096740000000000048e-01
2.719999914875182778e+00 8.119939999999999936e-01
2.719999914875182778e+00 8.270000000000000684e-01
0.000000000000000000e+00 1.706749418153607339e-02
1.047197551196597631e+00 1.706749418153608033e-02
2.094395102393195263e+00 1.706749418153563624e-02
3.141592653589793116e+00 1.706749418153563624e-02
-2.094395102393196151e+00 1.706749418153563624e-02
-1.047197551196597631e+00 1.706749418153563624e-02
