#Name = SBi
#Exp = AUG
#CLs = PFC
42       0
1.100   -0.584
1.085   -0.517
1.072   -0.450
1.060   -0.382
1.051   -0.314
1.043   -0.246
1.037   -0.177
1.033   -0.108
1.031   -0.040
1.031    0.029
1.033    0.098
1.037    0.166
1.042    0.235
1.049    0.303
1.059    0.371
1.070    0.439
1.083    0.507
1.098    0.574
1.114    0.641
1.133    0.707
1.153    0.773
1.164    0.769
1.144    0.704
1.126    0.638
1.109    0.571
1.095    0.504
1.082    0.437
1.071    0.370
1.061    0.302
1.054    0.234
1.049    0.166
1.045    0.097
1.043    0.029
1.043   -0.040
1.045   -0.108
1.049   -0.176
1.055   -0.244
1.063   -0.312
1.072   -0.380
1.083   -0.448
1.097   -0.515
1.112   -0.582
