# Cls = PFC
# Exp = ITER
# Name = Div4
1.000000000000000000e+01 5.400000000000000000e+01
4.438200000000000145e+00 -3.943299999999999805e+00
4.444600000000000328e+00 -3.948900000000000077e+00
4.493500000000000050e+00 -3.947700000000000209e+00
4.496199999999999974e+00 -3.913800000000000168e+00
4.182800000000000296e+00 -3.889100000000000001e+00
4.179000000000000270e+00 -3.896900000000000031e+00
4.177399999999999558e+00 -3.917800000000000171e+00
4.202899999999999636e+00 -3.937399999999999789e+00
4.216899999999999871e+00 -3.938499999999999890e+00
4.224899999999999878e+00 -3.926499999999999879e+00
0.000000000000000000e+00 1.125165239546620788e-01
1.163552834662886365e-01 1.125165239546620788e-01
2.327105669325772730e-01 1.125165239546620788e-01
3.490658503988658956e-01 1.125165239546620788e-01
4.654211338651545460e-01 1.125165239546620788e-01
5.817764173314431408e-01 1.125165239546620788e-01
6.981317007977317912e-01 1.125165239546620788e-01
8.144869842640204416e-01 1.125165239546620788e-01
9.308422677303090920e-01 1.125165239546620788e-01
1.047197551196597631e+00 1.125165239546620788e-01
1.163552834662886282e+00 1.125165239546620788e-01
1.279908118129174932e+00 1.125165239546620788e-01
1.396263401595463582e+00 1.125165239546620788e-01
1.512618685061752233e+00 1.125165239546620788e-01
1.628973968528040883e+00 1.125165239546620788e-01
1.745329251994329534e+00 1.125165239546620788e-01
1.861684535460618184e+00 1.125165239546620788e-01
1.978039818926906834e+00 1.125165239546620788e-01
2.094395102393195263e+00 1.125165239546620788e-01
2.210750385859483913e+00 1.125165239546620788e-01
2.327105669325772563e+00 1.125165239546620788e-01
2.443460952792061214e+00 1.125165239546620788e-01
2.559816236258349864e+00 1.125165239546620788e-01
2.676171519724638515e+00 1.125165239546620788e-01
2.792526803190927165e+00 1.125165239546620788e-01
2.908882086657215815e+00 1.125165239546620788e-01
3.025237370123504466e+00 1.125165239546620788e-01
3.141592653589793116e+00 1.125165239546620788e-01
-3.025237370123504910e+00 1.125165239546620788e-01
-2.908882086657216259e+00 1.125165239546620788e-01
-2.792526803190927609e+00 1.125165239546620788e-01
-2.676171519724638959e+00 1.125165239546620788e-01
-2.559816236258350308e+00 1.125165239546620788e-01
-2.443460952792061658e+00 1.125165239546620788e-01
-2.327105669325773007e+00 1.125165239546620788e-01
-2.210750385859484357e+00 1.125165239546620788e-01
-2.094395102393196151e+00 1.125165239546620788e-01
-1.978039818926906834e+00 1.125165239546620788e-01
-1.861684535460618628e+00 1.125165239546620788e-01
-1.745329251994329534e+00 1.125165239546620788e-01
-1.628973968528041327e+00 1.125165239546620788e-01
-1.512618685061752233e+00 1.125165239546620788e-01
-1.396263401595464027e+00 1.125165239546620788e-01
-1.279908118129174932e+00 1.125165239546620788e-01
-1.163552834662886726e+00 1.125165239546620788e-01
-1.047197551196597631e+00 1.125165239546620788e-01
-9.308422677303094250e-01 1.125165239546620788e-01
-8.144869842640203306e-01 1.125165239546620788e-01
-6.981317007977322353e-01 1.125165239546620788e-01
-5.817764173314430298e-01 1.125165239546620788e-01
-4.654211338651548235e-01 1.125165239546620788e-01
-3.490658503988657846e-01 1.125165239546620788e-01
-2.327105669325775505e-01 1.125165239546620788e-01
-1.163552834662884422e-01 1.125165239546620788e-01
