# Cls = PFC
# Exp = ITER
# Name = Div5
6.000000000000000000e+01 5.400000000000000000e+01
6.338099999999999845e+00 -3.245099999999999874e+00
6.315000000000000391e+00 -3.240699999999999914e+00
6.291699999999999626e+00 -3.237200000000000077e+00
6.268399999999999750e+00 -3.234500000000000153e+00
6.244900000000000340e+00 -3.232699999999999907e+00
6.221499999999999808e+00 -3.231700000000000017e+00
6.197899999999999743e+00 -3.231599999999999806e+00
6.174400000000000333e+00 -3.232299999999999951e+00
6.150999999999999801e+00 -3.233900000000000219e+00
6.127600000000000158e+00 -3.236299999999999955e+00
6.104300000000000281e+00 -3.239599999999999813e+00
6.081199999999999939e+00 -3.243700000000000028e+00
6.058200000000000252e+00 -3.248699999999999921e+00
6.035400000000000098e+00 -3.254500000000000171e+00
6.012800000000000367e+00 -3.261099999999999888e+00
5.990499999999999936e+00 -3.268499999999999961e+00
5.968499999999999694e+00 -3.276699999999999946e+00
5.946799999999999642e+00 -3.285699999999999843e+00
5.925399999999999778e+00 -3.295500000000000096e+00
5.904399999999999871e+00 -3.306099999999999817e+00
5.883799999999999919e+00 -3.317400000000000126e+00
5.863599999999999923e+00 -3.329400000000000137e+00
5.843899999999999650e+00 -3.342200000000000060e+00
5.824600000000000222e+00 -3.355700000000000127e+00
5.805900000000000283e+00 -3.369800000000000129e+00
5.787600000000000300e+00 -3.384700000000000042e+00
5.769899999999999807e+00 -3.400199999999999889e+00
5.752799999999999692e+00 -3.416300000000000114e+00
5.736299999999999955e+00 -3.432999999999999829e+00
5.720399999999999707e+00 -3.450299999999999923e+00
5.705099999999999838e+00 -3.468199999999999950e+00
5.690500000000000114e+00 -3.486699999999999910e+00
5.676599999999999646e+00 -3.505599999999999827e+00
5.663400000000000212e+00 -3.524999999999999911e+00
5.650900000000000034e+00 -3.544900000000000162e+00
5.639100000000000001e+00 -3.565300000000000136e+00
5.628000000000000114e+00 -3.585999999999999854e+00
5.617700000000000138e+00 -3.607200000000000184e+00
5.608200000000000074e+00 -3.628699999999999815e+00
5.599499999999999922e+00 -3.650500000000000078e+00
5.591599999999999682e+00 -3.672600000000000087e+00
5.584399999999999586e+00 -3.694999999999999840e+00
5.578100000000000058e+00 -3.717699999999999783e+00
5.572600000000000442e+00 -3.740499999999999936e+00
5.567999999999999616e+00 -3.763599999999999834e+00
5.564199999999999591e+00 -3.786799999999999944e+00
5.561200000000000365e+00 -3.810099999999999820e+00
5.559099999999999930e+00 -3.833499999999999908e+00
5.557800000000000296e+00 -3.857000000000000206e+00
5.557400000000000340e+00 -3.880500000000000060e+00
5.557400000000000340e+00 -4.574699999999999989e+00
5.557400000000000340e+00 -4.595399999999999707e+00
5.640399999999999636e+00 -4.595399999999999707e+00
5.719400000000000261e+00 -4.559899999999999842e+00
5.719400000000000261e+00 -4.358399999999999608e+00
5.709399999999999586e+00 -4.358399999999999608e+00
5.709399999999999586e+00 -3.992399999999999949e+00
5.948999999999999844e+00 -3.616299999999999848e+00
6.417099999999999582e+00 -3.398000000000000131e+00
6.456599999999999895e+00 -3.281800000000000050e+00
0.000000000000000000e+00 1.125165239546620788e-01
1.163552834662886365e-01 1.125165239546620788e-01
2.327105669325772730e-01 1.125165239546620788e-01
3.490658503988658956e-01 1.125165239546620788e-01
4.654211338651545460e-01 1.125165239546620788e-01
5.817764173314431408e-01 1.125165239546620788e-01
6.981317007977317912e-01 1.125165239546620788e-01
8.144869842640204416e-01 1.125165239546620788e-01
9.308422677303090920e-01 1.125165239546620788e-01
1.047197551196597631e+00 1.125165239546620788e-01
1.163552834662886282e+00 1.125165239546620788e-01
1.279908118129174932e+00 1.125165239546620788e-01
1.396263401595463582e+00 1.125165239546620788e-01
1.512618685061752233e+00 1.125165239546620788e-01
1.628973968528040883e+00 1.125165239546620788e-01
1.745329251994329534e+00 1.125165239546620788e-01
1.861684535460618184e+00 1.125165239546620788e-01
1.978039818926906834e+00 1.125165239546620788e-01
2.094395102393195263e+00 1.125165239546620788e-01
2.210750385859483913e+00 1.125165239546620788e-01
2.327105669325772563e+00 1.125165239546620788e-01
2.443460952792061214e+00 1.125165239546620788e-01
2.559816236258349864e+00 1.125165239546620788e-01
2.676171519724638515e+00 1.125165239546620788e-01
2.792526803190927165e+00 1.125165239546620788e-01
2.908882086657215815e+00 1.125165239546620788e-01
3.025237370123504466e+00 1.125165239546620788e-01
3.141592653589793116e+00 1.125165239546620788e-01
-3.025237370123504910e+00 1.125165239546620788e-01
-2.908882086657216259e+00 1.125165239546620788e-01
-2.792526803190927609e+00 1.125165239546620788e-01
-2.676171519724638959e+00 1.125165239546620788e-01
-2.559816236258350308e+00 1.125165239546620788e-01
-2.443460952792061658e+00 1.125165239546620788e-01
-2.327105669325773007e+00 1.125165239546620788e-01
-2.210750385859484357e+00 1.125165239546620788e-01
-2.094395102393196151e+00 1.125165239546620788e-01
-1.978039818926906834e+00 1.125165239546620788e-01
-1.861684535460618628e+00 1.125165239546620788e-01
-1.745329251994329534e+00 1.125165239546620788e-01
-1.628973968528041327e+00 1.125165239546620788e-01
-1.512618685061752233e+00 1.125165239546620788e-01
-1.396263401595464027e+00 1.125165239546620788e-01
-1.279908118129174932e+00 1.125165239546620788e-01
-1.163552834662886726e+00 1.125165239546620788e-01
-1.047197551196597631e+00 1.125165239546620788e-01
-9.308422677303094250e-01 1.125165239546620788e-01
-8.144869842640203306e-01 1.125165239546620788e-01
-6.981317007977322353e-01 1.125165239546620788e-01
-5.817764173314430298e-01 1.125165239546620788e-01
-4.654211338651548235e-01 1.125165239546620788e-01
-3.490658503988657846e-01 1.125165239546620788e-01
-2.327105669325775505e-01 1.125165239546620788e-01
-1.163552834662884422e-01 1.125165239546620788e-01
