# Cls = PFC
# Exp = DEMO2019
# Name = upperlimiter
5.140000000000000000e+02 8.000000000000000000e+00
1.012628100000000053e+01 4.342819499999999167e+00
1.011616300000000024e+01 4.351998800000000500e+00
1.010485200000000106e+01 4.362216899999999953e+00
1.009351999999999983e+01 4.372412699999999930e+00
1.008216799999999935e+01 4.382585999999999871e+00
1.007079599999999964e+01 4.392736900000000055e+00
1.005940400000000068e+01 4.402865199999999923e+00
1.004799200000000070e+01 4.412970900000000363e+00
1.003655899999999868e+01 4.423054000000000485e+00
1.002510700000000021e+01 4.433114499999999403e+00
1.001363500000000073e+01 4.443152200000000107e+00
1.000214399999999948e+01 4.453167300000000495e+00
9.990631900000000343e+00 4.463159600000000005e+00
9.979100599999998877e+00 4.473129000000000133e+00
9.967549499999998730e+00 4.483075600000000271e+00
9.955978699999999293e+00 4.492999399999999532e+00
9.944388299999999958e+00 4.502900200000000019e+00
9.932778300000000726e+00 4.512777999999999956e+00
9.921148800000000989e+00 4.522632800000000231e+00
9.909499900000000139e+00 4.532464599999999955e+00
9.897831399999999391e+00 4.542273299999999736e+00
9.886143599999998699e+00 4.552058899999999575e+00
9.874436400000000447e+00 4.561821399999999471e+00
9.862709999999999866e+00 4.571560599999999752e+00
9.850964199999999948e+00 4.581276599999999810e+00
9.839199300000000648e+00 4.590969299999999365e+00
9.827415199999999018e+00 4.600638799999999584e+00
9.815611900000000389e+00 4.610284800000000516e+00
9.803789599999999993e+00 4.619907500000000056e+00
9.791948299999999605e+00 4.629506799999999700e+00
9.780087999999999226e+00 4.639082600000000056e+00
9.768208800000000025e+00 4.648634900000000236e+00
9.756310600000000832e+00 4.658163700000000240e+00
9.744393699999999825e+00 4.667668899999999788e+00
9.732457899999999995e+00 4.677150499999999766e+00
9.720503400000000127e+00 4.686608399999999897e+00
9.708530199999998445e+00 4.696042699999999570e+00
9.696538300000000277e+00 4.705453200000000002e+00
9.684527899999999079e+00 4.714840000000000586e+00
9.672498799999999619e+00 4.724203000000000152e+00
9.660451300000000074e+00 4.733542099999999309e+00
9.648385299999999276e+00 4.742857400000000112e+00
9.636300900000000169e+00 4.752148799999999618e+00
9.624198099999999201e+00 4.761416199999999321e+00
9.612076899999999924e+00 4.770659700000000392e+00
9.599937499999999346e+00 4.779879100000000491e+00
9.587779899999999245e+00 4.789074499999999901e+00
9.575604099999999619e+00 4.798245800000000116e+00
9.563410199999999861e+00 4.807393000000000249e+00
9.551198199999999972e+00 4.816516099999999412e+00
9.538968099999999950e+00 4.825614899999999707e+00
9.526720100000000357e+00 4.834689500000000528e+00
9.514454100000000025e+00 4.843739800000000706e+00
9.502170200000000122e+00 4.852765900000000521e+00
9.489868500000000040e+00 4.861767600000000300e+00
9.477549000000001556e+00 4.870744900000000044e+00
9.465211699999999340e+00 4.879697799999999752e+00
9.452856799999999282e+00 4.888626300000000313e+00
9.440484200000000214e+00 4.897530300000000558e+00
9.428093900000000360e+00 4.906409800000000487e+00
9.415686199999999673e+00 4.915264800000000101e+00
9.403260899999999367e+00 4.924095200000000006e+00
9.390818200000000004e+00 4.932900899999999922e+00
9.378358000000000416e+00 4.941682000000000130e+00
9.365880499999999387e+00 4.950438500000000630e+00
9.353385700000000469e+00 4.959170199999999973e+00
9.340873600000000110e+00 4.967877099999999935e+00
9.328344300000001255e+00 4.976559299999999908e+00
9.315797899999999743e+00 4.985216599999999332e+00
9.303234299999999735e+00 4.993849100000000263e+00
9.290653700000000015e+00 5.002456699999999756e+00
9.278056100000000583e+00 5.011039399999999588e+00
9.265441500000001440e+00 5.019597100000000367e+00
9.252809900000000809e+00 5.028129899999999708e+00
9.240161500000001027e+00 5.036637599999999715e+00
9.227496300000000318e+00 5.045120200000000388e+00
9.214814300000000458e+00 5.053577800000000231e+00
9.202115599999999063e+00 5.062010199999999571e+00
9.189400299999999078e+00 5.070417499999999578e+00
9.176668299999999334e+00 5.078799599999999970e+00
9.163919700000001001e+00 5.087156499999999859e+00
9.151154699999999309e+00 5.095488099999999854e+00
9.138373100000000804e+00 5.103794500000000234e+00
9.125575200000000109e+00 5.112075499999999550e+00
9.112760800000000216e+00 5.120331100000000468e+00
9.099930200000001079e+00 5.128561399999999715e+00
9.087083299999999753e+00 5.136766300000000562e+00
9.074220099999999789e+00 5.144945700000000066e+00
9.061340799999999973e+00 5.153099599999999114e+00
9.048445400000000305e+00 5.161228000000000371e+00
9.035533900000000784e+00 5.169330900000000284e+00
9.022606400000000804e+00 5.177408199999999461e+00
9.009662999999999755e+00 5.185459899999999678e+00
8.996703600000000023e+00 5.193486000000000047e+00
8.983728400000000391e+00 5.201486300000000007e+00
8.970737300000001468e+00 5.209461000000000119e+00
8.957730500000000262e+00 5.217410000000000103e+00
8.944708000000000325e+00 5.225333199999999678e+00
8.931669799999999881e+00 5.233230499999999452e+00
8.918616000000000099e+00 5.241102099999999986e+00
8.905546599999999202e+00 5.248947799999999830e+00
8.892461799999999528e+00 5.256767599999999874e+00
8.879361500000001683e+00 5.264561500000000116e+00
8.866245700000000340e+00 5.272329399999999389e+00
8.853114700000000781e+00 5.280071399999999748e+00
8.839968300000000667e+00 5.287787400000000027e+00
8.826806699999998784e+00 5.295477299999999943e+00
8.813629900000000461e+00 5.303141099999999497e+00
8.800437900000000369e+00 5.310778899999999858e+00
8.787230799999999675e+00 5.318390500000000465e+00
8.774008699999999550e+00 5.325975900000000429e+00
8.760771599999999992e+00 5.333535200000000032e+00
8.747519600000000395e+00 5.341068199999999599e+00
8.734252699999998981e+00 5.348574999999999413e+00
8.720970900000001080e+00 5.356055500000000080e+00
8.707674400000000148e+00 5.363509699999999825e+00
8.694363100000000344e+00 5.370937600000000423e+00
8.681037200000000453e+00 5.378339099999999817e+00
8.667696599999999307e+00 5.385714200000000673e+00
8.654341500000001020e+00 5.393062900000000326e+00
8.640971799999999092e+00 5.400385100000000271e+00
8.627587699999999415e+00 5.407680800000000509e+00
8.614189099999999044e+00 5.414950100000000432e+00
8.600776200000000316e+00 5.422192799999999480e+00
8.587348999999999677e+00 5.429408900000000315e+00
8.573907499999998905e+00 5.436598400000000275e+00
8.560451800000000944e+00 5.443761300000000247e+00
8.546981900000000465e+00 5.450897600000000232e+00
8.533497999999999806e+00 5.458007199999999948e+00
8.519999999999999574e+00 5.465090000000000003e+00
8.519999999999999574e+00 5.385979599999999756e+00
8.533088299999999293e+00 5.379031499999999966e+00
8.546163200000000515e+00 5.372058100000000280e+00
8.559224399999999733e+00 5.365059199999999251e+00
8.572272099999999284e+00 5.358035000000000103e+00
8.585306000000000992e+00 5.350985500000000172e+00
8.598326300000000089e+00 5.343910700000000347e+00
8.611332799999999565e+00 5.336810599999999738e+00
8.624325500000001199e+00 5.329685200000000123e+00
8.637304300000000268e+00 5.322534600000000005e+00
8.650269200000000325e+00 5.315358900000000553e+00
8.663220199999999593e+00 5.308158000000000598e+00
8.676157100000001066e+00 5.300931899999999253e+00
8.689080000000000581e+00 5.293680699999999462e+00
8.701988699999999355e+00 5.286404400000000336e+00
8.714883400000001501e+00 5.279103100000000381e+00
8.727763799999999961e+00 5.271776799999999596e+00
8.740629900000000063e+00 5.264425400000000366e+00
8.753481799999999424e+00 5.257049100000000585e+00
8.766319299999999259e+00 5.249647900000000256e+00
8.779142400000001345e+00 5.242221699999999984e+00
8.791951100000000352e+00 5.234770600000000051e+00
8.804745199999999272e+00 5.227294700000000738e+00
8.817524900000000443e+00 5.219793899999999987e+00
8.830289900000000358e+00 5.212268299999999854e+00
8.843040300000000187e+00 5.204717999999999734e+00
8.855776000000000536e+00 5.197142900000000232e+00
8.868496999999999630e+00 5.189542999999999573e+00
8.881203199999999853e+00 5.181918500000000094e+00
8.893894500000000036e+00 5.174269400000000019e+00
8.906570999999999572e+00 5.166595599999999955e+00
8.919232599999999067e+00 5.158897099999999902e+00
8.931879099999999738e+00 5.151174200000000702e+00
8.944510700000000369e+00 5.143426599999999738e+00
8.957127200000000400e+00 5.135654599999999625e+00
8.969728499999998661e+00 5.127857999999999805e+00
8.982314700000001650e+00 5.120036999999999949e+00
8.994885700000001094e+00 5.112191600000000058e+00
9.007441399999999376e+00 5.104321800000000131e+00
9.019981900000001218e+00 5.096427600000000169e+00
9.032506899999999561e+00 5.088509100000000451e+00
9.045016600000000295e+00 5.080566199999999810e+00
9.057510799999999307e+00 5.072599100000000583e+00
9.069989500000000149e+00 5.064607699999999824e+00
9.082452699999999268e+00 5.056592099999999590e+00
9.094900299999999049e+00 5.048552299999999882e+00
9.107332200000000100e+00 5.040488400000000091e+00
9.119748500000000035e+00 5.032400299999999937e+00
9.132149000000000072e+00 5.024288199999999982e+00
9.144533700000000209e+00 5.016151899999999664e+00
9.156902699999999840e+00 5.007991699999999824e+00
9.169255699999999010e+00 4.999807399999999902e+00
9.181592800000000665e+00 4.991599100000000178e+00
9.193914000000001252e+00 4.983366900000000044e+00
9.206219199999999603e+00 4.975110800000000388e+00
9.218508299999999878e+00 4.966830799999999435e+00
9.230781300000000300e+00 4.958527000000000129e+00
9.243038099999999702e+00 4.950199300000000413e+00
9.255278799999999251e+00 4.941847799999999680e+00
9.267503199999998387e+00 4.933472599999999986e+00
9.279711300000000662e+00 4.925073699999999555e+00
9.291903099999998972e+00 4.916650999999999883e+00
9.304078499999999252e+00 4.908204800000000034e+00
9.316237499999999727e+00 4.899734800000000057e+00
9.328379999999999228e+00 4.891241299999999903e+00
9.340505999999999531e+00 4.882724199999999293e+00
9.352615400000001245e+00 4.874183600000000283e+00
9.364708199999999039e+00 4.865619500000000208e+00
9.376784400000000019e+00 4.857031899999999958e+00
9.388843800000000073e+00 4.848420899999999811e+00
9.400886500000000368e+00 4.839786400000000377e+00
9.412912500000000904e+00 4.831128600000000439e+00
9.424921499999999952e+00 4.822447499999999998e+00
9.436913699999999849e+00 4.813743000000000549e+00
9.448888999999999427e+00 4.805015299999999989e+00
9.460847299999999294e+00 4.796264299999999814e+00
9.472788599999999448e+00 4.787490200000000584e+00
9.484712799999998722e+00 4.778692799999999963e+00
9.496619899999998893e+00 4.769872300000000287e+00
9.508509899999999959e+00 4.761028699999999780e+00
9.520382700000000753e+00 4.752162000000000219e+00
9.532238200000000106e+00 4.743272299999999220e+00
9.544076399999999794e+00 4.734359599999999446e+00
9.555897299999999817e+00 4.725423900000000010e+00
9.567700800000000783e+00 4.716465299999999417e+00
9.579486899999999139e+00 4.707483700000000049e+00
9.591255600000000214e+00 4.698479299999999803e+00
9.603006699999999896e+00 4.689452100000000456e+00
9.614740299999999351e+00 4.680401999999999951e+00
9.626456299999999189e+00 4.671329199999999737e+00
9.638154600000000016e+00 4.662233599999999534e+00
9.649835300000001226e+00 4.653115300000000509e+00
9.661498200000000480e+00 4.643974400000000280e+00
9.673143299999999556e+00 4.634810800000000341e+00
9.684770600000000229e+00 4.625624700000000367e+00
9.696380100000000724e+00 4.616415899999999795e+00
9.707971699999999871e+00 4.607184699999999467e+00
9.719545300000000054e+00 4.597930900000000598e+00
9.731100899999999498e+00 4.588654700000000197e+00
9.742638400000000587e+00 4.579356100000000040e+00
9.754157900000000936e+00 4.570034999999999847e+00
9.765659299999999376e+00 4.560691600000000179e+00
9.777142500000000069e+00 4.551325900000000146e+00
9.788607499999999462e+00 4.541937899999999750e+00
9.800054199999999938e+00 4.532527699999999271e+00
9.811482700000000889e+00 4.523095299999999597e+00
9.822892799999999980e+00 4.513640599999999559e+00
9.834284499999998985e+00 4.504163899999999998e+00
9.845657800000001458e+00 4.494665000000000354e+00
9.857012600000000901e+00 4.485144000000000020e+00
9.868348900000000867e+00 4.475601099999999555e+00
9.879666699999999580e+00 4.466036100000000175e+00
9.890965800000000030e+00 4.456449099999999497e+00
9.902246299999999835e+00 4.446840299999999857e+00
9.913508200000000770e+00 4.437209499999999807e+00
9.924751300000000498e+00 4.427556899999999906e+00
9.935975599999999019e+00 4.417882499999999268e+00
9.947181200000001056e+00 4.408186300000000557e+00
9.958367799999999548e+00 4.398468300000000220e+00
9.969535599999998610e+00 4.388728699999999705e+00
9.980684499999998849e+00 4.378967300000000229e+00
9.991814299999999704e+00 4.369184399999999968e+00
1.000292499999999940e+01 4.359379800000000138e+00
1.001401699999999906e+01 4.349553700000000411e+00
1.002509000000000050e+01 4.339706000000000508e+00
1.003614299999999915e+01 4.329836900000000099e+00
1.004717800000000061e+01 4.319946299999999795e+00
1.005819299999999927e+01 4.310034299999999874e+00
1.006918899999999972e+01 4.300100999999999729e+00
1.007987699999999975e+01 4.290402600000000177e+00
1.009054000000000073e+01 4.280677700000000030e+00
1.010118000000000116e+01 4.270926199999999895e+00
1.011179500000000075e+01 4.261148299999999445e+00
1.012238600000000055e+01 4.251344000000000456e+00
1.013295299999999877e+01 4.241513399999999656e+00
1.014349500000000148e+01 4.231656599999999990e+00
1.015401300000000084e+01 4.221773500000000290e+00
1.016450499999999835e+01 4.211864300000000227e+00
1.017497400000000063e+01 4.201928999999999803e+00
1.018541699999999928e+01 4.191967700000000185e+00
1.019583599999999990e+01 4.181980400000000486e+00
1.020622899999999866e+01 4.171967300000000378e+00
1.021659799999999940e+01 4.161928299999999581e+00
1.022694199999999931e+01 4.151863500000000151e+00
1.023726100000000017e+01 4.141772999999999705e+00
1.024755400000000094e+01 4.131656900000000299e+00
1.025782200000000088e+01 4.121515200000000156e+00
1.026806600000000103e+01 4.111347999999999558e+00
1.027828300000000006e+01 4.101155399999999673e+00
1.028847600000000106e+01 4.090937300000000221e+00
1.029864300000000021e+01 4.080693899999999985e+00
1.030878399999999928e+01 4.070425199999999855e+00
1.031889999999999930e+01 4.060131400000000390e+00
1.032898999999999923e+01 4.049812399999999535e+00
1.033905400000000085e+01 4.039468300000000234e+00
1.034909299999999988e+01 4.029099200000000103e+00
1.035910600000000059e+01 4.018705200000000310e+00
1.036909300000000123e+01 4.008286199999999688e+00
1.037905400000000000e+01 3.997842500000000410e+00
1.038898899999999870e+01 3.987373999999999974e+00
1.039889799999999909e+01 3.976880799999999994e+00
1.040878000000000014e+01 3.966362999999999861e+00
1.041863700000000037e+01 3.955820600000000020e+00
1.042846700000000126e+01 3.945253800000000144e+00
1.043827100000000030e+01 3.934662499999999952e+00
1.044804900000000103e+01 3.924046800000000168e+00
1.045779999999999887e+01 3.913406900000000022e+00
1.046752399999999916e+01 3.902742699999999676e+00
1.047722199999999937e+01 3.892054400000000136e+00
1.048689399999999949e+01 3.881341899999999789e+00
1.049653900000000029e+01 3.870605400000000085e+00
1.050615699999999997e+01 3.859844999999999970e+00
1.051574800000000032e+01 3.849060699999999891e+00
1.052531199999999956e+01 3.838252499999999845e+00
1.053484899999999946e+01 3.827420500000000114e+00
1.054436000000000107e+01 3.816564899999999927e+00
1.055384300000000053e+01 3.805685599999999891e+00
1.056329999999999991e+01 3.794782800000000123e+00
1.057272899999999893e+01 3.783856499999999734e+00
1.058213099999999862e+01 3.772906700000000058e+00
1.059150499999999973e+01 3.761933599999999878e+00
1.060085200000000150e+01 3.750937199999999638e+00
1.061017200000000038e+01 3.739917500000000228e+00
1.061946499999999993e+01 3.728874699999999986e+00
1.062872999999999912e+01 3.717808900000000083e+00
1.063796699999999973e+01 3.706719899999999956e+00
1.064717699999999923e+01 3.695608099999999840e+00
1.065635900000000014e+01 3.684473399999999899e+00
1.066551300000000069e+01 3.673315799999999687e+00
1.067464000000000013e+01 3.662135499999999766e+00
1.068373799999999996e+01 3.650932499999999692e+00
1.069280899999999868e+01 3.639707000000000026e+00
1.070185200000000059e+01 3.628458799999999762e+00
1.071086700000000036e+01 3.617188299999999579e+00
1.071985399999999977e+01 3.605895300000000248e+00
1.072881199999999957e+01 3.594580000000000108e+00
1.073774300000000004e+01 3.583242400000000050e+00
1.074664500000000089e+01 3.571882700000000188e+00
1.075551899999999961e+01 3.560500799999999799e+00
1.076436399999999871e+01 3.549096899999999888e+00
1.077318100000000101e+01 3.537671000000000010e+00
1.078196999999999939e+01 3.526223200000000002e+00
1.079072999999999993e+01 3.514753600000000144e+00
1.079946200000000012e+01 3.503262199999999993e+00
1.080816500000000069e+01 3.491749099999999828e+00
1.081683899999999987e+01 3.480214399999999930e+00
1.082548500000000047e+01 3.468658199999999692e+00
1.083410200000000145e+01 3.457080399999999720e+00
1.084269000000000105e+01 3.445481299999999969e+00
1.085124899999999926e+01 3.433860799999999713e+00
1.085977899999999963e+01 3.422219099999999958e+00
1.086828000000000038e+01 3.410556199999999816e+00
1.087675199999999975e+01 3.398872200000000010e+00
1.088519499999999951e+01 3.387167100000000097e+00
1.089360899999999965e+01 3.375440999999999914e+00
1.090199300000000093e+01 3.363694100000000020e+00
1.091034900000000007e+01 3.351926300000000136e+00
1.091867499999999858e+01 3.340137799999999935e+00
1.092697099999999999e+01 3.328328500000000023e+00
1.093523899999999927e+01 3.316498699999999911e+00
1.094347700000000145e+01 3.304648400000000041e+00
1.095168499999999945e+01 3.292777500000000135e+00
1.095986399999999961e+01 3.280886300000000144e+00
1.096801300000000090e+01 3.268974800000000069e+00
1.097613199999999978e+01 3.257042999999999910e+00
1.098422199999999904e+01 3.245091100000000228e+00
1.099228199999999944e+01 3.233119099999999690e+00
1.100031199999999920e+01 3.221127000000000073e+00
1.100831299999999935e+01 3.209114999999999718e+00
1.101628299999999960e+01 3.197083200000000236e+00
1.102422299999999922e+01 3.185031500000000015e+00
1.103213399999999922e+01 3.172960099999999617e+00
1.104001399999999933e+01 3.160869099999999765e+00
1.104786399999999880e+01 3.148758500000000016e+00
1.105568399999999940e+01 3.136628400000000205e+00
1.106347399999999936e+01 3.124478900000000170e+00
1.107123400000000046e+01 3.112310100000000190e+00
1.107896299999999989e+01 3.100121899999999986e+00
1.108666200000000046e+01 3.087914599999999954e+00
1.109433100000000039e+01 3.075688200000000094e+00
1.110196899999999864e+01 3.063442699999999963e+00
1.110957699999999981e+01 3.051178199999999840e+00
1.111715400000000109e+01 3.038894899999999843e+00
1.112470000000000070e+01 3.026592700000000136e+00
1.113221599999999967e+01 3.014271799999999946e+00
1.113970099999999874e+01 3.001932200000000162e+00
1.114715600000000073e+01 2.989574100000000012e+00
1.115457900000000002e+01 2.977197400000000105e+00
1.116197200000000045e+01 2.964802299999999669e+00
1.116933400000000098e+01 2.952388800000000035e+00
1.117666500000000163e+01 2.939957099999999990e+00
1.118396500000000060e+01 2.927507199999999976e+00
1.119123399999999968e+01 2.915039099999999994e+00
1.119847299999999990e+01 2.902552999999999717e+00
1.120567899999999995e+01 2.890048899999999588e+00
1.121285499999999935e+01 2.877526899999999888e+00
1.122000000000000064e+01 2.864987100000000009e+00
1.122000000000000064e+01 3.004172300000000018e+00
1.121299500000000116e+01 3.015900500000000317e+00
1.120596199999999953e+01 3.027612399999999759e+00
1.119890299999999961e+01 3.039307899999999840e+00
1.119181600000000110e+01 3.050986899999999835e+00
1.118470199999999970e+01 3.062649399999999744e+00
1.117756099999999897e+01 3.074295300000000175e+00
1.117039300000000068e+01 3.085924599999999796e+00
1.116319700000000026e+01 3.097537099999999821e+00
1.115597499999999975e+01 3.109132900000000088e+00
1.114872599999999991e+01 3.120711899999999872e+00
1.114145000000000074e+01 3.132273899999999944e+00
1.113414700000000046e+01 3.143819000000000141e+00
1.112681699999999907e+01 3.155347000000000346e+00
1.111945999999999835e+01 3.166858000000000395e+00
1.111207699999999932e+01 3.178351799999999727e+00
1.110466599999999993e+01 3.189828300000000283e+00
1.109722899999999868e+01 3.201287600000000122e+00
1.108976599999999912e+01 3.212729600000000296e+00
1.108227600000000024e+01 3.224154200000000081e+00
1.107475900000000024e+01 3.235561299999999640e+00
1.106721600000000016e+01 3.246950899999999862e+00
1.105964600000000075e+01 3.258322900000000022e+00
1.105204999999999949e+01 3.269677200000000283e+00
1.104442699999999888e+01 3.281013900000000039e+00
1.103677799999999998e+01 3.292332699999999779e+00
1.102910299999999921e+01 3.303633800000000065e+00
1.102140099999999912e+01 3.314916900000000055e+00
1.101367400000000174e+01 3.326182100000000030e+00
1.100591999999999970e+01 3.337429299999999710e+00
1.099813999999999936e+01 3.348658399999999702e+00
1.099033299999999969e+01 3.359869400000000006e+00
1.098250100000000096e+01 3.371062100000000061e+00
1.097464300000000037e+01 3.382236600000000148e+00
1.096675800000000045e+01 3.393392799999999987e+00
1.095884799999999970e+01 3.404530600000000184e+00
1.095091200000000065e+01 3.415650000000000297e+00
1.094295000000000151e+01 3.426750900000000044e+00
1.093496199999999874e+01 3.437833200000000033e+00
1.092694799999999944e+01 3.448896900000000265e+00
1.091890899999999931e+01 3.459941900000000015e+00
1.091084399999999910e+01 3.470968199999999726e+00
1.090275300000000058e+01 3.481975600000000171e+00
1.089463700000000124e+01 3.492964300000000133e+00
1.088649500000000003e+01 3.503934000000000104e+00
1.087832799999999978e+01 3.514884700000000084e+00
1.087013499999999944e+01 3.525816400000000073e+00
1.086191700000000004e+01 3.536728899999999953e+00
1.085367400000000160e+01 3.547622400000000287e+00
1.084540500000000129e+01 3.558496599999999788e+00
1.083711000000000091e+01 3.569351500000000232e+00
1.082879099999999895e+01 3.580187100000000289e+00
1.082044600000000045e+01 3.591003399999999957e+00
1.081207699999999861e+01 3.601800099999999727e+00
1.080368200000000023e+01 3.612577400000000161e+00
1.079526200000000102e+01 3.623335099999999809e+00
1.078681699999999921e+01 3.634073200000000003e+00
1.077834700000000012e+01 3.644791600000000020e+00
1.076985200000000020e+01 3.655490200000000023e+00
1.076133300000000048e+01 3.666169100000000292e+00
1.075278800000000068e+01 3.676827999999999985e+00
1.074421899999999930e+01 3.687467099999999665e+00
1.073562500000000064e+01 3.698086200000000101e+00
1.072700599999999937e+01 3.708685299999999962e+00
1.071836199999999906e+01 3.719264299999999857e+00
1.070969399999999894e+01 3.729823099999999947e+00
1.070100200000000079e+01 3.740361800000000070e+00
1.069228500000000004e+01 3.750880200000000109e+00
1.068354300000000023e+01 3.761378300000000063e+00
1.067477799999999988e+01 3.771856000000000098e+00
1.066598699999999944e+01 3.782313199999999931e+00
1.065717300000000023e+01 3.792749999999999844e+00
1.064833400000000019e+01 3.803166300000000000e+00
1.063947100000000034e+01 3.813561900000000282e+00
1.063058400000000070e+01 3.823936900000000083e+00
1.062167200000000022e+01 3.834291200000000011e+00
1.061273699999999920e+01 3.844624699999999784e+00
1.060377700000000090e+01 3.854937399999999847e+00
1.059479400000000027e+01 3.865229200000000365e+00
1.058578699999999984e+01 3.875500100000000003e+00
1.057675499999999857e+01 3.885749899999999979e+00
1.056770000000000032e+01 3.895978799999999964e+00
1.055862099999999870e+01 3.906186500000000006e+00
1.054951900000000009e+01 3.916373099999999940e+00
1.054039299999999990e+01 3.926538499999999932e+00
1.053124299999999991e+01 3.936682600000000143e+00
1.052206900000000012e+01 3.946805400000000130e+00
1.051287199999999977e+01 3.956906800000000057e+00
1.050365200000000065e+01 3.966986799999999924e+00
1.049440799999999996e+01 3.977045200000000058e+00
1.048514100000000049e+01 3.987082199999999688e+00
1.047585000000000122e+01 3.997097499999999748e+00
1.046653599999999962e+01 4.007091299999999912e+00
1.045719900000000102e+01 4.017063300000000226e+00
1.044783900000000010e+01 4.027013499999999802e+00
1.043845499999999937e+01 4.036941899999999528e+00
1.042904900000000090e+01 4.046848500000000293e+00
1.041961900000000085e+01 4.056733200000000039e+00
1.041016599999999848e+01 4.066595799999999983e+00
1.040069100000000013e+01 4.076436499999999796e+00
1.039119299999999946e+01 4.086255099999999807e+00
1.038167100000000076e+01 4.096051499999999734e+00
1.037212700000000076e+01 4.105825799999999859e+00
1.036256099999999947e+01 4.115577799999999620e+00
1.035297100000000015e+01 4.125307499999999905e+00
1.034336000000000055e+01 4.135014899999999827e+00
1.033372500000000116e+01 4.144699899999999992e+00
1.032406799999999869e+01 4.154362500000000402e+00
1.031438800000000100e+01 4.164002499999999607e+00
1.030468699999999949e+01 4.173619999999999663e+00
1.029496199999999995e+01 4.183214900000000291e+00
1.028521600000000014e+01 4.192787099999999434e+00
1.027544699999999978e+01 4.202336599999999756e+00
1.026565600000000167e+01 4.211863400000000368e+00
1.025584300000000049e+01 4.221367299999999823e+00
1.024600699999999875e+01 4.230848400000000176e+00
1.023615000000000030e+01 4.240306600000000259e+00
1.022627100000000056e+01 4.249741799999999792e+00
1.021637000000000128e+01 4.259154000000000551e+00
1.020644700000000071e+01 4.268543099999999590e+00
1.019650200000000062e+01 4.277909099999999576e+00
1.018653499999999923e+01 4.287251900000000226e+00
1.017654700000000112e+01 4.296571499999999766e+00
1.016653699999999994e+01 4.305867899999999970e+00
1.015650499999999923e+01 4.315140900000000279e+00
1.014645200000000003e+01 4.324390500000000692e+00
1.013637699999999953e+01 4.333616799999999714e+00
0.000000000000000000e+00 1.271297827152669535e-01
7.853981633974481680e-01 1.271297827152669535e-01
1.570796326794896558e+00 1.271297827152669535e-01
2.356194490192344837e+00 1.271297827152669535e-01
3.141592653589793116e+00 1.271297827152669535e-01
-2.356194490192345281e+00 1.271297827152669535e-01
-1.570796326794896780e+00 1.271297827152669535e-01
-7.853981633974485010e-01 1.271297827152669535e-01
