# Cls = PFC
# Exp = WEST
# Name = BaffleV2
3.100000000000000000e+01 2.280000000000000000e+02
2.580000000000000071e+00 -8.594000000000001638e-01
2.669999999999999929e+00 -8.594000000000001638e-01
2.669999999999999929e+00 -8.394000000000001460e-01
2.635000000000000231e+00 -8.394000000000001460e-01
2.635000000000000231e+00 -7.304000000000001602e-01
2.694999999999999840e+00 -7.304000000000001602e-01
2.697999999999999954e+00 -7.084000000000000297e-01
2.750000000000000000e+00 -7.084000000000000297e-01
2.750000000000000000e+00 -6.934000000000000163e-01
2.785600000000000076e+00 -6.934000000000000163e-01
2.785600000000000076e+00 -6.754000000000000004e-01
2.726570000000000160e+00 -6.754000000000000004e-01
2.617669999999999941e+00 -6.754000000000000004e-01
2.465250000000000163e+00 -6.754000000000000004e-01
2.389499999999999957e+00 -6.754000000000000004e-01
2.386699999999999822e+00 -6.757999999999999563e-01
2.384199999999999875e+00 -6.771000000000000352e-01
2.382200000000000539e+00 -6.791000000000000369e-01
2.380900000000000016e+00 -6.815999999999999837e-01
2.380500000000000060e+00 -6.844000000000000083e-01
2.380900000000000016e+00 -6.872000000000000330e-01
2.382200000000000539e+00 -6.896999999999999797e-01
2.384199999999999875e+00 -6.916999999999999815e-01
2.386699999999999822e+00 -6.930000000000000604e-01
2.389499999999999957e+00 -6.934000000000000163e-01
2.462000000000000188e+00 -6.934000000000000163e-01
2.462000000000000188e+00 -7.134000000000001451e-01
2.471999999999999975e+00 -7.304000000000001602e-01
2.615000000000000213e+00 -7.304000000000001602e-01
2.615000000000000213e+00 -8.394000000000001460e-01
2.580000000000000071e+00 -8.394000000000001460e-01
1.377891514732365076e-02 2.717069855371586837e-02
4.133674544197096096e-02 2.717069855371587184e-02
6.889457573661829370e-02 2.717069855371587184e-02
9.645240603126560563e-02 2.717069855371587184e-02
1.240102363259128759e-01 2.717069855371588571e-02
1.515680666205601879e-01 2.717069855371589959e-02
1.791258969152074998e-01 2.717069855371589959e-02
2.066837272098548117e-01 2.717069855371589959e-02
2.342415575045021237e-01 2.717069855371589959e-02
2.617993877991494078e-01 2.717069855371589959e-02
2.893572180937967198e-01 2.717069855371589959e-02
3.169150483884440317e-01 2.717069855371589959e-02
3.444728786830913436e-01 2.717069855371589959e-02
3.720307089777386556e-01 2.717069855371589959e-02
3.995885392723859675e-01 2.717069855371589959e-02
4.271463695670333349e-01 2.717069855371589959e-02
4.547041998616805913e-01 2.717069855371589959e-02
4.822620301563280143e-01 2.717069855371589959e-02
5.098198604509751597e-01 2.717069855371589959e-02
5.373776907456224716e-01 2.717069855371589959e-02
5.649355210402697836e-01 2.717069855371589959e-02
5.924933513349170955e-01 2.717069855371589959e-02
6.200511816295644074e-01 2.717069855371589959e-02
6.476090119242117193e-01 2.717069855371589959e-02
6.751668422188590313e-01 2.717069855371589959e-02
7.027246725135063432e-01 2.717069855371589959e-02
7.302825028081536551e-01 2.717069855371589959e-02
7.578403331028009671e-01 2.717069855371589959e-02
7.853981633974482790e-01 2.717069855371589959e-02
8.129559936920955909e-01 2.717069855371589959e-02
8.405138239867429029e-01 2.717069855371589959e-02
8.680716542813902148e-01 2.717069855371589959e-02
8.956294845760375267e-01 2.717069855371589959e-02
9.231873148706848387e-01 2.717069855371589959e-02
9.507451451653320396e-01 2.717069855371589959e-02
9.783029754599794625e-01 2.717069855371589959e-02
1.005860805754626774e+00 2.717069855371578857e-02
1.033418636049273864e+00 2.717069855371567755e-02
1.060976466343921398e+00 2.717069855371567755e-02
1.088534296638568488e+00 2.717069855371567755e-02
1.116092126933216022e+00 2.717069855371567755e-02
1.143649957227863112e+00 2.717069855371567755e-02
1.171207787522510646e+00 2.717069855371567755e-02
1.198765617817157736e+00 2.717069855371567755e-02
1.226323448111805270e+00 2.717069855371567755e-02
1.253881278406452360e+00 2.717069855371567755e-02
1.281439108701099894e+00 2.717069855371567755e-02
1.308996938995746984e+00 2.717069855371567755e-02
1.336554769290394518e+00 2.717069855371567755e-02
1.364112599585041607e+00 2.717069855371567755e-02
1.391670429879689141e+00 2.717069855371567755e-02
1.419228260174336231e+00 2.717069855371567755e-02
1.446786090468983765e+00 2.717069855371567755e-02
1.474343920763630855e+00 2.717069855371567755e-02
1.501901751058278389e+00 2.717069855371567755e-02
1.529459581352925479e+00 2.717069855371567755e-02
1.557017411647573013e+00 2.717069855371567755e-02
1.584575241942220103e+00 2.717069855371567755e-02
1.612133072236867637e+00 2.717069855371567755e-02
1.639690902531514727e+00 2.717069855371567755e-02
1.667248732826162261e+00 2.717069855371567755e-02
1.694806563120809351e+00 2.717069855371567755e-02
1.722364393415456885e+00 2.717069855371567755e-02
1.749922223710103975e+00 2.717069855371567755e-02
1.777480054004751509e+00 2.717069855371567755e-02
1.805037884299398598e+00 2.717069855371567755e-02
1.832595714594046132e+00 2.717069855371567755e-02
1.860153544888693222e+00 2.717069855371567755e-02
1.887711375183340756e+00 2.717069855371567755e-02
1.915269205477987846e+00 2.717069855371567755e-02
1.942827035772635380e+00 2.717069855371567755e-02
1.970384866067282470e+00 2.717069855371567755e-02
1.997942696361930004e+00 2.717069855371545550e-02
2.025500526656577094e+00 2.717069855371523346e-02
2.053058356951224184e+00 2.717069855371523346e-02
2.080616187245871718e+00 2.717069855371523346e-02
2.108174017540519252e+00 2.717069855371523346e-02
2.135731847835166342e+00 2.717069855371523346e-02
2.163289678129813431e+00 2.717069855371523346e-02
2.190847508424460965e+00 2.717069855371523346e-02
2.218405338719108499e+00 2.717069855371523346e-02
2.245963169013755589e+00 2.717069855371523346e-02
2.273520999308402679e+00 2.717069855371523346e-02
2.301078829603050213e+00 2.717069855371523346e-02
2.328636659897697747e+00 2.717069855371523346e-02
2.356194490192344837e+00 2.717069855371523346e-02
2.383752320486991927e+00 2.717069855371523346e-02
2.411310150781639461e+00 2.717069855371523346e-02
2.438867981076286995e+00 2.717069855371523346e-02
2.466425811370934085e+00 2.717069855371523346e-02
2.493983641665581175e+00 2.717069855371523346e-02
2.521541471960228709e+00 2.717069855371523346e-02
2.549099302254876243e+00 2.717069855371523346e-02
2.576657132549523332e+00 2.717069855371523346e-02
2.604214962844170422e+00 2.717069855371523346e-02
2.631772793138817956e+00 2.717069855371523346e-02
2.659330623433465490e+00 2.717069855371523346e-02
2.686888453728112580e+00 2.717069855371523346e-02
2.714446284022759670e+00 2.717069855371523346e-02
2.742004114317407204e+00 2.717069855371523346e-02
2.769561944612054738e+00 2.717069855371523346e-02
2.797119774906701828e+00 2.717069855371523346e-02
2.824677605201348918e+00 2.717069855371523346e-02
2.852235435495996452e+00 2.717069855371523346e-02
2.879793265790643986e+00 2.717069855371523346e-02
2.907351096085291076e+00 2.717069855371523346e-02
2.934908926379938165e+00 2.717069855371523346e-02
2.962466756674585699e+00 2.717069855371523346e-02
2.990024586969233233e+00 2.717069855371523346e-02
3.017582417263880323e+00 2.717069855371523346e-02
3.045140247558527413e+00 2.717069855371523346e-02
3.072698077853174947e+00 2.717069855371523346e-02
3.100255908147822481e+00 2.717069855371523346e-02
3.127813738442469571e+00 2.717069855371523346e-02
-3.127813738442470015e+00 2.717069855371523346e-02
-3.100255908147822481e+00 2.717069855371523346e-02
-3.072698077853174947e+00 2.717069855371523346e-02
-3.045140247558527857e+00 2.717069855371523346e-02
-3.017582417263880767e+00 2.717069855371523346e-02
-2.990024586969233233e+00 2.717069855371523346e-02
-2.962466756674585699e+00 2.717069855371523346e-02
-2.934908926379938610e+00 2.717069855371523346e-02
-2.907351096085291520e+00 2.717069855371523346e-02
-2.879793265790643986e+00 2.717069855371523346e-02
-2.852235435495996452e+00 2.717069855371523346e-02
-2.824677605201349362e+00 2.717069855371523346e-02
-2.797119774906702272e+00 2.717069855371523346e-02
-2.769561944612054738e+00 2.717069855371523346e-02
-2.742004114317407648e+00 2.717069855371523346e-02
-2.714446284022760114e+00 2.717069855371523346e-02
-2.686888453728113024e+00 2.717069855371523346e-02
-2.659330623433465934e+00 2.717069855371523346e-02
-2.631772793138817956e+00 2.717069855371523346e-02
-2.604214962844170422e+00 2.717069855371523346e-02
-2.576657132549523777e+00 2.717069855371523346e-02
-2.549099302254876687e+00 2.717069855371523346e-02
-2.521541471960229153e+00 2.717069855371523346e-02
-2.493983641665581619e+00 2.717069855371523346e-02
-2.466425811370934529e+00 2.717069855371523346e-02
-2.438867981076287439e+00 2.717069855371523346e-02
-2.411310150781639461e+00 2.717069855371523346e-02
-2.383752320486992371e+00 2.717069855371523346e-02
-2.356194490192345281e+00 2.717069855371523346e-02
-2.328636659897698191e+00 2.717069855371523346e-02
-2.301078829603050657e+00 2.717069855371523346e-02
-2.273520999308402679e+00 2.717069855371567755e-02
-2.245963169013756033e+00 2.717069855371612164e-02
-2.218405338719108943e+00 2.717069855371612164e-02
-2.190847508424461854e+00 2.717069855371612164e-02
-2.163289678129813876e+00 2.717069855371612164e-02
-2.135731847835166786e+00 2.717069855371612164e-02
-2.108174017540519696e+00 2.717069855371612164e-02
-2.080616187245871274e+00 2.717069855371612164e-02
-2.053058356951224628e+00 2.717069855371612164e-02
-2.025500526656577094e+00 2.717069855371612164e-02
-1.997942696361930226e+00 2.717069855371612164e-02
-1.970384866067283136e+00 2.717069855371612164e-02
-1.942827035772635158e+00 2.717069855371612164e-02
-1.915269205477988068e+00 2.717069855371612164e-02
-1.887711375183340978e+00 2.717069855371612164e-02
-1.860153544888693000e+00 2.717069855371612164e-02
-1.832595714594045910e+00 2.717069855371612164e-02
-1.805037884299398820e+00 2.717069855371612164e-02
-1.777480054004751731e+00 2.717069855371612164e-02
-1.749922223710104641e+00 2.717069855371612164e-02
-1.722364393415456663e+00 2.717069855371612164e-02
-1.694806563120809573e+00 2.717069855371612164e-02
-1.667248732826162483e+00 2.717069855371612164e-02
-1.639690902531514505e+00 2.717069855371612164e-02
-1.612133072236867415e+00 2.717069855371612164e-02
-1.584575241942220325e+00 2.717069855371612164e-02
-1.557017411647573235e+00 2.717069855371612164e-02
-1.529459581352926145e+00 2.717069855371612164e-02
-1.501901751058278167e+00 2.717069855371612164e-02
-1.474343920763631077e+00 2.717069855371612164e-02
-1.446786090468983987e+00 2.717069855371612164e-02
-1.419228260174336009e+00 2.717069855371612164e-02
-1.391670429879688919e+00 2.717069855371612164e-02
-1.364112599585041830e+00 2.717069855371612164e-02
-1.336554769290394740e+00 2.717069855371612164e-02
-1.308996938995747650e+00 2.717069855371612164e-02
-1.281439108701099672e+00 2.717069855371612164e-02
-1.253881278406452582e+00 2.717069855371612164e-02
-1.226323448111805492e+00 2.717069855371612164e-02
-1.198765617817157514e+00 2.717069855371612164e-02
-1.171207787522510424e+00 2.717069855371612164e-02
-1.143649957227863334e+00 2.717069855371612164e-02
-1.116092126933216244e+00 2.717069855371612164e-02
-1.088534296638569154e+00 2.717069855371612164e-02
-1.060976466343921176e+00 2.717069855371612164e-02
-1.033418636049274086e+00 2.717069855371612164e-02
-1.005860805754626996e+00 2.717069855371612164e-02
-9.783029754599799066e-01 2.717069855371612164e-02
-9.507451451653319285e-01 2.717069855371612164e-02
-9.231873148706848387e-01 2.717069855371612164e-02
-8.956294845760377488e-01 2.717069855371612164e-02
-8.680716542813906589e-01 2.717069855371612164e-02
-8.405138239867435690e-01 2.717069855371612164e-02
-8.129559936920955909e-01 2.717069855371612164e-02
-7.853981633974485010e-01 2.717069855371612164e-02
-7.578403331028014112e-01 2.717069855371612164e-02
-7.302825028081534331e-01 2.717069855371612164e-02
-7.027246725135063432e-01 2.717069855371612164e-02
-6.751668422188593643e-01 2.717069855371612164e-02
-6.476090119242121634e-01 2.717069855371612164e-02
-6.200511816295650735e-01 2.717069855371612164e-02
-5.924933513349170955e-01 2.717069855371612164e-02
-5.649355210402700056e-01 2.717069855371612164e-02
-5.373776907456229157e-01 2.717069855371612164e-02
-5.098198604509749376e-01 2.717069855371612164e-02
-4.822620301563278478e-01 2.717069855371612164e-02
-4.547041998616807579e-01 2.717069855371612164e-02
-4.271463695670336680e-01 2.717069855371612164e-02
-3.995885392723866336e-01 2.717069855371612164e-02
-3.720307089777386000e-01 2.717069855371612164e-02
-3.444728786830915102e-01 2.717069855371612164e-02
-3.169150483884444203e-01 2.717069855371612164e-02
-2.893572180937964422e-01 2.717069855371612164e-02
-2.617993877991493523e-01 2.717069855371612164e-02
-2.342415575045022624e-01 2.717069855371612164e-02
-2.066837272098552003e-01 2.717069855371612164e-02
-1.791258969152081659e-01 2.717069855371612164e-02
-1.515680666205601324e-01 2.717069855371612164e-02
-1.240102363259130425e-01 2.717069855371612164e-02
-9.645240603126595258e-02 2.717069855371612164e-02
-6.889457573661796064e-02 2.717069855371612164e-02
-4.133674544197088463e-02 2.717069855371612164e-02
-1.377891514732378954e-02 2.717069855371612164e-02
