# Cls = PFC
# Exp = WEST
# Name = CasingPJLDivV0
7.500000000000000000e+01 1.200000000000000000e+01
2.310400000000000009e+00 -9.113999999999999879e-01
2.314999999999999947e+00 -9.073999999999999844e-01
2.314999999999999947e+00 -8.236999999999999877e-01
2.302000000000000046e+00 -8.236999999999999877e-01
2.298999999999999932e+00 -8.206999999999999851e-01
2.298999999999999932e+00 -8.142000000000000348e-01
2.265499999999999847e+00 -8.142000000000000348e-01
2.265699999999999825e+00 -8.699000000000000066e-01
2.262500000000000178e+00 -8.729000000000000092e-01
2.198500000000000121e+00 -8.729000000000000092e-01
2.195500000000000007e+00 -8.699000000000000066e-01
2.195500000000000007e+00 -8.418999999999999817e-01
2.192499999999999893e+00 -8.388999999999999790e-01
2.134500000000000064e+00 -8.388999999999999790e-01
2.131499999999999950e+00 -8.358999999999999764e-01
2.131499999999999950e+00 -7.488000000000000211e-01
2.130500000000000060e+00 -7.478000000000000203e-01
2.111499999999999932e+00 -7.478000000000000203e-01
2.110500000000000043e+00 -7.488000000000000211e-01
2.110500000000000043e+00 -8.073000000000000176e-01
2.107499999999999929e+00 -8.103000000000000203e-01
2.043499999999999872e+00 -8.103000000000000203e-01
2.040500000000000203e+00 -8.073000000000000176e-01
2.040500000000000203e+00 -7.792999999999999927e-01
2.037500000000000089e+00 -7.762999999999999901e-01
1.979500000000000037e+00 -7.762999999999999901e-01
1.976799999999999891e+00 -7.732999999999999874e-01
1.976799999999999891e+00 -7.053000000000000380e-01
1.975500000000000034e+00 -7.043000000000000371e-01
1.940700000000000092e+00 -7.043000000000000371e-01
1.940700000000000092e+00 -6.602000000000000091e-01
1.936199999999999921e+00 -6.582000000000000073e-01
1.879999999999999893e+00 -6.582000000000000073e-01
1.879999999999999893e+00 -7.155000000000000249e-01
1.881499999999999950e+00 -7.186000000000000165e-01
1.890581027138539927e+00 -7.258083123307490503e-01
1.899750906718500110e+00 -7.329032491900659974e-01
1.909008223349669908e+00 -7.398837154595230281e-01
1.918351548145740049e+00 -7.467486336894629817e-01
1.927779438944879908e+00 -7.534969442653149940e-01
1.937290440532299929e+00 -7.601276055711450041e-01
1.946883084864909907e+00 -7.666395941504280387e-01
1.956555891297869998e+00 -7.730319048640279522e-01
1.966307366813150104e+00 -7.793035510453359960e-01
1.976136006249999966e+00 -7.854535646525709902e-01
1.986040292537230023e+00 -7.914809964181920288e-01
1.996018696927420066e+00 -7.973849159954270460e-01
2.006069679232859837e+00 -8.031644121018659543e-01
2.016191688063289966e+00 -8.088185926601270115e-01
2.026383161065340222e+00 -8.143465849355440156e-01
2.036642525163720130e+00 -8.197475356708799898e-01
2.046968196803990114e+00 -8.250206112180249463e-01
2.057358582197020169e+00 -8.301649976666749531e-01
2.067812077564950002e+00 -8.351799009699579779e-01
2.078327069388790083e+00 -8.400645470669989567e-01
2.088901934657419801e+00 -8.448181820023950017e-01
2.099535041118130163e+00 -8.494400720425939744e-01
2.110224747528589795e+00 -8.539295037891430074e-01
2.120969403910109907e+00 -8.582857842888079736e-01
2.131767351802369870e+00 -8.625082411405270433e-01
2.142616924519400001e+00 -8.665962225992039913e-01
2.153516447406830014e+00 -8.705490976762969568e-01
2.164464238100360038e+00 -8.743662562372239710e-01
2.175458606785470206e+00 -8.780471090955289659e-01
2.186497856458229805e+00 -8.815910881038290237e-01
2.197580283187209993e+00 -8.849976462415090062e-01
2.208704176376540040e+00 -8.882662576991520176e-01
2.219867819029900158e+00 -8.913964179597040349e-01
2.231069488015560154e+00 -8.943876438763429526e-01
2.242307454332340022e+00 -8.972394737470550385e-01
2.253579983376510221e+00 -8.999514673859000391e-01
2.264885335209480210e+00 -9.025232061909540526e-01
2.276221764826409810e+00 -9.049542932089219560e-01
2.287587522425550191e+00 -9.072443531964079488e-01
2.298980853678290082e+00 -9.093930326778340012e-01
-1.745329303560362977e+00 5.035319379006597540e-02
-1.396263453161497026e+00 5.035319379006597540e-02
-6.981317523637653455e-01 5.035319379006597540e-02
-3.490659019648993944e-01 5.035319379006597540e-02
3.490657988328322858e-01 5.035319379006597540e-02
6.981316492316982369e-01 5.035319379006597540e-02
1.396263350029430139e+00 5.035319379006597540e-02
1.745329200428296090e+00 5.035319379006597540e-02
2.443460901226027548e+00 5.035319379006597540e-02
2.792526751624893944e+00 5.035319379006597540e-02
-2.792526854756960830e+00 5.035319379006597540e-02
-2.443461004358095323e+00 5.035319379006597540e-02
