# Cls = PFC
# Exp = NSTX
# Name = BumperOutter01
4.500000000000000000e+01 0.000000000000000000e+00
1.296953100000000063e+02 2.424101599999999905e+02
1.305742199999999968e+02 2.417031199999999842e+02
1.314335900000000095e+02 2.418593799999999874e+02
1.314335900000000095e+02 2.425195299999999747e+02
1.318984300000000189e+02 2.425235299999999654e+02
1.318984300000000189e+02 2.431836899999999559e+02
1.323750000000000284e+02 2.431836899999999559e+02
1.323750000000000284e+02 2.438555699999999433e+02
1.328437500000000284e+02 2.438555699999999433e+02
1.328437500000000284e+02 2.445196199999999465e+02
1.333164100000000190e+02 2.445196199999999465e+02
1.333164100000000190e+02 2.451797799999999370e+02
1.337812500000000284e+02 2.451797799999999370e+02
1.337812500000000284e+02 2.458555599999999401e+02
1.342578100000000347e+02 2.458555599999999401e+02
1.342578100000000347e+02 2.465157199999999307e+02
1.347265600000000347e+02 2.465157199999999307e+02
1.347265600000000347e+02 2.471914999999999338e+02
1.351992200000000253e+02 2.471914999999999338e+02
1.351992200000000253e+02 2.478516499999999212e+02
1.356679700000000253e+02 2.478516499999999212e+02
1.356679700000000253e+02 2.485157199999999307e+02
1.361406200000000126e+02 2.485157199999999307e+02
1.361406200000000126e+02 2.491877499999999372e+02
1.366093700000000126e+02 2.491877499999999372e+02
1.366093700000000126e+02 2.498518099999999436e+02
1.370859400000000221e+02 2.498518099999999436e+02
1.370859400000000221e+02 2.505119699999999341e+02
1.375507800000000316e+02 2.505119699999999341e+02
1.375507800000000316e+02 2.511838399999999467e+02
1.380273500000000411e+02 2.511838399999999467e+02
1.380273500000000411e+02 2.518478999999999530e+02
1.384921900000000505e+02 2.518478999999999530e+02
1.384921900000000505e+02 2.525197799999999404e+02
1.389687500000000568e+02 2.525197799999999404e+02
1.389687500000000568e+02 2.531838499999999499e+02
1.394336000000000695e+02 2.531838499999999499e+02
1.394336000000000695e+02 2.538439999999999372e+02
1.399101500000000726e+02 2.538439999999999372e+02
1.399101500000000726e+02 2.545158799999999246e+02
1.403750000000000853e+02 2.545158799999999246e+02
1.403750000000000853e+02 2.551799299999999278e+02
1.396914100000000758e+02 2.551799299999999278e+02
1.393593800000000726e+02 2.558127499999999372e+02
1.392578100000000632e+02 2.560705599999999436e+02
