# Cls = PFC
# Exp = COMPASS
# Name = outer
8.100000000000000000e+01 0.000000000000000000e+00
6.664665937423706055e-01 -2.709394097328186035e-01
6.845999999999999863e-01 -2.500000000000000000e-01
7.190000000000000835e-01 -2.000000000000000111e-01
7.410999999999999810e-01 -1.633000000000000007e-01
7.540000000000000036e-01 -1.360000000000000098e-01
7.728000000000000425e-01 -8.899999999999999578e-02
7.790000000000000258e-01 -6.700000000000000400e-02
7.890000000000000346e-01 0.000000000000000000e+00
7.790000000000000258e-01 6.700000000000000400e-02
7.729000000000000314e-01 8.899999999999999578e-02
7.540000000000000036e-01 1.360000000000000098e-01
7.410999999999999810e-01 1.632000000000000117e-01
7.190000000000000835e-01 2.000000000000000111e-01
6.664665937423706055e-01 2.709394097328186035e-01
6.659340262413024902e-01 2.446697950363159180e-01
6.724190115928649902e-01 2.366441041231155396e-01
6.785935759544372559e-01 2.286842018365859985e-01
6.844741702079772949e-01 2.207916975021362305e-01
6.900765895843505859e-01 2.129670977592468262e-01
6.954159140586853027e-01 2.052100002765655518e-01
7.005060911178588867e-01 1.975191980600357056e-01
7.053607702255249023e-01 1.898930966854095459e-01
7.099922895431518555e-01 1.823291927576065063e-01
7.144126892089843750e-01 1.748245954513549805e-01
7.186329960823059082e-01 1.673759073019027710e-01
7.226635217666625977e-01 1.599794030189514160e-01
7.265139222145080566e-01 1.526309996843338013e-01
7.301931977272033691e-01 1.453263014554977417e-01
7.337096929550170898e-01 1.380607932806015015e-01
7.370712161064147949e-01 1.308293938636779785e-01
7.402846813201904297e-01 1.236270964145660400e-01
7.433568835258483887e-01 1.164487004280090332e-01
7.462937235832214355e-01 1.092887967824935913e-01
7.491006255149841309e-01 1.021417006850242615e-01
7.517824769020080566e-01 9.500175714492797852e-02
7.543438076972961426e-01 8.786311745643615723e-02
7.567886114120483398e-01 8.071980625391006470e-02
7.591202259063720703e-01 7.356572896242141724e-02
7.613418102264404297e-01 6.639464944601058960e-02
7.634431719779968262e-01 5.919663980603218079e-02
7.653238773345947266e-01 5.194098502397537231e-02
7.669575810432434082e-01 4.462786763906478882e-02
7.683426737785339355e-01 3.726541996002197266e-02
7.694777846336364746e-01 2.986181341111660004e-02
7.703619003295898438e-01 2.242523804306983948e-02
7.709938883781433105e-01 1.496391557157039642e-02
7.713735103607177734e-01 7.486086338758468628e-03
7.714999914169311523e-01 0.000000000000000000e+00
7.713735103607177734e-01 -7.486086338758468628e-03
7.709938883781433105e-01 -1.496391557157039642e-02
7.703619003295898438e-01 -2.242523804306983948e-02
7.694777846336364746e-01 -2.986181341111660004e-02
7.683426737785339355e-01 -3.726541996002197266e-02
7.669575810432434082e-01 -4.462786763906478882e-02
7.653238773345947266e-01 -5.194098502397537231e-02
7.634431719779968262e-01 -5.919663980603218079e-02
7.613418102264404297e-01 -6.639464944601058960e-02
7.591202259063720703e-01 -7.356572896242141724e-02
7.567886114120483398e-01 -8.071980625391006470e-02
7.543438076972961426e-01 -8.786311745643615723e-02
7.517824769020080566e-01 -9.500175714492797852e-02
7.491006255149841309e-01 -1.021417006850242615e-01
7.462937235832214355e-01 -1.092887967824935913e-01
7.433568835258483887e-01 -1.164487004280090332e-01
7.402846813201904297e-01 -1.236270964145660400e-01
7.370712161064147949e-01 -1.308293938636779785e-01
7.337096929550170898e-01 -1.380607932806015015e-01
7.301931977272033691e-01 -1.453263014554977417e-01
7.265139222145080566e-01 -1.526309996843338013e-01
7.226635217666625977e-01 -1.599794030189514160e-01
7.186329960823059082e-01 -1.673759073019027710e-01
7.144126892089843750e-01 -1.748245954513549805e-01
7.099922895431518555e-01 -1.823291927576065063e-01
7.053607702255249023e-01 -1.898930966854095459e-01
7.005060911178588867e-01 -1.975191980600357056e-01
6.954159140586853027e-01 -2.052100002765655518e-01
6.900765895843505859e-01 -2.129670977592468262e-01
6.844741702079772949e-01 -2.207916975021362305e-01
6.785935759544372559e-01 -2.286842018365859985e-01
6.724190115928649902e-01 -2.366441041231155396e-01
6.659340262413024902e-01 -2.446697950363159180e-01
