# Cls = Ves
# Exp = SPARC
# Name = FirstWallV0
4.800000000000000000e+01 0.000000000000000000e+00
1.820512712488372653e+00 1.601443972984737840e+00
1.480990245163795294e+00 1.175335251784884516e+00
1.284703760553424612e+00 1.235450127359484895e+00
1.459770115517925237e+00 1.097539450105454950e+00
1.270557013694124660e+00 5.016945193826800597e-01
1.272325284535403167e+00 -5.061145637980528633e-01
1.461538386359203745e+00 -1.100191465528028267e+00
1.291777087198471285e+00 -1.225725621744045757e+00
1.480990189022271863e+00 -1.177987285918541183e+00
1.824049441309339326e+00 -1.602327903281262067e+00
1.852343084738667045e+00 -1.588183259695032490e+00
1.852343084738667045e+00 -1.413142757371796066e+00
1.732095427656243913e+00 -1.411374559979245102e+00
1.643678067968751932e+00 -1.209812780765265217e+00
1.645446525948440541e+00 -1.188595721830504104e+00
1.656056562700614077e+00 -1.169146860288293510e+00
1.740937156139457098e+00 -1.109031891158275940e+00
1.847037897938010875e+00 -1.038308486116294560e+00
1.928381912266615039e+00 -9.658168836817635494e-01
2.022104196760988515e+00 -8.721082223124705379e-01
2.167108768451771361e+00 -7.147487583605638406e-01
2.243147595979719799e+00 -6.139676816427388495e-01
2.308576424183176989e+00 -5.096507714723181870e-01
2.303271424520931365e+00 -4.848975048632904183e-01
2.340406609295061280e+00 -4.194783177772909433e-01
2.374005252386634179e+00 -3.363782794307965673e-01
2.411140437160763650e+00 -2.179165385633119456e-01
2.423518894464943951e+00 -1.436569258470647981e-01
2.434129080927845745e+00 -5.171646187032274966e-02
2.432360622948156692e+00 8.619432765020818010e-02
2.412908895140452259e+00 2.028878711251427269e-01
2.374005252386634179e+00 3.354944426896917520e-01
2.335101609632815656e+00 4.292029169481494932e-01
2.305039695362209873e+00 4.840136681221856030e-01
2.306808153341898926e+00 5.123029552946438692e-01
2.237842596317474619e+00 6.219242705318814846e-01
2.144120124684690598e+00 7.421541713697499265e-01
2.046861111369349562e+00 8.447031461027891819e-01
1.954907097716254150e+00 9.313393547013828488e-01
1.870026541705093415e+00 1.010903222795778378e+00
1.790450985356177860e+00 1.072786239629678784e+00
1.696728551151075681e+00 1.134669256463579190e+00
1.657824945824939000e+00 1.164726722317504626e+00
1.643678142824116506e+00 1.187711847667231924e+00
1.648983179914044417e+00 1.219537398647206672e+00
1.733863885635933855e+00 1.408722563267756245e+00
1.848806355917700373e+00 1.410490760660306764e+00
1.850574813897389426e+00 1.592603603487741548e+00
