# Cls = PFC
# Exp = ITER
# Name = BLK16
4.000000000000000000e+00 3.600000000000000000e+01
8.315799999999999415e+00 -3.713099999999999734e-01
7.888899999999999579e+00 -1.336799999999999988e+00
8.044399999999999551e+00 -1.405599999999999961e+00
8.471299999999999386e+00 -4.400600000000000067e-01
0.000000000000000000e+00 1.721456852600260490e-01
1.745329251994329478e-01 1.721456852600260490e-01
3.490658503988658956e-01 1.721456852600260490e-01
5.235987755982988157e-01 1.721456852600260490e-01
6.981317007977317912e-01 1.721456852600260490e-01
8.726646259971647668e-01 1.721456852600260490e-01
1.047197551196597631e+00 1.721456852600260490e-01
1.221730476396030607e+00 1.721456852600260490e-01
1.396263401595463582e+00 1.721456852600260490e-01
1.570796326794896558e+00 1.721456852600260490e-01
1.745329251994329534e+00 1.721456852600260490e-01
1.919862177193762509e+00 1.721456852600260490e-01
2.094395102393195263e+00 1.721456852600260490e-01
2.268928027592628460e+00 1.721456852600260490e-01
2.443460952792061214e+00 1.721456852600260490e-01
2.617993877991494411e+00 1.721456852600260490e-01
2.792526803190927165e+00 1.721456852600260490e-01
2.967059728390359918e+00 1.721456852600260490e-01
3.141592653589793116e+00 1.721456852600260490e-01
-2.967059728390360807e+00 1.721456852600260490e-01
-2.792526803190927609e+00 1.721456852600260490e-01
-2.617993877991494855e+00 1.721456852600260490e-01
-2.443460952792061658e+00 1.721456852600260490e-01
-2.268928027592628460e+00 1.721456852600260490e-01
-2.094395102393196151e+00 1.721456852600260490e-01
-1.919862177193763175e+00 1.721456852600260490e-01
-1.745329251994329534e+00 1.721456852600260490e-01
-1.570796326794896780e+00 1.721456852600260490e-01
-1.396263401595464027e+00 1.721456852600260490e-01
-1.221730476396031273e+00 1.721456852600260490e-01
-1.047197551196597631e+00 1.721456852600260490e-01
-8.726646259971648778e-01 1.721456852600260490e-01
-6.981317007977322353e-01 1.721456852600260490e-01
-5.235987755982993708e-01 1.721456852600260490e-01
-3.490658503988666728e-01 1.721456852600260490e-01
-1.745329251994330033e-01 1.721456852600260490e-01
