# Cls = PFC
# Exp = WEST
# Name = ThermalShieldLFSUpV0
1.120000000000000000e+02 1.200000000000000000e+01
3.190369098867310793e+00 4.201230000000000242e-01
3.188998699999999964e+00 4.226449600000000140e-01
3.184112400000000065e+00 4.313969799999999855e-01
3.179126300000000072e+00 4.400925299999999818e-01
3.174040999999999890e+00 4.487304500000000029e-01
3.168857200000000152e+00 4.573096099999999775e-01
3.163575600000000154e+00 4.658288999999999902e-01
3.158196900000000085e+00 4.742872000000000199e-01
3.152721699999999849e+00 4.826833999999999847e-01
3.147150799999999915e+00 4.910164000000000195e-01
3.141484900000000025e+00 4.992851200000000267e-01
3.135724800000000201e+00 5.074884600000000301e-01
3.129871200000000186e+00 5.156253499999999823e-01
3.123924900000000004e+00 5.236947299999999972e-01
3.117886599999999842e+00 5.316955500000000168e-01
3.111757200000000001e+00 5.396267399999999936e-01
3.105537500000000062e+00 5.474872899999999598e-01
3.099228200000000211e+00 5.552761499999999684e-01
3.092830100000000026e+00 5.629923100000000513e-01
3.086344299999999929e+00 5.706347499999999684e-01
3.079771299999999989e+00 5.782024799999999631e-01
3.073112300000000019e+00 5.856945099999999460e-01
3.066367899999999924e+00 5.931098500000000495e-01
3.059539099999999845e+00 6.004475299999999516e-01
3.052626899999999921e+00 6.077065900000000465e-01
3.045631999999999895e+00 6.148860900000000518e-01
3.038555399999999906e+00 6.219850799999999680e-01
3.031397999999999815e+00 6.290026300000000070e-01
3.024160900000000041e+00 6.359378300000000372e-01
3.016844799999999882e+00 6.427897599999999878e-01
3.009450800000000203e+00 6.495575300000000496e-01
3.001979899999999812e+00 6.562402499999999694e-01
2.994432999999999900e+00 6.628370500000000387e-01
2.986811100000000163e+00 6.693470700000000440e-01
2.979115199999999852e+00 6.757694400000000545e-01
2.971346299999999996e+00 6.821033399999999469e-01
2.963505399999999845e+00 6.883479200000000020e-01
2.955593700000000101e+00 6.945023799999999747e-01
2.947611999999999899e+00 7.005659100000000139e-01
2.939561400000000102e+00 7.065377099999999855e-01
2.931443100000000079e+00 7.124170100000000172e-01
2.923258000000000134e+00 7.182030200000000253e-01
2.915007199999999798e+00 7.238949999999999552e-01
2.906691900000000217e+00 7.294922000000000351e-01
2.898312999999999917e+00 7.349938900000000386e-01
2.889871799999999880e+00 7.403993399999999614e-01
2.881369199999999964e+00 7.457078499999999499e-01
2.872806499999999819e+00 7.509187299999999787e-01
2.864184700000000028e+00 7.560312799999999722e-01
2.855504999999999960e+00 7.610448499999999949e-01
2.846768400000000199e+00 7.659587700000000110e-01
2.837976199999999949e+00 7.707724099999999634e-01
2.829129500000000075e+00 7.754851200000000278e-01
2.820229499999999945e+00 7.800962999999999647e-01
2.811277299999999979e+00 7.846053499999999792e-01
2.802274000000000154e+00 7.890116600000000036e-01
2.798757293908706867e+00 7.818260648077099972e-01
2.807678568440654221e+00 7.774604825300065469e-01
2.816549249176292680e+00 7.729930786269466614e-01
2.825368230724797591e+00 7.684244646876782214e-01
2.834134380640132900e+00 7.637552578706706674e-01
2.842846563206408383e+00 7.589860233271006340e-01
2.851503597674153845e+00 7.541174565921795470e-01
2.860104311003738520e+00 7.491501154445495692e-01
2.868647622251597529e+00 7.440847168397958233e-01
2.877132431524345613e+00 7.389218502296124313e-01
2.885557625544456606e+00 7.336622858390823287e-01
2.893922054461552484e+00 7.283066187120688095e-01
2.902224689412768566e+00 7.228556323954828944e-01
2.910464377397101732e+00 7.173099591650015094e-01
2.918640118229249403e+00 7.116703966409374527e-01
2.926750743474278327e+00 7.059376743677366894e-01
2.934795255617400844e+00 7.001124576528763299e-01
2.942772630080870311e+00 6.941956275269989263e-01
2.950681719809498560e+00 6.881879163958510848e-01
2.958521546006081415e+00 6.820900290320058845e-01
2.966291148975668701e+00 6.759029006509534865e-01
2.973989430380235000e+00 6.696272509923988370e-01
2.981615376051736543e+00 6.632639414748544571e-01
2.989168009353077249e+00 6.568137723633792335e-01
2.996646325508037112e+00 6.502776177676143909e-01
3.004049368823965782e+00 6.436562978192971185e-01
3.011376208439736413e+00 6.369507098763056430e-01
3.018625804440447702e+00 6.301617831557799754e-01
3.025797228828860597e+00 6.232902432581437502e-01
3.032889617953989259e+00 6.163371676593996096e-01
3.039901959746614146e+00 6.093033810970946984e-01
3.046833322068495775e+00 6.021898468709802055e-01
3.053682820645461593e+00 5.949973931098285762e-01
3.060449643551110821e+00 5.877270774239771178e-01
3.067132794718221867e+00 5.803798588745557874e-01
3.073731439647880315e+00 5.729565208954229272e-01
3.080244740946188386e+00 5.654583246553179787e-01
3.086671774820235914e+00 5.578859383938318262e-01
3.093011815215700899e+00 5.502406202152074766e-01
3.099263876936007023e+00 5.425232539756610350e-01
3.105427210841667396e+00 5.347347836167734014e-01
3.111501065799264332e+00 5.268763225752732815e-01
3.117484621410490764e+00 5.189489095557030529e-01
3.123377048369609721e+00 5.109535201013956085e-01
3.129177611442639950e+00 5.028912519348400778e-01
3.134885551011710625e+00 4.947631079554820066e-01
3.140500137326153851e+00 4.865702009492704483e-01
3.146020602474264294e+00 4.783135839912210918e-01
3.151446215040739407e+00 4.699943859368460597e-01
3.156776249865232753e+00 4.616135900772496692e-01
3.162010072609092504e+00 4.531723589207585778e-01
3.167146981376846693e+00 4.446718163353766684e-01
3.172186280888943610e+00 4.361130658729881482e-01
3.177127311485094197e+00 4.274971673841257980e-01
3.181969433147604498e+00 4.188253517062330844e-01
3.183339832014915327e+00 4.163033917062330946e-01
-1.745329154862191867e+00 2.199364392388918343e-01
-1.396263304463325916e+00 2.199364392388918343e-01
-6.981316036655942359e-01 2.199364392388918343e-01
-3.490657532667282847e-01 2.199364392388918343e-01
3.490659475310033955e-01 2.199364392388918343e-01
6.981317979298693466e-01 2.199364392388918343e-01
1.396263498727601249e+00 2.199364392388918343e-01
1.745329349126467200e+00 2.199364392388918343e-01
2.443461049924198658e+00 2.199364392388918343e-01
2.792526900323065053e+00 2.199364392388918343e-01
-2.792526706058789721e+00 2.199364392388918343e-01
-2.443460855659924214e+00 2.199364392388918343e-01
