# Cls = PFC
# Exp = WEST
# Name = ThermalShieldLFSWideV0
3.980000000000000000e+02 6.000000000000000000e+00
2.802274000000000154e+00 -7.890116600000000036e-01
2.811277299999999979e+00 -7.846053499999999792e-01
2.820229499999999945e+00 -7.800962999999999647e-01
2.829129500000000075e+00 -7.754851200000000278e-01
2.837976199999999949e+00 -7.707724099999999634e-01
2.846768400000000199e+00 -7.659587700000000110e-01
2.855504999999999960e+00 -7.610448499999999949e-01
2.864184700000000028e+00 -7.560312799999999722e-01
2.872806499999999819e+00 -7.509187299999999787e-01
2.881369199999999964e+00 -7.457078499999999499e-01
2.889871799999999880e+00 -7.403993399999999614e-01
2.898312999999999917e+00 -7.349938900000000386e-01
2.906691900000000217e+00 -7.294922000000000351e-01
2.915007199999999798e+00 -7.238949999999999552e-01
2.923258000000000134e+00 -7.182030200000000253e-01
2.931443100000000079e+00 -7.124170100000000172e-01
2.939561400000000102e+00 -7.065377099999999855e-01
2.947611999999999899e+00 -7.005659100000000139e-01
2.955593700000000101e+00 -6.945023799999999747e-01
2.963505399999999845e+00 -6.883479200000000020e-01
2.971346299999999996e+00 -6.821033399999999469e-01
2.979115199999999852e+00 -6.757694400000000545e-01
2.986811100000000163e+00 -6.693470700000000440e-01
2.994432999999999900e+00 -6.628370500000000387e-01
3.001979899999999812e+00 -6.562402499999999694e-01
3.009450800000000203e+00 -6.495575300000000496e-01
3.016844799999999882e+00 -6.427897599999999878e-01
3.024160900000000041e+00 -6.359378300000000372e-01
3.031397999999999815e+00 -6.290026300000000070e-01
3.038555399999999906e+00 -6.219850799999999680e-01
3.045631999999999895e+00 -6.148860900000000518e-01
3.052626899999999921e+00 -6.077065900000000465e-01
3.059539099999999845e+00 -6.004475299999999516e-01
3.066367899999999924e+00 -5.931098500000000495e-01
3.073112300000000019e+00 -5.856945099999999460e-01
3.079771299999999989e+00 -5.782024799999999631e-01
3.086344299999999929e+00 -5.706347499999999684e-01
3.092830100000000026e+00 -5.629923100000000513e-01
3.099228200000000211e+00 -5.552761499999999684e-01
3.105537500000000062e+00 -5.474872899999999598e-01
3.111757200000000001e+00 -5.396267399999999936e-01
3.117886599999999842e+00 -5.316955500000000168e-01
3.123924900000000004e+00 -5.236947299999999972e-01
3.129871200000000186e+00 -5.156253499999999823e-01
3.135724800000000201e+00 -5.074884600000000301e-01
3.141484900000000025e+00 -4.992851200000000267e-01
3.147150799999999915e+00 -4.910164000000000195e-01
3.152721699999999849e+00 -4.826833999999999847e-01
3.158196900000000085e+00 -4.742872000000000199e-01
3.163575600000000154e+00 -4.658288999999999902e-01
3.168857200000000152e+00 -4.573096099999999775e-01
3.174040999999999890e+00 -4.487304500000000029e-01
3.179126300000000072e+00 -4.400925299999999818e-01
3.184112400000000065e+00 -4.313969799999999855e-01
3.188998699999999964e+00 -4.226449600000000140e-01
3.190369098867310793e+00 -4.201230000000000242e-01
3.193784500000000026e+00 -4.138376000000000277e-01
3.198469199999999901e+00 -4.049760499999999763e-01
3.203052200000000127e+00 -3.960614800000000213e-01
3.207532899999999909e+00 -3.870950499999999961e-01
3.211910800000000066e+00 -3.780779400000000012e-01
3.216185100000000130e+00 -3.690113199999999760e-01
3.220355500000000148e+00 -3.598964000000000052e-01
3.224421299999999935e+00 -3.507343399999999778e-01
3.228381900000000027e+00 -3.415263700000000235e-01
3.232237000000000027e+00 -3.322736800000000157e-01
3.235985900000000193e+00 -3.229774899999999782e-01
3.239628199999999847e+00 -3.136390099999999959e-01
3.243163399999999807e+00 -3.042594599999999816e-01
3.246591099999999841e+00 -2.948400700000000096e-01
3.249910799999999877e+00 -2.853820899999999772e-01
3.253121999999999847e+00 -2.758867300000000244e-01
3.256224299999999960e+00 -2.663552599999999826e-01
3.259217399999999820e+00 -2.567888999999999866e-01
3.262100900000000081e+00 -2.471889300000000012e-01
3.264874299999999785e+00 -2.375566000000000066e-01
3.267537299999999867e+00 -2.278931499999999888e-01
3.270089500000000093e+00 -2.181998800000000127e-01
3.272530699999999904e+00 -2.084780300000000086e-01
3.274860499999999952e+00 -1.987288799999999966e-01
3.277078599999999842e+00 -1.889537199999999917e-01
3.279184599999999783e+00 -1.791538099999999967e-01
3.281178399999999939e+00 -1.693304499999999935e-01
3.283059699999999914e+00 -1.594849200000000022e-01
3.284828200000000198e+00 -1.496185100000000101e-01
3.286483699999999786e+00 -1.397325000000000095e-01
3.288025900000000057e+00 -1.298282000000000047e-01
3.289454800000000123e+00 -1.199069100000000054e-01
3.290770000000000195e+00 -1.099699100000000040e-01
3.291971399999999992e+00 -1.000185100000000049e-01
3.293058900000000122e+00 -9.005402099999999799e-02
3.294032300000000024e+00 -8.007773899999999501e-02
3.294891400000000026e+00 -7.009097300000000086e-02
3.295636299999999963e+00 -6.009502900000000120e-02
3.296266699999999883e+00 -5.009121600000000091e-02
3.296782599999999785e+00 -4.008084600000000330e-02
3.297183899999999834e+00 -3.006522699999999992e-02
3.297470600000000029e+00 -2.004567200000000049e-02
3.297642699999999927e+00 -1.002349200000000017e-02
3.297699999999999854e+00 0.000000000000000000e+00
3.297642699999999927e+00 1.002349200000000017e-02
3.297470600000000029e+00 2.004567200000000049e-02
3.297183899999999834e+00 3.006522699999999992e-02
3.296782599999999785e+00 4.008084600000000330e-02
3.296266699999999883e+00 5.009121600000000091e-02
3.295636299999999963e+00 6.009502900000000120e-02
3.294891400000000026e+00 7.009097300000000086e-02
3.294032300000000024e+00 8.007773899999999501e-02
3.293058900000000122e+00 9.005402099999999799e-02
3.291971399999999992e+00 1.000185100000000049e-01
3.290770000000000195e+00 1.099699100000000040e-01
3.289454800000000123e+00 1.199069100000000054e-01
3.288025900000000057e+00 1.298282000000000047e-01
3.286483699999999786e+00 1.397325000000000095e-01
3.284828200000000198e+00 1.496185100000000101e-01
3.283059699999999914e+00 1.594849200000000022e-01
3.281178399999999939e+00 1.693304499999999935e-01
3.279184599999999783e+00 1.791538099999999967e-01
3.277078599999999842e+00 1.889537199999999917e-01
3.274860499999999952e+00 1.987288799999999966e-01
3.272530699999999904e+00 2.084780300000000086e-01
3.270089500000000093e+00 2.181998800000000127e-01
3.267537299999999867e+00 2.278931499999999888e-01
3.264874299999999785e+00 2.375566000000000066e-01
3.262100900000000081e+00 2.471889300000000012e-01
3.259217399999999820e+00 2.567888999999999866e-01
3.256224299999999960e+00 2.663552599999999826e-01
3.253121999999999847e+00 2.758867300000000244e-01
3.249910799999999877e+00 2.853820899999999772e-01
3.246591099999999841e+00 2.948400700000000096e-01
3.243163399999999807e+00 3.042594599999999816e-01
3.239628199999999847e+00 3.136390099999999959e-01
3.235985900000000193e+00 3.229774899999999782e-01
3.232237000000000027e+00 3.322736800000000157e-01
3.228381900000000027e+00 3.415263700000000235e-01
3.224421299999999935e+00 3.507343399999999778e-01
3.220355500000000148e+00 3.598964000000000052e-01
3.216185100000000130e+00 3.690113199999999760e-01
3.211910800000000066e+00 3.780779400000000012e-01
3.207532899999999909e+00 3.870950499999999961e-01
3.203052200000000127e+00 3.960614800000000213e-01
3.198469199999999901e+00 4.049760499999999763e-01
3.193784500000000026e+00 4.138376000000000277e-01
3.190369098867310793e+00 4.201230000000000242e-01
3.188998699999999964e+00 4.226449600000000140e-01
3.184112400000000065e+00 4.313969799999999855e-01
3.179126300000000072e+00 4.400925299999999818e-01
3.174040999999999890e+00 4.487304500000000029e-01
3.168857200000000152e+00 4.573096099999999775e-01
3.163575600000000154e+00 4.658288999999999902e-01
3.158196900000000085e+00 4.742872000000000199e-01
3.152721699999999849e+00 4.826833999999999847e-01
3.147150799999999915e+00 4.910164000000000195e-01
3.141484900000000025e+00 4.992851200000000267e-01
3.135724800000000201e+00 5.074884600000000301e-01
3.129871200000000186e+00 5.156253499999999823e-01
3.123924900000000004e+00 5.236947299999999972e-01
3.117886599999999842e+00 5.316955500000000168e-01
3.111757200000000001e+00 5.396267399999999936e-01
3.105537500000000062e+00 5.474872899999999598e-01
3.099228200000000211e+00 5.552761499999999684e-01
3.092830100000000026e+00 5.629923100000000513e-01
3.086344299999999929e+00 5.706347499999999684e-01
3.079771299999999989e+00 5.782024799999999631e-01
3.073112300000000019e+00 5.856945099999999460e-01
3.066367899999999924e+00 5.931098500000000495e-01
3.059539099999999845e+00 6.004475299999999516e-01
3.052626899999999921e+00 6.077065900000000465e-01
3.045631999999999895e+00 6.148860900000000518e-01
3.038555399999999906e+00 6.219850799999999680e-01
3.031397999999999815e+00 6.290026300000000070e-01
3.024160900000000041e+00 6.359378300000000372e-01
3.016844799999999882e+00 6.427897599999999878e-01
3.009450800000000203e+00 6.495575300000000496e-01
3.001979899999999812e+00 6.562402499999999694e-01
2.994432999999999900e+00 6.628370500000000387e-01
2.986811100000000163e+00 6.693470700000000440e-01
2.979115199999999852e+00 6.757694400000000545e-01
2.971346299999999996e+00 6.821033399999999469e-01
2.963505399999999845e+00 6.883479200000000020e-01
2.955593700000000101e+00 6.945023799999999747e-01
2.947611999999999899e+00 7.005659100000000139e-01
2.939561400000000102e+00 7.065377099999999855e-01
2.931443100000000079e+00 7.124170100000000172e-01
2.923258000000000134e+00 7.182030200000000253e-01
2.915007199999999798e+00 7.238949999999999552e-01
2.906691900000000217e+00 7.294922000000000351e-01
2.898312999999999917e+00 7.349938900000000386e-01
2.889871799999999880e+00 7.403993399999999614e-01
2.881369199999999964e+00 7.457078499999999499e-01
2.872806499999999819e+00 7.509187299999999787e-01
2.864184700000000028e+00 7.560312799999999722e-01
2.855504999999999960e+00 7.610448499999999949e-01
2.846768400000000199e+00 7.659587700000000110e-01
2.837976199999999949e+00 7.707724099999999634e-01
2.829129500000000075e+00 7.754851200000000278e-01
2.820229499999999945e+00 7.800962999999999647e-01
2.811277299999999979e+00 7.846053499999999792e-01
2.802274000000000154e+00 7.890116600000000036e-01
2.798757293908706867e+00 7.818260648077099972e-01
2.807678568440654221e+00 7.774604825300065469e-01
2.816549249176292680e+00 7.729930786269466614e-01
2.825368230724797591e+00 7.684244646876782214e-01
2.834134380640132900e+00 7.637552578706706674e-01
2.842846563206408383e+00 7.589860233271006340e-01
2.851503597674153845e+00 7.541174565921795470e-01
2.860104311003738520e+00 7.491501154445495692e-01
2.868647622251597529e+00 7.440847168397958233e-01
2.877132431524345613e+00 7.389218502296124313e-01
2.885557625544456606e+00 7.336622858390823287e-01
2.893922054461552484e+00 7.283066187120688095e-01
2.902224689412768566e+00 7.228556323954828944e-01
2.910464377397101732e+00 7.173099591650015094e-01
2.918640118229249403e+00 7.116703966409374527e-01
2.926750743474278327e+00 7.059376743677366894e-01
2.934795255617400844e+00 7.001124576528763299e-01
2.942772630080870311e+00 6.941956275269989263e-01
2.950681719809498560e+00 6.881879163958510848e-01
2.958521546006081415e+00 6.820900290320058845e-01
2.966291148975668701e+00 6.759029006509534865e-01
2.973989430380235000e+00 6.696272509923988370e-01
2.981615376051736543e+00 6.632639414748544571e-01
2.989168009353077249e+00 6.568137723633792335e-01
2.996646325508037112e+00 6.502776177676143909e-01
3.004049368823965782e+00 6.436562978192971185e-01
3.011376208439736413e+00 6.369507098763056430e-01
3.018625804440447702e+00 6.301617831557799754e-01
3.025797228828860597e+00 6.232902432581437502e-01
3.032889617953989259e+00 6.163371676593996096e-01
3.039901959746614146e+00 6.093033810970946984e-01
3.046833322068495775e+00 6.021898468709802055e-01
3.053682820645461593e+00 5.949973931098285762e-01
3.060449643551110821e+00 5.877270774239771178e-01
3.067132794718221867e+00 5.803798588745557874e-01
3.073731439647880315e+00 5.729565208954229272e-01
3.080244740946188386e+00 5.654583246553179787e-01
3.086671774820235914e+00 5.578859383938318262e-01
3.093011815215700899e+00 5.502406202152074766e-01
3.099263876936007023e+00 5.425232539756610350e-01
3.105427210841667396e+00 5.347347836167734014e-01
3.111501065799264332e+00 5.268763225752732815e-01
3.117484621410490764e+00 5.189489095557030529e-01
3.123377048369609721e+00 5.109535201013956085e-01
3.129177611442639950e+00 5.028912519348400778e-01
3.134885551011710625e+00 4.947631079554820066e-01
3.140500137326153851e+00 4.865702009492704483e-01
3.146020602474264294e+00 4.783135839912210918e-01
3.151446215040739407e+00 4.699943859368460597e-01
3.156776249865232753e+00 4.616135900772496692e-01
3.162010072609092504e+00 4.531723589207585778e-01
3.167146981376846693e+00 4.446718163353766684e-01
3.172186280888943610e+00 4.361130658729881482e-01
3.177127311485094197e+00 4.274971673841257980e-01
3.181969433147604498e+00 4.188253517062330844e-01
3.183339832014915327e+00 4.163033917062325950e-01
3.186711983790338376e+00 4.100986811102572682e-01
3.191354366604738146e+00 4.013182985380128742e-01
3.195895979750967619e+00 3.924853771285296555e-01
3.200336257971173826e+00 3.836010059949918616e-01
3.204674606026196138e+00 3.746665624522224070e-01
3.208910384793030701e+00 3.656828791251326427e-01
3.213043164413287300e+00 3.566514426401425908e-01
3.217072286255401092e+00 3.475733279814053889e-01
3.220997231487831680e+00 3.384495744323045563e-01
3.224817589000424256e+00 3.292816338072790949e-01
3.228532742667937772e+00 3.200705249531648477e-01
3.232142265650720159e+00 3.108175233496198175e-01
3.235645685243059955e+00 3.015237763864789811e-01
3.239042577084489061e+00 2.921905791443815681e-01
3.242332438893335222e+00 2.828191926284709390e-01
3.245514800846547754e+00 2.734107410986285069e-01
3.248589281460666722e+00 2.639664335299447551e-01
3.251555560948221846e+00 2.544875477139194597e-01
3.254413216201289760e+00 2.449754445559443050e-01
3.257161790686511793e+00 2.354312294230508640e-01
3.259800966875280981e+00 2.258562038094049651e-01
3.262330380594863133e+00 2.162515304274578443e-01
3.264749794821267592e+00 2.066185906760167890e-01
3.267058829229082306e+00 1.969585881646774561e-01
3.269257166284174509e+00 1.872728944204255230e-01
3.271344457098184222e+00 1.775625340091331883e-01
3.273320567274572657e+00 1.678289624511990485e-01
3.275185198308058876e+00 1.580734586637895511e-01
3.276938064554093089e+00 1.482972368846890154e-01
3.278578953936126972e+00 1.385016508355253195e-01
3.280107602324120464e+00 1.286877781849875280e-01
3.281523962788088333e+00 1.188572333268484854e-01
3.282827670131153397e+00 1.090110584711265762e-01
3.284018622591397207e+00 9.915056329125693235e-02
3.285096710965636380e+00 8.927713891045511996e-02
3.286061737128983751e+00 7.939208054334945253e-02
3.286913520965823121e+00 6.949645965613192311e-02
3.287652136900091726e+00 5.959189920157399040e-02
3.288277302950120440e+00 4.967946998681246895e-02
3.288789013870585531e+00 3.976056363764832180e-02
3.289187173044588519e+00 2.983640829316940371e-02
3.289471779237553850e+00 1.990831694818331193e-02
3.289642830713515487e+00 9.977760182174937043e-03
3.289700130713515414e+00 4.573181782506317042e-05
3.289643879237553747e+00 -9.886136948183313344e-03
3.289473873044588714e+00 -1.981685329316940428e-02
3.289190313870585580e+00 -2.974494463764831842e-02
3.288793202950120342e+00 -3.966909998681247135e-02
3.288282536900091646e+00 -4.958808620157399011e-02
3.287658420965823058e+00 -5.950051565613192345e-02
3.286920837128983752e+00 -6.940531454334945838e-02
3.286070110965636282e+00 -7.930085691045511698e-02
3.285106122591397337e+00 -8.918607429125692543e-02
3.284029070131153194e+00 -9.905965847112657707e-02
3.282839162788088405e+00 -1.089202333268484840e-01
3.281536502324120530e+00 -1.187664881849875287e-01
3.280121153936127243e+00 -1.285973508355253148e-01
3.278593564554092676e+00 -1.384112268846890148e-01
3.276953698308059160e+00 -1.482070486637895590e-01
3.275201867274572631e+00 -1.579834324511990573e-01
3.273338257098184378e+00 -1.677391740091331851e-01
3.271363166284174451e+00 -1.774729844204255280e-01
3.269276929229082196e+00 -1.871834281646774512e-01
3.267079594821267641e+00 -1.968694406760167770e-01
3.264771580594862943e+00 -2.065296804274578402e-01
3.262353166875281207e+00 -2.161629338094049890e-01
3.259824790686511875e+00 -2.257677794230508461e-01
3.257186616201289464e+00 -2.353431145559443105e-01
3.254439060948222107e+00 -2.448875777139195020e-01
3.251582381460666582e+00 -2.544000735299447591e-01
3.248617100846547867e+00 -2.638792710986284651e-01
3.245543638893335192e+00 -2.733238326284709863e-01
3.242362277084489097e+00 -2.827325991443815356e-01
3.239073385243059988e+00 -2.921043863864790091e-01
3.235677465650720119e+00 -3.014379733496198033e-01
3.232175042667937426e+00 -3.107320449531648654e-01
3.228566489000424422e+00 -3.199854438072790574e-01
3.224852331487831680e+00 -3.291968844323045484e-01
3.221032886255401184e+00 -3.383653579814054346e-01
3.217108964413287087e+00 -3.474893826401425634e-01
3.213080784793030720e+00 -3.565679591251326719e-01
3.208948906026196202e+00 -3.655999424522223817e-01
3.204714157971173982e+00 -3.745838959949918667e-01
3.200376679750967401e+00 -3.835189471285296303e-01
3.195937366604738372e+00 -3.924037285380129192e-01
3.191396683790338251e+00 -4.012371311102572169e-01
3.186755233147604560e+00 -4.100179917062325985e-01
3.183339832014915327e+00 -4.163033917062330946e-01
3.182013611485094096e+00 -4.187451473841258265e-01
3.177172380888943604e+00 -4.274175158729881518e-01
3.172232281376846874e+00 -4.360338963353766473e-01
3.167193872609092242e+00 -4.445931989207586033e-01
3.162057849865232750e+00 -4.530943000772496010e-01
3.156824915040739477e+00 -4.615360859368460300e-01
3.151495802474264529e+00 -4.699173839912211270e-01
3.146071037326153785e+00 -4.782372009492704135e-01
3.140551451011710515e+00 -4.864943879554819994e-01
3.134937711442639774e+00 -4.946879119348400744e-01
3.129230648369609735e+00 -5.028166301013956563e-01
3.123430921410490946e+00 -5.108795295557030380e-01
3.117539365799264495e+00 -5.188755025752732619e-01
3.111556610841667236e+00 -5.268035936167734246e-01
3.105483576936006962e+00 -5.346627039756610689e-01
3.099321115215700750e+00 -5.424517602152074680e-01
3.093069874820236098e+00 -5.501697783938317432e-01
3.086730540946188484e+00 -5.578158846553180616e-01
3.080304439647880255e+00 -5.653887908954229324e-01
3.073791794718221837e+00 -5.728878288745558045e-01
3.067194043551110916e+00 -5.803117374239770143e-01
3.060511620645461672e+00 -5.876597131098286741e-01
3.053745522068495699e+00 -5.949307868709801106e-01
3.046896859746614172e+00 -6.021238810970946931e-01
3.039966217953989247e+00 -6.092381776593996934e-01
3.032954628828860688e+00 -6.162726932581437111e-01
3.025862904440447476e+00 -6.232265831557799451e-01
3.018692308439736571e+00 -6.300987798763056924e-01
3.011443368823965461e+00 -6.368885278192970567e-01
3.004117225508037503e+00 -6.435948977676144711e-01
2.996714909353077161e+00 -6.502169723633791643e-01
2.989237276051736281e+00 -6.567539214748544518e-01
2.981685330380235310e+00 -6.632048809923987154e-01
2.974060048975668558e+00 -6.695690006509535941e-01
2.966362446006081566e+00 -6.758454490320058294e-01
2.958593419809498304e+00 -6.820334563958511120e-01
2.950754330080870513e+00 -6.881320975269988871e-01
2.942845855617400641e+00 -6.941406576528763583e-01
2.934869043474278349e+00 -7.000583743677366577e-01
2.926825218229249348e+00 -7.058843866409374446e-01
2.918715177397102067e+00 -7.116179791650015796e-01
2.910539989412768147e+00 -7.172584323954828145e-01
2.902300954461552784e+00 -7.228049287120688060e-01
2.893998825544456643e+00 -7.282568358390824059e-01
2.885635031524345528e+00 -7.336133402296124428e-01
2.877210322251597674e+00 -7.388738368397957945e-01
2.868726111003738311e+00 -7.440375654445495757e-01
2.860183297674153913e+00 -7.491038865921795242e-01
2.851583163206408145e+00 -7.540721033271006180e-01
2.842926580640133150e+00 -7.589416178706707150e-01
2.834214930724797465e+00 -7.637117546876781571e-01
2.825449249176292810e+00 -7.683818986269467244e-01
2.816630768440654187e+00 -7.729514325300065325e-01
2.807760593908706692e+00 -7.774197548077099729e-01
2.798757293908706867e+00 -7.818260648077099972e-01
-1.047197454064459965e+00 4.781952615588399569e-01
9.713213766637805788e-08 4.781952615588399569e-01
1.047197648328735298e+00 4.781952615588399569e-01
2.094395199525333151e+00 4.781952615588399569e-01
-3.141592556457655672e+00 4.781952615588399569e-01
-2.094395005261057818e+00 4.781952615588399569e-01
