# Cls = PlasmaDomain
# Exp = WEST
# Name = Sep
1.000000000000000000e+03 0.000000000000000000e+00
3.005648536124243542e+00 2.084322371406848590e-02
3.005638414120836988e+00 2.397626895148138870e-02
3.005628292117429989e+00 2.710931418889429151e-02
3.005618170114023435e+00 3.024235942630719431e-02
3.005608048110616881e+00 3.337540466372009712e-02
3.005597926107209883e+00 3.650844990113299993e-02
3.005587804103803329e+00 3.964149513854590273e-02
3.005569500373650893e+00 4.277697735788336258e-02
3.005428470742310676e+00 4.594901430608907406e-02
3.005287441110970903e+00 4.912105125429479247e-02
3.005146411479630686e+00 5.229308820250050394e-02
3.005005381848290913e+00 5.546512515070622235e-02
3.004864352216951140e+00 5.863716209891194076e-02
3.004723322585610923e+00 6.180919904711765223e-02
3.004583281307685372e+00 6.476719996956600833e-02
3.004450158503658042e+00 6.622694871171286302e-02
3.004317035699631155e+00 6.768669745385971770e-02
3.004183912895604269e+00 6.914644619600657238e-02
3.004050790091576939e+00 7.060619493815342707e-02
3.003917667287550053e+00 7.206594368030028175e-02
3.003784544483523167e+00 7.352569242244713643e-02
3.003638797490480794e+00 7.508036061592751609e-02
3.003438345678373533e+00 7.704634643185323539e-02
3.003237893866265829e+00 7.901233224777896857e-02
3.003037442054158124e+00 8.097831806370468788e-02
3.002836990242050863e+00 8.294430387963040718e-02
3.002636538429943158e+00 8.491028969555612649e-02
3.002436086617835453e+00 8.687627551148184579e-02
3.002176682716541478e+00 8.915697982327112914e-02
3.001740422547688247e+00 9.238183962265110460e-02
3.001304162378834572e+00 9.560669942203108007e-02
3.000867902209981342e+00 9.883155922141105554e-02
3.000431642041127667e+00 1.020564190207910310e-01
2.999995381872274436e+00 1.052812788201709926e-01
2.999559121703420761e+00 1.085061386195509681e-01
2.999091089115812014e+00 1.116592470112286323e-01
2.998553157206941044e+00 1.146545023059611784e-01
2.998015225298070519e+00 1.176497576006937107e-01
2.997477293389199993e+00 1.206450128954262707e-01
2.996939361480329023e+00 1.236402681901588169e-01
2.996401429571458497e+00 1.266355234848913491e-01
2.995863497662587527e+00 1.296307787796238953e-01
2.995099482313898775e+00 1.333421509447535735e-01
2.993958661232178908e+00 1.382470512272118146e-01
2.992817840150459041e+00 1.431519515096700002e-01
2.991677019068739174e+00 1.480568517921282135e-01
2.990536197987019307e+00 1.529617520745864545e-01
2.989395376905299440e+00 1.578666523570446678e-01
2.988254555823579572e+00 1.627715526395028811e-01
2.987217423516842718e+00 1.668743650598397965e-01
2.986313605349368849e+00 1.699459216574493725e-01
2.985409787181895425e+00 1.730174782550589763e-01
2.984505969014421556e+00 1.760890348526685523e-01
2.983602150846947687e+00 1.791605914502781283e-01
2.982698332679474262e+00 1.822321480478877320e-01
2.981794514512000394e+00 1.853037046454973080e-01
2.981293769391726300e+00 1.869850382283283208e-01
2.981196097318651095e+00 1.872761487963807703e-01
2.981098425245576333e+00 1.875672593644332198e-01
2.981000753172501128e+00 1.878583699324856693e-01
2.980903081099426366e+00 1.881494805005381188e-01
2.980805409026351604e+00 1.884405910685905683e-01
2.980707736953276399e+00 1.887317016366430178e-01
2.979891184241582724e+00 1.910752976927962143e-01
2.978515502144296612e+00 1.950152713508055968e-01
2.977139820047010943e+00 1.989552450088149793e-01
2.975764137949724830e+00 2.028952186668243063e-01
2.974388455852438717e+00 2.068351923248336888e-01
2.973012773755152605e+00 2.107751659828430157e-01
2.971637091657866936e+00 2.147151396408524260e-01
2.970393280911519440e+00 2.180108494281801923e-01
2.969228592975735825e+00 2.209200008930989889e-01
2.968063905039952211e+00 2.238291523580178133e-01
2.966899217104168152e+00 2.267383038229366377e-01
2.965734529168384537e+00 2.296474552878554065e-01
2.964569841232600478e+00 2.325566067527742309e-01
2.963405153296816863e+00 2.354657582176930553e-01
2.962970586574493748e+00 2.365336808823980952e-01
2.962867893131016395e+00 2.367646813651878845e-01
2.962765199687539042e+00 2.369956818479776461e-01
2.962662506244062133e+00 2.372266823307674355e-01
2.962559812800584780e+00 2.374576828135571971e-01
2.962457119357107427e+00 2.376886832963469864e-01
2.962354425913630074e+00 2.379196837791367480e-01
2.961214215789543580e+00 2.404299035679735019e-01
2.959728166771920410e+00 2.436998631254926051e-01
2.958242117754297240e+00 2.469698226830117083e-01
2.956756068736674070e+00 2.502397822405307837e-01
2.955270019719050900e+00 2.535097417980498591e-01
2.953783970701427730e+00 2.567797013555689900e-01
2.952297921683804560e+00 2.600496609130880099e-01
2.950865383448767254e+00 2.629456746680623458e-01
2.949445193855865899e+00 2.657553932378339812e-01
2.948025004262964099e+00 2.685651118076055610e-01
2.946604814670062300e+00 2.713748303773772519e-01
2.945184625077160501e+00 2.741845489471488317e-01
2.943764435484258701e+00 2.769942675169205226e-01
2.942344245891357346e+00 2.798039860866921580e-01
2.940296309166996469e+00 2.834348307018639823e-01
2.938158694280998073e+00 2.871829790378073177e-01
2.936021079395000122e+00 2.909311273737505976e-01
2.933883464509002170e+00 2.946792757096938775e-01
2.931745849623004219e+00 2.984274240456372129e-01
2.929608234737006267e+00 3.021755723815804928e-01
2.927470619851008315e+00 3.059237207175238282e-01
2.927158514514890175e+00 3.064441360801789527e-01
2.926968109815430097e+00 3.067493692446149334e-01
2.926777705115970463e+00 3.070546024090509141e-01
2.926587300416510384e+00 3.073598355734868948e-01
2.926396895717050750e+00 3.076650687379228755e-01
2.926206491017590672e+00 3.079703019023588562e-01
2.926016086318131038e+00 3.082755350667948369e-01
2.924126153576449560e+00 3.112308904111747432e-01
2.922236220834768528e+00 3.141862457555546495e-01
2.920346288093087050e+00 3.171416010999345003e-01
2.918456355351406017e+00 3.200969564443144066e-01
2.916566422609724540e+00 3.230523117886942575e-01
2.914676489868043507e+00 3.260076671330741638e-01
2.912854521178554812e+00 3.288524199057545339e-01
2.912052013271956508e+00 3.300381341029421933e-01
2.911249505365357759e+00 3.312238483001299638e-01
2.910446997458759455e+00 3.324095624973176788e-01
2.909644489552160707e+00 3.335952766945053383e-01
2.908841981645562402e+00 3.347809908916930532e-01
2.908039473738963654e+00 3.359667050888807682e-01
2.907179997415981987e+00 3.372188505568199379e-01
2.905921742178315892e+00 3.389360149200189576e-01
2.904663486940649797e+00 3.406531792832180328e-01
2.903405231702983702e+00 3.423703436464171634e-01
2.902146976465317607e+00 3.440875080096162386e-01
2.900888721227651956e+00 3.458046723728153138e-01
2.899630465989985861e+00 3.475218367360143334e-01
2.898343513857292830e+00 3.492603860737117372e-01
2.896932208512817297e+00 3.510916036342350277e-01
2.895520903168342208e+00 3.529228211947582627e-01
2.894109597823866675e+00 3.547540387552815533e-01
2.892698292479391142e+00 3.565852563158047883e-01
2.891286987134915609e+00 3.584164738763280789e-01
2.889875681790440076e+00 3.602476914368513694e-01
2.888682202090218976e+00 3.617960997404173207e-01
2.888142199322759396e+00 3.624960802731112541e-01
2.887602196555300260e+00 3.631960608058052431e-01
2.887062193787841125e+00 3.638960413384991766e-01
2.886522191020381989e+00 3.645960218711931100e-01
2.885982188252922853e+00 3.652960024038870435e-01
2.885442185485463717e+00 3.659959829365810324e-01
2.884389410088742611e+00 3.672902182623003497e-01
2.882208534907643838e+00 3.698918141326751896e-01
2.880027659726545508e+00 3.724934100030501405e-01
2.877846784545447179e+00 3.750950058734250914e-01
2.875665909364348405e+00 3.776966017438000423e-01
2.873485034183250075e+00 3.802981976141749931e-01
2.871304159002151746e+00 3.828997934845499440e-01
2.869069415079492646e+00 3.854914961048540034e-01
2.866744889920898931e+00 3.880667099750400029e-01
2.864420364762305216e+00 3.906419238452260023e-01
2.862095839603711500e+00 3.932171377154120018e-01
2.859771314445117785e+00 3.957923515855980567e-01
2.857446789286524069e+00 3.983675654557840007e-01
2.855122264127930354e+00 4.009427793259700001e-01
2.853448940958282165e+00 4.027536642368541031e-01
2.852612877488706733e+00 4.035818404857786645e-01
2.851776814019130857e+00 4.044100167347032260e-01
2.850940750549555425e+00 4.052381929836277319e-01
2.850104687079979549e+00 4.060663692325522933e-01
2.849268623610404116e+00 4.068945454814768548e-01
2.848432560140828684e+00 4.077227217304014162e-01
2.847207017448307731e+00 4.089298558614924972e-01
2.845591995532841700e+00 4.105159478747501534e-01
2.843976973617375226e+00 4.121020398880078095e-01
2.842361951701909195e+00 4.136881319012654656e-01
2.840746929786443165e+00 4.152742239145231218e-01
2.839131907870977134e+00 4.168603159277807779e-01
2.837516885955511103e+00 4.184464079410384341e-01
2.835263594301548729e+00 4.205710591129267484e-01
2.832513870628756703e+00 4.231145896304167042e-01
2.829764146955964677e+00 4.256581201479066601e-01
2.827014423283172651e+00 4.282016506653966159e-01
2.824264699610380180e+00 4.307451811828866273e-01
2.821514975937588154e+00 4.332887117003765276e-01
2.818765252264796128e+00 4.358322422178664834e-01
2.817586177962072558e+00 4.369147451989834896e-01
2.817349493281390505e+00 4.371206316582767482e-01
2.817112808600708007e+00 4.373265181175700067e-01
2.816876123920025954e+00 4.375324045768632653e-01
2.816639439239343901e+00 4.377382910361564683e-01
2.816402754558661403e+00 4.379441774954497268e-01
2.816166069877979350e+00 4.381500639547429854e-01
2.814609630395887852e+00 4.394831116683164396e-01
2.812453302367701191e+00 4.413285054065627655e-01
2.810296974339514531e+00 4.431738991448090359e-01
2.808140646311327870e+00 4.450192928830553063e-01
2.805984318283141210e+00 4.468646866213016322e-01
2.803827990254954550e+00 4.487100803595479581e-01
2.801671662226767889e+00 4.505554740977942285e-01
2.798939412769215540e+00 4.527523004862394340e-01
2.796015189501875220e+00 4.550662710914176734e-01
2.793090966234534900e+00 4.573802416965959128e-01
2.790166742967194136e+00 4.596942123017741522e-01
2.787242519699853815e+00 4.620081829069523915e-01
2.784318296432513051e+00 4.643221535121305754e-01
2.781394073165172731e+00 4.666361241173088148e-01
2.777562030880579513e+00 4.693646137902219850e-01
2.773520491899696960e+00 4.721887617095355538e-01
2.769478952918814851e+00 4.750129096288490671e-01
2.765437413937932298e+00 4.778370575481625804e-01
2.761395874957050189e+00 4.806612054674760381e-01
2.757354335976167636e+00 4.834853533867896069e-01
2.753312796995285527e+00 4.863095013061031202e-01
2.752116824038762566e+00 4.871204899992512827e-01
2.751327360514291165e+00 4.876438845172329506e-01
2.750537896989819764e+00 4.881672790352146185e-01
2.749748433465347919e+00 4.886906735531962864e-01
2.748958969940876518e+00 4.892140680711780099e-01
2.748169506416405117e+00 4.897374625891596778e-01
2.747380042891933272e+00 4.902608571071414012e-01
2.745064375322372463e+00 4.917132726777100338e-01
2.742646960816472745e+00 4.932276229851177973e-01
2.740229546310572584e+00 4.947419732925255609e-01
2.737812131804672422e+00 4.962563235999333244e-01
2.735394717298772260e+00 4.977706739073410880e-01
2.732977302792872543e+00 4.992850242147489070e-01
2.730559888286972381e+00 5.007993745221566151e-01
2.727682332095474393e+00 5.024768696280459412e-01
2.724804775903975962e+00 5.041543647339352674e-01
2.721927219712477974e+00 5.058318598398245935e-01
2.719049663520979543e+00 5.075093549457139197e-01
2.716172107329481555e+00 5.091868500516032459e-01
2.713294551137983568e+00 5.108643451574925720e-01
2.710562324976676596e+00 5.124550247362874567e-01
2.710010049268238408e+00 5.127434714086657186e-01
2.709457773559800220e+00 5.130319180810439805e-01
2.708905497851362032e+00 5.133203647534222425e-01
2.708353222142923844e+00 5.136088114258005044e-01
2.707800946434485656e+00 5.138972580981788774e-01
2.707248670726047468e+00 5.141857047705571393e-01
2.706212822233517556e+00 5.147230022244906333e-01
2.701791964252346023e+00 5.170022551493104190e-01
2.697371106271175378e+00 5.192815080741300937e-01
2.692950248290003845e+00 5.215607609989499904e-01
2.688529390308832756e+00 5.238400139237697761e-01
2.684108532327661667e+00 5.261192668485895618e-01
2.679687674346490578e+00 5.283985197734093475e-01
2.675601977203593052e+00 5.304739510463952756e-01
2.672968643693213853e+00 5.316661551614344505e-01
2.670335310182834210e+00 5.328583592764736254e-01
2.667701976672455011e+00 5.340505633915128003e-01
2.665068643162075368e+00 5.352427675065519752e-01
2.662435309651696169e+00 5.364349716215911501e-01
2.659801976141316970e+00 5.376271757366303250e-01
2.657169294044826824e+00 5.388037894306570985e-01
2.654538566190006499e+00 5.399336318616467789e-01
2.651907838335185730e+00 5.410634742926363483e-01
2.649277110480364961e+00 5.421933167236260287e-01
2.646646382625544192e+00 5.433231591546155981e-01
2.644015654770723422e+00 5.444530015856052785e-01
2.641384926915902653e+00 5.455828440165949589e-01
2.638743083576954529e+00 5.466720492784776786e-01
2.636076786172925512e+00 5.476718527683254178e-01
2.633410488768896940e+00 5.486716562581731571e-01
2.630744191364867923e+00 5.496714597480208964e-01
2.628077893960839351e+00 5.506712632378685246e-01
2.625411596556810334e+00 5.516710667277162639e-01
2.622745299152781762e+00 5.526708702175640031e-01
2.619857809824167827e+00 5.537213307088925118e-01
2.616601667287912214e+00 5.548562195360227101e-01
2.613345524751657045e+00 5.559911083631527973e-01
2.610089382215401432e+00 5.571259971902827735e-01
2.606833239679146264e+00 5.582608860174129717e-01
2.603577097142890651e+00 5.593957748445430589e-01
2.600320954606635482e+00 5.605306636716731461e-01
2.598252021322631666e+00 5.612466601517900333e-01
2.597709499934379718e+00 5.614240807571756475e-01
2.597166978546127769e+00 5.616015013625612617e-01
2.596624457157875820e+00 5.617789219679469870e-01
2.596081935769623872e+00 5.619563425733326012e-01
2.595539414381372367e+00 5.621337631787182154e-01
2.594996892993120419e+00 5.623111837841038296e-01
2.592711590823443046e+00 5.630175446056734367e-01
2.588683507872339806e+00 5.642528456434270367e-01
2.584655424921236122e+00 5.654881466811806368e-01
2.580627341970132882e+00 5.667234477189341257e-01
2.576599259019029198e+00 5.679587487566877257e-01
2.572571176067926402e+00 5.691940497944413258e-01
2.568543093116822718e+00 5.704293508321948147e-01
2.565223891406555268e+00 5.713653379294408863e-01
2.562456041772493975e+00 5.720685252951811517e-01
2.559688192138432239e+00 5.727717126609213061e-01
2.556920342504370502e+00 5.734749000266614605e-01
2.554152492870308766e+00 5.741780873924017259e-01
2.551384643236247030e+00 5.748812747581418803e-01
2.548616793602185293e+00 5.755844621238821457e-01
2.546507108147246345e+00 5.760971659578416615e-01
2.544792321199781604e+00 5.764955796727327941e-01
2.543077534252316418e+00 5.768939933876239268e-01
2.541362747304851233e+00 5.772924071025150594e-01
2.539647960357386047e+00 5.776908208174060810e-01
2.537933173409920862e+00 5.780892345322972137e-01
2.536218386462456120e+00 5.784876482471883463e-01
2.534319892261581053e+00 5.789080388578999870e-01
2.532337894763700969e+00 5.793384189667120099e-01
2.530355897265821330e+00 5.797687990755239218e-01
2.528373899767941690e+00 5.801991791843358337e-01
2.526391902270062051e+00 5.806295592931477456e-01
2.524409904772181967e+00 5.810599394019597685e-01
2.522427907274302328e+00 5.814903195107716805e-01
2.519410744566729310e+00 5.820573828645183578e-01
2.516048526789258499e+00 5.826700072999101421e-01
2.512686309011787689e+00 5.832826317353018153e-01
2.509324091234316878e+00 5.838952561706935995e-01
2.505961873456846067e+00 5.845078806060852727e-01
2.502599655679375257e+00 5.851205050414769460e-01
2.499237437901904446e+00 5.857331294768686192e-01
2.495425228241952897e+00 5.863161116040023213e-01
2.491509174301428597e+00 5.868922531984609448e-01
2.487593120360904742e+00 5.874683947929196792e-01
2.483677066420380886e+00 5.880445363873783027e-01
2.479761012479857030e+00 5.886206779818370372e-01
2.475844958539333174e+00 5.891968195762956606e-01
2.471928904598808874e+00 5.897729611707543951e-01
2.468980595035201731e+00 5.900916305249491733e-01
2.466170534668296721e+00 5.903735181305348467e-01
2.463360474301391712e+00 5.906554057361206311e-01
2.460550413934486702e+00 5.909372933417063045e-01
2.457740353567581693e+00 5.912191809472919779e-01
2.454930293200676683e+00 5.915010685528776513e-01
2.452120232833771674e+00 5.917829561584633247e-01
2.451143395385379176e+00 5.918569561275049962e-01
2.450288772798220993e+00 5.919170969207769861e-01
2.449434150211062367e+00 5.919772377140488651e-01
2.448579527623904184e+00 5.920373785073208550e-01
2.447724905036746001e+00 5.920975193005928450e-01
2.446870282449587375e+00 5.921576600938648349e-01
2.446015659862429192e+00 5.922178008871368249e-01
2.442609292664417175e+00 5.924342102202658777e-01
2.439202925466405603e+00 5.926506195533948196e-01
2.435796558268393586e+00 5.928670288865238724e-01
2.432390191070381569e+00 5.930834382196529253e-01
2.428983823872369996e+00 5.932998475527819782e-01
2.425577456674357979e+00 5.935162568859109200e-01
2.422205518814354530e+00 5.937233921343927356e-01
2.419350021024472941e+00 5.937914161131652158e-01
2.416494523234591796e+00 5.938594400919378069e-01
2.413639025444710207e+00 5.939274640707103980e-01
2.410783527654828617e+00 5.939954880494829892e-01
2.407928029864947472e+00 5.940635120282555803e-01
2.405072532075065883e+00 5.941315360070280605e-01
2.402482197733391445e+00 5.941873341405935482e-01
2.401748007529164841e+00 5.941575513577094236e-01
2.401013817324937794e+00 5.941277685748251880e-01
2.400279627120711190e+00 5.940979857919410634e-01
2.399545436916484142e+00 5.940682030090568277e-01
2.398811246712257539e+00 5.940384202261727031e-01
2.398077056508030935e+00 5.940086374432884675e-01
2.396537716030735510e+00 5.939293778595365891e-01
2.391509391036811927e+00 5.936357188053577039e-01
2.386481066042887900e+00 5.933420597511788186e-01
2.381452741048964317e+00 5.930484006970000443e-01
2.376424416055040734e+00 5.927547416428211591e-01
2.371396091061117151e+00 5.924610825886422738e-01
2.366367766067193568e+00 5.921674235344634996e-01
2.361363079282978283e+00 5.917495101326867291e-01
2.356429307127888784e+00 5.909588336881163029e-01
2.351495534972799728e+00 5.901681572435457657e-01
2.346561762817710228e+00 5.893774807989753395e-01
2.341627990662620729e+00 5.885868043544049133e-01
2.336694218507531229e+00 5.877961279098343761e-01
2.331760446352442173e+00 5.870054514652639499e-01
2.326544419509767092e+00 5.858807257358799037e-01
2.320707432354404354e+00 5.840210915799063374e-01
2.314870445199041171e+00 5.821614574239327711e-01
2.309033458043677989e+00 5.803018232679590938e-01
2.303196470888315250e+00 5.784421891119855275e-01
2.297359483732952068e+00 5.765825549560118501e-01
2.291522496577589330e+00 5.747229208000382839e-01
2.287735570237388050e+00 5.734976464162637733e-01
2.287365411922456460e+00 5.733296383194877999e-01
2.286995253607524425e+00 5.731616302227119375e-01
2.286625095292592835e+00 5.729936221259359641e-01
2.286254936977661245e+00 5.728256140291599907e-01
2.285884778662729211e+00 5.726576059323840173e-01
2.285514620347797621e+00 5.724895978356080439e-01
2.284208159673194238e+00 5.718366804474895870e-01
2.281697881679012330e+00 5.705603082562166195e-01
2.279187603684830865e+00 5.692839360649436520e-01
2.276677325690649401e+00 5.680075638736706845e-01
2.274167047696467492e+00 5.667311916823977169e-01
2.271656769702286027e+00 5.654548194911247494e-01
2.269146491708104563e+00 5.641784472998516708e-01
2.267628506276925027e+00 5.633890951358107024e-01
2.267102813408747419e+00 5.630867629990014001e-01
2.266577120540569368e+00 5.627844308621920977e-01
2.266051427672391760e+00 5.624820987253829063e-01
2.265525734804214153e+00 5.621797665885736039e-01
2.265000041936036546e+00 5.618774344517643016e-01
2.264474349067858494e+00 5.615751023149551102e-01
2.263031812657309683e+00 5.606319051305594936e-01
2.260876175713804503e+00 5.591902573535967313e-01
2.258720538770299768e+00 5.577486095766339691e-01
2.256564901826795033e+00 5.563069617996713179e-01
2.254409264883290298e+00 5.548653140227085556e-01
2.252253627939785563e+00 5.534236662457457934e-01
2.250097990996280828e+00 5.519820184687830311e-01
2.247649328205746144e+00 5.501495370424639431e-01
2.245024849906993580e+00 5.480825554265311705e-01
2.242400371608241461e+00 5.460155738105983980e-01
2.239775893309488897e+00 5.439485921946656255e-01
2.237151415010736777e+00 5.418816105787328530e-01
2.234526936711984213e+00 5.398146289627999694e-01
2.231902458413231649e+00 5.377476473468671969e-01
2.229682804882223923e+00 5.357818824936901869e-01
2.227647162609282194e+00 5.338621252599478062e-01
2.225611520336340465e+00 5.319423680262053145e-01
2.223575878063398292e+00 5.300226107924627117e-01
2.221540235790456563e+00 5.281028535587203310e-01
2.219504593517514390e+00 5.261830963249777282e-01
2.217468951244572661e+00 5.242633390912353475e-01
2.216027484695860306e+00 5.227291009193616445e-01
2.214784076721891370e+00 5.213233691014442783e-01
2.213540668747922435e+00 5.199176372835269122e-01
2.212297260773953500e+00 5.185119054656094351e-01
2.211053852799984565e+00 5.171061736476920689e-01
2.209810444826015630e+00 5.157004418297747028e-01
2.208567036852046694e+00 5.142947100118572257e-01
2.206509703487057550e+00 5.118233974870650682e-01
2.204264541185679160e+00 5.091061817222245489e-01
2.202019378884300771e+00 5.063889659573843627e-01
2.199774216582922381e+00 5.036717501925440654e-01
2.197529054281543992e+00 5.009545344277036572e-01
2.195283891980165603e+00 4.982373186628633599e-01
2.193038729678787213e+00 4.955201028980229516e-01
2.190419584388394902e+00 4.919373454103561083e-01
2.187747012956714698e+00 4.882309391051424252e-01
2.185074441525034494e+00 4.845245327999289642e-01
2.182401870093354290e+00 4.808181264947155031e-01
2.179729298661674086e+00 4.771117201895018201e-01
2.177056727229993882e+00 4.734053138842883590e-01
2.174384155798313678e+00 4.696989075790746759e-01
2.173275113243891443e+00 4.681008310292461005e-01
2.172270305947953339e+00 4.666433097964430843e-01
2.171265498652015236e+00 4.651857885636400125e-01
2.170260691356077132e+00 4.637282673308369962e-01
2.169255884060139028e+00 4.622707460980339245e-01
2.168251076764200924e+00 4.608132248652309637e-01
2.167246269468262820e+00 4.593557036324279474e-01
2.166559202006701490e+00 4.581878677997378024e-01
2.165872134545140604e+00 4.570200319670477684e-01
2.165185067083579273e+00 4.558521961343576234e-01
2.164497999622017943e+00 4.546843603016675339e-01
2.163810932160457057e+00 4.535165244689774444e-01
2.163123864698895726e+00 4.523486886362873549e-01
2.162356533265288761e+00 4.510430347694353026e-01
2.160385242251000371e+00 4.476701103901545853e-01
2.158413951236711981e+00 4.442971860108740345e-01
2.156442660222423591e+00 4.409242616315934837e-01
2.154471369208135201e+00 4.375513372523127664e-01
2.152500078193846811e+00 4.341784128730322712e-01
2.150528787179557977e+00 4.308054884937515538e-01
2.148548618256142628e+00 4.273704905892967698e-01
2.146506303968836793e+00 4.235009780086223530e-01
2.144463989681531402e+00 4.196314654279477696e-01
2.142421675394226011e+00 4.157619528472734083e-01
2.140379361106920175e+00 4.118924402665988249e-01
2.138337046819614784e+00 4.080229276859244081e-01
2.136294732532309393e+00 4.041534151052500468e-01
2.134333023786515238e+00 4.004072058288959401e-01
2.132720605720605178e+00 3.971953108712641956e-01
2.131108187654694675e+00 3.939834159136321734e-01
2.129495769588784615e+00 3.907715209560004288e-01
2.127883351522874555e+00 3.875596259983684622e-01
2.126270933456964496e+00 3.843477310407366621e-01
2.124658515391053992e+00 3.811358360831048619e-01
2.123043228547520478e+00 3.778099223786478555e-01
2.121419335371117487e+00 3.741419524337160074e-01
2.119795442194714052e+00 3.704739824887839372e-01
2.118171549018310618e+00 3.668060125438520891e-01
2.116547655841907183e+00 3.631380425989202410e-01
2.114923762665504192e+00 3.594700726539882263e-01
2.113299869489100757e+00 3.558021027090563781e-01
2.111771127615903687e+00 3.522726941886633600e-01
2.110451718609761329e+00 3.490481208022562787e-01
2.109132309603618971e+00 3.458235474158491973e-01
2.107812900597476613e+00 3.425989740294419494e-01
2.106493491591333811e+00 3.393744006430348681e-01
2.105174082585191453e+00 3.361498272566276202e-01
2.103854673579049095e+00 3.329252538702205388e-01
2.102936334781805972e+00 3.306791270565015428e-01
2.102686446332727943e+00 3.300637445305961148e-01
2.102436557883649915e+00 3.294483620046906869e-01
2.102186669434571886e+00 3.288329794787852034e-01
2.101936780985493858e+00 3.282175969528797754e-01
2.101686892536415829e+00 3.276022144269743475e-01
2.101437004087337801e+00 3.269868319010688640e-01
2.100665735733006745e+00 3.249106214383991609e-01
2.099224121786207764e+00 3.209562036284610009e-01
2.097782507839408783e+00 3.170017858185230075e-01
2.096340893892609802e+00 3.130473680085848476e-01
2.094899279945810822e+00 3.090929501986469097e-01
2.093457665999011397e+00 3.051385323887089718e-01
2.092016052052212416e+00 3.011841145787708118e-01
2.091156574668218582e+00 2.987746157920284640e-01
2.090879233847029450e+00 2.979100360284818727e-01
2.090601893025840319e+00 2.970454562649352814e-01
2.090324552204651187e+00 2.961808765013887457e-01
2.090047211383462056e+00 2.953162967378421544e-01
2.089769870562273368e+00 2.944517169742954521e-01
2.089492529741084237e+00 2.935871372107488608e-01
2.088406688277874235e+00 2.900867888775083281e-01
2.086692012981981481e+00 2.845363983233950567e-01
2.084977337686088283e+00 2.789860077692817297e-01
2.083262662390195530e+00 2.734356172151677922e-01
2.081547987094302776e+00 2.678852266610544652e-01
2.079833311798409579e+00 2.623348361069411938e-01
2.078118636502516825e+00 2.567844455528278669e-01
2.077015489998933706e+00 2.529610607679748102e-01
2.076279260770736101e+00 2.501738794446776160e-01
2.075543031542538497e+00 2.473866981213806715e-01
2.074806802314340892e+00 2.445995167980837548e-01
2.074070573086143288e+00 2.418123354747868103e-01
2.073334343857945683e+00 2.390251541514898936e-01
2.072598114629748078e+00 2.362379728281926716e-01
2.071925055561365081e+00 2.336145051956214636e-01
2.071280710201988562e+00 2.310654528770164640e-01
2.070636364842612487e+00 2.285164005584114366e-01
2.069992019483235968e+00 2.259673482398064370e-01
2.069347674123859449e+00 2.234182959212011599e-01
2.068703328764482929e+00 2.208692436025961325e-01
2.068058983405106410e+00 2.183201912839911329e-01
2.067388079396758283e+00 2.152689316977534628e-01
2.066708322505419915e+00 2.120502696889715322e-01
2.066028565614081103e+00 2.088316076801892129e-01
2.065348808722742291e+00 2.056129456714072823e-01
2.064669051831403923e+00 2.023942836626253516e-01
2.063989294940065111e+00 1.991756216538434210e-01
2.063309538048726743e+00 1.959569596450614903e-01
2.062657060366204664e+00 1.926490694630653699e-01
2.062010877885717353e+00 1.893205881641741306e-01
2.061364695405230041e+00 1.859921068652828635e-01
2.060718512924743173e+00 1.826636255663916242e-01
2.060072330444255861e+00 1.793351442675003848e-01
2.059426147963768550e+00 1.760066629686087847e-01
2.058779965483281238e+00 1.726781816697175176e-01
2.058180141362472959e+00 1.689727998496028116e-01
2.057586939864475717e+00 1.652135750978847850e-01
2.056993738366478475e+00 1.614543503461667306e-01
2.056400536868481677e+00 1.576951255944482599e-01
2.055807335370484434e+00 1.539359008427302333e-01
2.055214133872487192e+00 1.501766760910121790e-01
2.054620932374490394e+00 1.464174513392941523e-01
2.054106855749815441e+00 1.422795256847576850e-01
2.053598054116695604e+00 1.381163533033671897e-01
2.053089252483575322e+00 1.339531809219766667e-01
2.052580450850455485e+00 1.297900085405861714e-01
2.052071649217335647e+00 1.256268361591956761e-01
2.051562847584215366e+00 1.214636637778046951e-01
2.051054045951095528e+00 1.173004913964141860e-01
2.050991633757895727e+00 1.167861583623588939e-01
2.050929221564695926e+00 1.162718253283035880e-01
2.050866809371496124e+00 1.157574922942482959e-01
2.050804397178296323e+00 1.152431592601929483e-01
2.050741984985096522e+00 1.147288262261376562e-01
2.050679572791896721e+00 1.142144931920823503e-01
2.050603002558743171e+00 1.135236098708165969e-01
2.050314061726280723e+00 1.101844722413928973e-01
2.050025120893818276e+00 1.068453346119688230e-01
2.049736180061355828e+00 1.035061969825451234e-01
2.049447239228893380e+00 1.001670593531214376e-01
2.049158298396431377e+00 9.682792172369773798e-02
2.048869357563968929e+00 9.348878409427403835e-02
2.048592309413675316e+00 9.021553604189470887e-02
2.048398510038563547e+00 8.740351502882863499e-02
2.048204710663452222e+00 8.459149401576254723e-02
2.048010911288340452e+00 8.177947300269647335e-02
2.047817111913229127e+00 7.896745198963038559e-02
2.047623312538117357e+00 7.615543097656399252e-02
2.047429513163005588e+00 7.334340996349791864e-02
2.047250887269579600e+00 7.042365737573767770e-02
2.047138013130122669e+00 6.703706796430293491e-02
2.047025138990666182e+00 6.365047855286819212e-02
2.046912264851209251e+00 6.026388914143307463e-02
2.046799390711752764e+00 5.687729972999833183e-02
2.046686516572295833e+00 5.349071031856358904e-02
2.046573642432839346e+00 5.010412090712884625e-02
2.046477342576608294e+00 4.677368992803292852e-02
2.046430765570053989e+00 4.361173424595311127e-02
2.046384188563499684e+00 4.044977856387364790e-02
2.046337611556945379e+00 3.728782288179419147e-02
2.046291034550391519e+00 3.412586719971472810e-02
2.046244457543837214e+00 3.096391151763526473e-02
2.046197880537282909e+00 2.780195583555545094e-02
2.046189301744420597e+00 2.451036562137139108e-02
2.046264319021680489e+00 2.093357943655721476e-02
2.046339336298939937e+00 1.735679325174304191e-02
2.046414353576199829e+00 1.378000706692886733e-02
2.046489370853459722e+00 1.020322088211429550e-02
2.046564388130719170e+00 6.626434697300120913e-03
2.046639405407979062e+00 3.049648512485948065e-03
2.046750859020594504e+00 -6.209438029514408996e-04
2.046923039858802529e+00 -4.447879669427523899e-03
2.047095220697010554e+00 -8.274815535904030822e-03
2.047267401535218578e+00 -1.210175140238011274e-02
2.047439582373426159e+00 -1.592868726885619465e-02
2.047611763211634184e+00 -1.975562313533228004e-02
2.047783944049842209e+00 -2.358255900180836195e-02
2.047906512573484328e+00 -2.606568297939013124e-02
2.047965293835542155e+00 -2.682104881410735456e-02
2.048024075097599983e+00 -2.757641464882457788e-02
2.048082856359657367e+00 -2.833178048354180120e-02
2.048141637621715194e+00 -2.908714631825910779e-02
2.048200418883773022e+00 -2.984251215297633111e-02
2.048259200145830405e+00 -3.059787798769355444e-02
2.048407737156000774e+00 -3.243748570980257984e-02
2.048646029914283684e+00 -3.536133531930317486e-02
2.048884322672566594e+00 -3.828518492880408908e-02
2.049122615430849947e+00 -4.120903453830468410e-02
2.049360908189132857e+00 -4.413288414780527219e-02
2.049599200947415767e+00 -4.705673375730586028e-02
2.049837493705698677e+00 -4.998058336680645530e-02
2.049979625137704264e+00 -5.168466241177851334e-02
2.050046964427049812e+00 -5.244003101767280572e-02
2.050114303716394915e+00 -5.319539962356709117e-02
2.050181643005740462e+00 -5.395076822946138356e-02
2.050248982295086009e+00 -5.470613683535566901e-02
2.050316321584431556e+00 -5.546150544125004467e-02
2.050383660873776659e+00 -5.621687404714433706e-02
2.050579290371388641e+00 -5.807235376762661522e-02
2.050851893993960395e+00 -6.058790015686164876e-02
2.051124497616532150e+00 -6.310344654609667536e-02
2.051397101239103904e+00 -6.561899293533199340e-02
2.051669704861675658e+00 -6.813453932456702000e-02
2.051942308484247413e+00 -7.065008571380206048e-02
2.052214912106818723e+00 -7.316563210303708709e-02
2.052401522489560648e+00 -7.481076525646741804e-02
2.052549045036016651e+00 -7.606025602998663093e-02
2.052696567582472209e+00 -7.730974680350570505e-02
2.052844090128927768e+00 -7.855923757702477916e-02
2.052991612675383770e+00 -7.980872835054386716e-02
2.053139135221839329e+00 -8.105821912406294127e-02
2.053286657768294887e+00 -8.230770989758215417e-02
2.053797038566606670e+00 -8.586645619403798779e-02
2.054428372115537194e+00 -9.019495433147238506e-02
2.055059705664467717e+00 -9.452345246890678232e-02
2.055691039213398241e+00 -9.885195060634119346e-02
2.056322372762328765e+00 -1.031804487437760764e-01
2.056953706311258845e+00 -1.075089468812104876e-01
2.057585039860189369e+00 -1.118374450186448849e-01
2.058106706451535928e+00 -1.148939900444603257e-01
2.058603065283440170e+00 -1.176570074291330564e-01
2.059099424115344412e+00 -1.204200248138060786e-01
2.059595782947248210e+00 -1.231830421984788093e-01
2.060092141779152453e+00 -1.259460595831515262e-01
2.060588500611056695e+00 -1.287090769678242430e-01
2.061084859442960937e+00 -1.314720943524969876e-01
2.061749413282501386e+00 -1.348340423881230765e-01
2.062437994980276024e+00 -1.382815519453135522e-01
2.063126576678050661e+00 -1.417290615025040279e-01
2.063815158375825298e+00 -1.451765710596945314e-01
2.064503740073599936e+00 -1.486240806168850070e-01
2.065192321771374573e+00 -1.520715901740758713e-01
2.065880903469149210e+00 -1.555190997312663470e-01
2.066552482381142752e+00 -1.585783498892336107e-01
2.067222927774084340e+00 -1.616117160872526937e-01
2.067893373167025928e+00 -1.646450822852717766e-01
2.068563818559967515e+00 -1.676784484832911648e-01
2.069234263952908659e+00 -1.707118146813102477e-01
2.069904709345850247e+00 -1.737451808793293029e-01
2.070575154738791834e+00 -1.767785470773483858e-01
2.071328033373220023e+00 -1.798380188954409042e-01
2.072080912007648212e+00 -1.828974907135337558e-01
2.072833790642076401e+00 -1.859569625316262742e-01
2.073586669276505035e+00 -1.890164343497188204e-01
2.074339547910933224e+00 -1.920759061678113389e-01
2.075092426545361413e+00 -1.951353779859038573e-01
2.075840035658009786e+00 -1.981590499874030797e-01
2.076508601943964027e+00 -2.006457247399982269e-01
2.077177168229918269e+00 -2.031323994925933740e-01
2.077845734515872067e+00 -2.056190742451885212e-01
2.078514300801826309e+00 -2.081057489977839459e-01
2.079182867087780107e+00 -2.105924237503790930e-01
2.079851433373734348e+00 -2.130790985029742401e-01
2.080577080812974433e+00 -2.157493814671199717e-01
2.081702296325214974e+00 -2.197049219121189334e-01
2.082827511837456402e+00 -2.236604623571183392e-01
2.083952727349696943e+00 -2.276160028021173287e-01
2.085077942861937927e+00 -2.315715432471162905e-01
2.086203158374178912e+00 -2.355270836921152522e-01
2.087328373886419897e+00 -2.394826241371142139e-01
2.088474820812374233e+00 -2.434185550412905075e-01
2.089713270531085687e+00 -2.472695112685662222e-01
2.090951720249797141e+00 -2.511204674958419369e-01
2.092190169968508595e+00 -2.549714237231175962e-01
2.093428619687220049e+00 -2.588223799503933109e-01
2.094667069405931503e+00 -2.626733361776694142e-01
2.095905519124642957e+00 -2.665242924049451290e-01
2.097358107456662513e+00 -2.708924278775968197e-01
2.099453111628606372e+00 -2.768121010863761056e-01
2.101548115800549787e+00 -2.827317742951554469e-01
2.103643119972493647e+00 -2.886514475039353989e-01
2.105738124144437062e+00 -2.945711207127146847e-01
2.107833128316380922e+00 -3.004907939214940260e-01
2.109928132488324337e+00 -3.064104671302733118e-01
2.111617861873733570e+00 -3.111606739145723610e-01
2.112415986728767514e+00 -3.133380545650152338e-01
2.113214111583801014e+00 -3.155154352154577735e-01
2.114012236438834957e+00 -3.176928158659003687e-01
2.114810361293868457e+00 -3.198701965163429639e-01
2.115608486148901957e+00 -3.220475771667855036e-01
2.116406611003935900e+00 -3.242249578172283209e-01
2.117366913410737350e+00 -3.267893275592917424e-01
2.118597511737151606e+00 -3.299986791207228931e-01
2.119828110063565862e+00 -3.332080306821539883e-01
2.121058708389980119e+00 -3.364173822435851391e-01
2.122289306716394819e+00 -3.396267338050166229e-01
2.123519905042809075e+00 -3.428360853664477181e-01
2.124750503369223331e+00 -3.460454369278788689e-01
2.132229509738527096e+00 -3.655093029755281386e-01
2.147742183591547782e+00 -4.058718305054608844e-01
2.163254857444570245e+00 -4.462343580353980710e-01
2.178767531297591376e+00 -4.865968855653307612e-01
2.194280205150612062e+00 -5.269594130952635069e-01
2.209792879003632748e+00 -5.673219406251962527e-01
2.225305552856653435e+00 -6.076844681551289984e-01
2.251260009220911407e+00 -6.222778128952056731e-01
2.287656248096401335e+00 -6.111019748454232792e-01
2.324052486971890819e+00 -5.999261367956407742e-01
2.360448725847380747e+00 -5.887502987458583803e-01
2.396844964722870230e+00 -5.775744606960758754e-01
2.433241203598364155e+00 -5.663986226462921492e-01
2.469637442473853639e+00 -5.552227845965097552e-01
2.487886398357222362e+00 -5.495893270983568391e-01
2.492020800802276170e+00 -5.482666100292484801e-01
2.496155203247330423e+00 -5.469438929601402322e-01
2.500289605692384676e+00 -5.456211758910317622e-01
2.504424008137438928e+00 -5.442984588219234032e-01
2.508558410582492737e+00 -5.429757417528151553e-01
2.512692813027546990e+00 -5.416530246837067963e-01
2.516345679000618230e+00 -5.404363097983173603e-01
2.519709623090499839e+00 -5.392831962231594556e-01
2.523073567180381005e+00 -5.381300826480015509e-01
2.526437511270262615e+00 -5.369769690728436462e-01
2.529801455360143780e+00 -5.358238554976857415e-01
2.533165399450025390e+00 -5.346707419225276148e-01
2.536529343539907000e+00 -5.335176283473697101e-01
2.541368249214576380e+00 -5.317870031585839596e-01
2.546877591973240484e+00 -5.297938726908767437e-01
2.552386934731904589e+00 -5.278007422231694168e-01
2.557896277490569137e+00 -5.258076117554618678e-01
2.563405620249232797e+00 -5.238144812877545409e-01
2.568914963007896901e+00 -5.218213508200472139e-01
2.574424305766561005e+00 -5.198282203523398870e-01
2.578964679684376371e+00 -5.180784398612547914e-01
2.583182063988576527e+00 -5.164097760290435879e-01
2.587399448292775794e+00 -5.147411121968326064e-01
2.591616832596975506e+00 -5.130724483646215139e-01
2.595834216901174774e+00 -5.114037845324105325e-01
2.600051601205374041e+00 -5.097351207001994400e-01
2.604268985509574197e+00 -5.080664568679882365e-01
2.606633322889616355e+00 -5.070898130233767453e-01
2.608570034056391762e+00 -5.062728660989805896e-01
2.610506745223167613e+00 -5.054559191745843227e-01
2.612443456389943020e+00 -5.046389722501880559e-01
2.614380167556718426e+00 -5.038220253257916781e-01
2.616316878723494277e+00 -5.030050784013955223e-01
2.618253589890269684e+00 -5.021881314769992555e-01
2.620027103405255353e+00 -5.014290676736395946e-01
2.621777302969985346e+00 -5.006782728875709410e-01
2.623527502534715339e+00 -4.999274781015021762e-01
2.625277702099445332e+00 -4.991766833154335226e-01
2.627027901664175324e+00 -4.984258885293648134e-01
2.628778101228905317e+00 -4.976750937432961597e-01
2.630528300793635310e+00 -4.969242989572274505e-01
2.634418396139758922e+00 -4.951232140918984670e-01
2.638451151204641576e+00 -4.932521098879524279e-01
2.642483906269524230e+00 -4.913810056840063334e-01
2.646516661334406884e+00 -4.895099014800602388e-01
2.650549416399289093e+00 -4.876387972761141443e-01
2.654582171464172191e+00 -4.857676930721678277e-01
2.658614926529054845e+00 -4.838965888682217886e-01
2.661860595742556512e+00 -4.822353660264704911e-01
2.665106264956058180e+00 -4.805741431847191936e-01
2.668351934169560291e+00 -4.789129203429679515e-01
2.671597603383062403e+00 -4.772516975012164875e-01
2.674843272596564070e+00 -4.755904746594651900e-01
2.678088941810065737e+00 -4.739292518177139479e-01
2.681318922028912421e+00 -4.722693754092198160e-01
2.684313567327935246e+00 -4.706296954995836113e-01
2.687308212626958071e+00 -4.689900155899471845e-01
2.690302857925980895e+00 -4.673503356803109798e-01
2.693297503225003720e+00 -4.657106557706747196e-01
2.696292148524026100e+00 -4.640709758610385149e-01
2.699286793823048924e+00 -4.624312959514022547e-01
2.702125483796797401e+00 -4.608706898179293909e-01
2.703872486493624550e+00 -4.598636001176010790e-01
2.705619489190451699e+00 -4.588565104172728226e-01
2.707366491887278848e+00 -4.578494207169445107e-01
2.709113494584105997e+00 -4.568423310166161988e-01
2.710860497280933590e+00 -4.558352413162877759e-01
2.712607499977760739e+00 -4.548281516159594640e-01
2.714308041537654592e+00 -4.538417419463422475e-01
2.715807251504171571e+00 -4.529449457431396486e-01
2.717306461470688550e+00 -4.520481495399369942e-01
2.718805671437205529e+00 -4.511513533367342288e-01
2.720304881403722508e+00 -4.502545571335316299e-01
2.721804091370239487e+00 -4.493577609303289755e-01
2.723303301336756910e+00 -4.484609647271263766e-01
2.725066863944411999e+00 -4.473781484205164305e-01
2.727623484475481863e+00 -4.457372718036853865e-01
2.730180105006551283e+00 -4.440963951868543425e-01
2.732736725537621147e+00 -4.424555185700232984e-01
2.735293346068690568e+00 -4.408146419531922544e-01
2.737849966599760432e+00 -4.391737653363609883e-01
2.740406587130830296e+00 -4.375328887195299443e-01
2.742852446276343947e+00 -4.359287746702514288e-01
2.745054630373635174e+00 -4.344055382695883871e-01
2.747256814470925956e+00 -4.328823018689254010e-01
2.749458998568217183e+00 -4.313590654682621928e-01
2.751661182665508409e+00 -4.298358290675991511e-01
2.753863366762799192e+00 -4.283125926669361649e-01
2.756065550860090418e+00 -4.267893562662731233e-01
2.758838086128649003e+00 -4.248204130443059556e-01
2.762561206682653925e+00 -4.221086251201647821e-01
2.766284327236658402e+00 -4.193968371960238861e-01
2.770007447790662880e+00 -4.166850492718830457e-01
2.773730568344667358e+00 -4.139732613477421497e-01
2.777453688898671835e+00 -4.112614734236013092e-01
2.781176809452676757e+00 -4.085496854994601357e-01
2.784437546783936845e+00 -4.060765029030445339e-01
2.787103791400239672e+00 -4.039100985851328818e-01
2.789770036016542498e+00 -4.017436942672211742e-01
2.792436280632845325e+00 -3.995772899493094665e-01
2.795102525249148595e+00 -3.974108856313975369e-01
2.797768769865451421e+00 -3.952444813134858292e-01
2.800435014481754248e+00 -3.930780769955741771e-01
2.802795690180729160e+00 -3.911188434924357527e-01
2.804850796962375714e+00 -3.893667808040705558e-01
2.806905903744022268e+00 -3.876147181157051369e-01
2.808961010525668822e+00 -3.858626554273399401e-01
2.811016117307315376e+00 -3.841105927389747432e-01
2.813071224088962374e+00 -3.823585300506096019e-01
2.815126330870608928e+00 -3.806064673622444050e-01
2.816322198996426440e+00 -3.795715485507836773e-01
2.816849770389932672e+00 -3.790944083102487094e-01
2.817377341783438460e+00 -3.786172680697136861e-01
2.817904913176944692e+00 -3.781401278291787182e-01
2.818432484570450924e+00 -3.776629875886437504e-01
2.818960055963957156e+00 -3.771858473481086715e-01
2.819487627357463388e+00 -3.767087071075737037e-01
2.820650144814610183e+00 -3.756442593357194326e-01
2.822193629909941048e+00 -3.742274270450736684e-01
2.823737115005271914e+00 -3.728105947544279042e-01
2.825280600100603223e+00 -3.713937624637819179e-01
2.826824085195934089e+00 -3.699769301731361537e-01
2.828367570291264954e+00 -3.685600978824903340e-01
2.829911055386595820e+00 -3.671432655918445698e-01
2.832242546610962641e+00 -3.648965726180155023e-01
2.834932222439437322e+00 -3.622726702427392365e-01
2.837621898267911558e+00 -3.596487678674632482e-01
2.840311574096385350e+00 -3.570248654921872600e-01
2.843001249924859586e+00 -3.544009631169113272e-01
2.845690925753333822e+00 -3.517770607416353390e-01
2.848380601581808502e+00 -3.491531583663590732e-01
2.852025725342933971e+00 -3.452001771830894294e-01
2.855989331748276516e+00 -3.408041697304888262e-01
2.859952938153619062e+00 -3.364081622778882230e-01
2.863916544558962496e+00 -3.320121548252871757e-01
2.867880150964305042e+00 -3.276161473726865725e-01
2.871843757369647587e+00 -3.232201399200859693e-01
2.875807363774990577e+00 -3.188241324674853105e-01
2.878986375584951407e+00 -3.149521922221266701e-01
2.881984327103671362e+00 -3.112011905630541198e-01
2.884982278622390428e+00 -3.074501889039820135e-01
2.887980230141109939e+00 -3.036991872449098517e-01
2.890978181659829449e+00 -2.999481855858377455e-01
2.893976133178548960e+00 -2.961971839267656392e-01
2.896974084697268470e+00 -2.924461822676930889e-01
2.898906717739702099e+00 -2.897981724103143031e-01
2.900687162428380983e+00 -2.873077328103201822e-01
2.902467607117059867e+00 -2.848172932103261168e-01
2.904248051805738307e+00 -2.823268536103320514e-01
2.906028496494417634e+00 -2.798364140103376529e-01
2.907808941183096074e+00 -2.773459744103435876e-01
2.909589385871774958e+00 -2.748555348103495222e-01
2.911097838751712796e+00 -2.726646429998128007e-01
2.912588158844401143e+00 -2.704937210419066096e-01
2.914078478937089933e+00 -2.683227990840001409e-01
2.915568799029778724e+00 -2.661518771260938943e-01
2.917059119122467070e+00 -2.639809551681877031e-01
2.918549439215155861e+00 -2.618100332102814565e-01
2.920039759307844207e+00 -2.596391112523752653e-01
2.921034677773913124e+00 -2.580154365235228231e-01
2.922029596239982041e+00 -2.563917617946706029e-01
2.923024514706050514e+00 -2.547680870658183827e-01
2.924019433172119431e+00 -2.531444123369661070e-01
2.925014351638188348e+00 -2.515207376081138868e-01
2.926009270104256821e+00 -2.498970628792614723e-01
2.927016396967336842e+00 -2.482472174268069431e-01
2.928206649785583426e+00 -2.462048111203190559e-01
2.929396902603829567e+00 -2.441624048138311409e-01
2.930587155422076151e+00 -2.421199985073432259e-01
2.931777408240322291e+00 -2.400775922008550889e-01
2.932967661058568876e+00 -2.380351858943671739e-01
2.934157913876815016e+00 -2.359927795878792867e-01
2.935344106659096397e+00 -2.339514753084894483e-01
2.936501879189619579e+00 -2.319178852187860629e-01
2.937659651720143206e+00 -2.298842951290824832e-01
2.938817424250666832e+00 -2.278507050393790978e-01
2.939975196781190458e+00 -2.258171149496757402e-01
2.941132969311713641e+00 -2.237835248599723825e-01
2.942290741842237267e+00 -2.217499347702689971e-01
2.943432045417884613e+00 -2.197099841170023493e-01
2.944501983522399780e+00 -2.176424710216292857e-01
2.945571921626914946e+00 -2.155749579262562499e-01
2.946641859731430113e+00 -2.135074448308832140e-01
2.947711797835945724e+00 -2.114399317355101504e-01
2.948781735940460891e+00 -2.093724186401368648e-01
2.949851674044976058e+00 -2.073049055447638289e-01
2.950973406675627242e+00 -2.050738340059972131e-01
2.952250522884685591e+00 -2.023520871370500240e-01
2.953527639093744384e+00 -1.996303402681028072e-01
2.954804755302802732e+00 -1.969085933991553128e-01
2.956081871511861081e+00 -1.941868465302080959e-01
2.957358987720919430e+00 -1.914650996612609068e-01
2.958636103929978223e+00 -1.887433527923136900e-01
2.959659616109339808e+00 -1.865437256773299357e-01
2.960125199423369047e+00 -1.854927620210656269e-01
2.960590782737398285e+00 -1.844417983648014292e-01
2.961056366051427524e+00 -1.833908347085372037e-01
2.961521949365457207e+00 -1.823398710522730060e-01
2.961987532679486446e+00 -1.812889073960088082e-01
2.962453115993515684e+00 -1.802379437397444717e-01
2.963157178258923885e+00 -1.785747653430327653e-01
2.964258705443296726e+00 -1.758912290455756089e-01
2.965360232627669568e+00 -1.732076927481184803e-01
2.966461759812042409e+00 -1.705241564506610463e-01
2.967563286996415250e+00 -1.678406201532038899e-01
2.968664814180788092e+00 -1.651570838557467336e-01
2.969766341365160933e+00 -1.624735475582896049e-01
2.970733612943660340e+00 -1.600311301951789500e-01
2.971528270171750474e+00 -1.578987228905135987e-01
2.972322927399840609e+00 -1.557663155858484694e-01
2.973117584627931187e+00 -1.536339082811833678e-01
2.973912241856021321e+00 -1.515015009765182386e-01
2.974706899084111456e+00 -1.493690936718531370e-01
2.975501556312201590e+00 -1.472366863671877857e-01
2.976402483090551776e+00 -1.446174493929675842e-01
2.977409679419162014e+00 -1.415113827491923937e-01
2.978416875747772252e+00 -1.384053161054172310e-01
2.979424072076382490e+00 -1.352992494616420405e-01
2.980431268404992728e+00 -1.321931828178665169e-01
2.981438464733602522e+00 -1.290871161740913542e-01
2.982445661062212761e+00 -1.259810495303161637e-01
2.983502658148438513e+00 -1.223798216066266792e-01
2.984598389157254061e+00 -1.183934682430038549e-01
2.985694120166069609e+00 -1.144071148793806003e-01
2.986789851174885158e+00 -1.104207615157577899e-01
2.987885582183700706e+00 -1.064344081521349794e-01
2.988981313192516254e+00 -1.024480547885121551e-01
2.990077044201331802e+00 -9.846170142488934462e-02
2.990650351569371868e+00 -9.628117028614090189e-02
2.990910204752946999e+00 -9.518413248231723245e-02
2.991170057936522575e+00 -9.408709467849354913e-02
2.991429911120097707e+00 -9.299005687466986581e-02
2.991689764303672838e+00 -9.189301907084618248e-02
2.991949617487247970e+00 -9.079598126702238814e-02
2.992209470670823102e+00 -8.969894346319870482e-02
2.992808057954299716e+00 -8.688264932450273648e-02
2.993560615283185733e+00 -8.328487503359247035e-02
2.994313172612071750e+00 -7.968710074268220422e-02
2.995065729940957766e+00 -7.608932645177154952e-02
2.995818287269843783e+00 -7.249155216086128339e-02
2.996570844598729799e+00 -6.889377786995101727e-02
2.997323401927615816e+00 -6.529600357904075114e-02
2.997845140133148956e+00 -6.232842025382950846e-02
2.998289938630898099e+00 -5.957090058385099834e-02
2.998734737128647243e+00 -5.681338091387279354e-02
2.999179535626396387e+00 -5.405586124389458874e-02
2.999624334124145975e+00 -5.129834157391638394e-02
3.000069132621895118e+00 -4.854082190393818608e-02
3.000513931119644262e+00 -4.578330223395967596e-02
3.000671737712429010e+00 -4.473682605952454538e-02
3.000763315404068710e+00 -4.408520607636842725e-02
3.000854893095707965e+00 -4.343358609321230218e-02
3.000946470787347664e+00 -4.278196611005617711e-02
3.001038048478987363e+00 -4.213034612689998959e-02
3.001129626170626619e+00 -4.147872614374386452e-02
3.001221203862266318e+00 -4.082710616058773945e-02
3.001545053765985127e+00 -3.794810103272620166e-02
3.001902085414287491e+00 -3.475089802704971892e-02
3.002259117062589411e+00 -3.155369502137288923e-02
3.002616148710891331e+00 -2.835649201569640648e-02
3.002973180359193250e+00 -2.515928901001992721e-02
3.003330212007495170e+00 -2.196208600434344793e-02
3.003687243655797534e+00 -1.876488299866661477e-02
3.003791386456098333e+00 -1.743493301750537530e-02
3.003878669999866080e+00 -1.622946657131154116e-02
3.003965953543633827e+00 -1.502400012511770529e-02
3.004053237087401573e+00 -1.381853367892386941e-02
3.004140520631168876e+00 -1.261306723272990343e-02
3.004227804174936622e+00 -1.140760078653606756e-02
3.004315087718704369e+00 -1.020213434034223342e-02
