# Cls = Ves
# Exp = ITER
# Name = V1
1.020000000000000000e+02 0.000000000000000000e+00
3.564999999999999947e+00 3.563000000000000167e+00
3.564999999999999947e+00 -3.524999999999999911e+00
3.564999999999999947e+00 -3.524799999999999933e+00
3.570399999999999796e+00 -3.655299999999999994e+00
3.586500000000000021e+00 -3.784899999999999931e+00
3.613300000000000178e+00 -3.912700000000000067e+00
3.650599999999999845e+00 -4.037799999999999834e+00
3.698100000000000165e+00 -4.159500000000000419e+00
3.755399999999999849e+00 -4.276799999999999713e+00
3.822299999999999809e+00 -4.389000000000000234e+00
3.898200000000000109e+00 -4.495300000000000296e+00
3.982600000000000140e+00 -4.594899999999999984e+00
4.074900000000000411e+00 -4.687199999999999811e+00
4.174500000000000099e+00 -4.771600000000000286e+00
4.280800000000000161e+00 -4.847500000000000142e+00
4.392999999999999794e+00 -4.914399999999999658e+00
4.510299999999999976e+00 -4.971700000000000230e+00
4.631999999999999673e+00 -5.019199999999999662e+00
4.757100000000000328e+00 -5.056499999999999773e+00
4.884900000000000020e+00 -5.083300000000000374e+00
5.014499999999999957e+00 -5.099400000000000155e+00
5.144999999999999574e+00 -5.104800000000000004e+00
5.168499999999999872e+00 -5.104599999999999582e+00
5.303600000000000314e+00 -5.098600000000000243e+00
5.438200000000000145e+00 -5.085300000000000153e+00
5.571799999999999642e+00 -5.064700000000000202e+00
5.704100000000000392e+00 -5.036900000000000155e+00
5.834699999999999775e+00 -5.001900000000000013e+00
5.963199999999999612e+00 -4.959999999999999964e+00
6.089299999999999713e+00 -4.911100000000000243e+00
6.212600000000000122e+00 -4.855500000000000149e+00
6.332600000000000229e+00 -4.793300000000000338e+00
6.449099999999999611e+00 -4.724700000000000344e+00
6.561700000000000088e+00 -4.649799999999999933e+00
6.670099999999999696e+00 -4.568999999999999950e+00
6.773900000000000254e+00 -4.482400000000000162e+00
6.873000000000000220e+00 -4.390399999999999636e+00
6.966800000000000104e+00 -4.293099999999999916e+00
7.055299999999999905e+00 -4.190800000000000303e+00
7.138099999999999667e+00 -4.083899999999999864e+00
7.214999999999999858e+00 -3.972700000000000120e+00
7.285700000000000287e+00 -3.857499999999999929e+00
8.769399999999999196e+00 -5.143499999999999739e-01
8.798299999999999343e+00 -4.311900000000000177e-01
8.824699999999999989e+00 -3.472199999999999731e-01
8.848699999999999122e+00 -2.625100000000000211e-01
8.870100000000000762e+00 -1.771199999999999997e-01
8.888999999999999346e+00 -9.114999999999999492e-02
8.905400000000000205e+00 -4.656600000000000322e-03
8.919299999999999784e+00 8.228199999999999403e-02
8.930600000000000094e+00 1.695899999999999908e-01
8.939299999999999358e+00 2.571899999999999742e-01
8.945499999999999119e+00 3.450099999999999834e-01
8.948999999999999844e+00 4.329799999999999760e-01
8.949999999999999289e+00 5.210000000000000187e-01
8.948399999999999466e+00 6.090200000000000058e-01
8.944200000000000372e+00 6.969600000000000239e-01
8.937400000000000233e+00 7.847300000000000386e-01
8.928000000000000824e+00 8.722699999999999898e-01
8.916100000000000136e+00 9.594899999999999540e-01
8.901600000000000179e+00 1.046300000000000008e+00
8.884600000000000719e+00 1.132700000000000040e+00
8.883300000000000196e+00 1.147100000000000009e+00
8.851200000000000401e+00 1.299600000000000088e+00
8.814299999999999358e+00 1.451100000000000056e+00
8.772800000000000153e+00 1.601199999999999957e+00
8.726499999999999702e+00 1.750099999999999989e+00
8.675599999999999312e+00 1.897399999999999975e+00
8.620200000000000529e+00 2.043000000000000149e+00
8.560200000000000031e+00 2.186900000000000066e+00
8.495799999999999130e+00 2.328800000000000203e+00
8.426999999999999602e+00 2.468599999999999905e+00
8.353799999999999670e+00 2.606199999999999850e+00
8.276400000000000645e+00 2.741400000000000059e+00
8.194800000000000750e+00 2.874200000000000088e+00
8.108999999999999986e+00 3.004300000000000193e+00
8.019299999999999429e+00 3.131800000000000139e+00
7.925600000000000200e+00 3.256299999999999972e+00
7.828100000000000058e+00 3.377899999999999903e+00
7.726799999999999891e+00 3.496300000000000185e+00
7.621900000000000119e+00 3.611600000000000144e+00
7.513499999999999623e+00 3.723500000000000032e+00
6.075400000000000134e+00 4.870400000000000063e+00
5.919599999999999973e+00 4.966599999999999682e+00
5.753800000000000026e+00 5.044400000000000439e+00
5.580199999999999605e+00 5.102699999999999569e+00
5.400999999999999801e+00 5.140699999999999825e+00
5.218600000000000350e+00 5.157899999999999707e+00
5.035499999999999865e+00 5.154099999999999682e+00
4.854000000000000092e+00 5.129400000000000404e+00
4.676599999999999646e+00 5.083999999999999631e+00
4.505499999999999616e+00 5.018600000000000172e+00
4.342999999999999972e+00 4.934099999999999930e+00
4.191300000000000026e+00 4.831400000000000361e+00
4.052399999999999558e+00 4.712100000000000399e+00
3.927999999999999936e+00 4.577600000000000335e+00
3.819900000000000073e+00 4.429800000000000182e+00
3.729400000000000048e+00 4.270500000000000185e+00
3.657799999999999940e+00 4.102000000000000313e+00
3.605900000000000105e+00 3.926299999999999901e+00
3.574500000000000011e+00 3.745899999999999785e+00
3.564000000000000057e+00 3.563000000000000167e+00
