# Cls = PFC
# Exp = COMPASS
# Name = lower
7.600000000000000000e+01 0.000000000000000000e+00
3.587000072002410889e-01 -3.059999942779541016e-01
3.720000000000000528e-01 -3.330000000000000182e-01
3.932999999999999829e-01 -3.593999999999999972e-01
3.970000000000000195e-01 -3.629999999999999893e-01
4.320000000000000506e-01 -3.810000000000000053e-01
4.575000000000000178e-01 -3.845000000000000084e-01
4.710000000000000853e-01 -3.850000000000000089e-01
5.270000000000000240e-01 -3.699999999999999956e-01
5.443999999999999950e-01 -3.630999999999999783e-01
5.790000000000000702e-01 -3.459999999999999742e-01
6.209999999999999964e-01 -3.150000000000000022e-01
6.260000000000001119e-01 -3.119999999999999996e-01
6.370000243186950684e-01 -3.019999861717224121e-01
6.308108568191528320e-01 -2.964008748531341553e-01
6.295590996742248535e-01 -2.952512502670288086e-01
6.253749132156372070e-01 -2.925373911857604980e-01
6.206493973731994629e-01 -2.909431457519531250e-01
6.156763434410095215e-01 -2.905676364898681641e-01
6.107650399208068848e-01 -2.914341986179351807e-01
6.062207818031311035e-01 -2.934889793395996094e-01
6.022733449935913086e-01 -2.965471148490905762e-01
5.984438061714172363e-01 -2.997641563415527344e-01
5.945537686347961426e-01 -3.029077947139739990e-01
5.906046628952026367e-01 -3.059768974781036377e-01
5.865979194641113281e-01 -3.089703321456909180e-01
5.825349092483520508e-01 -3.118870556354522705e-01
5.784172415733337402e-01 -3.147259652614593506e-01
5.742462873458862305e-01 -3.174860775470733643e-01
5.700236558914184570e-01 -3.201663494110107422e-01
5.657507777214050293e-01 -3.227658569812774658e-01
5.614292025566101074e-01 -3.252836465835571289e-01
5.570605993270874023e-01 -3.277187943458557129e-01
5.526464581489562988e-01 -3.300704360008239746e-01
5.481883883476257324e-01 -3.323377072811126709e-01
5.436879992485046387e-01 -3.345198035240173340e-01
5.391469597816467285e-01 -3.366158902645111084e-01
5.345668196678161621e-01 -3.386252820491790771e-01
5.299493670463562012e-01 -3.405471742153167725e-01
5.252961516380310059e-01 -3.423809409141540527e-01
5.206089615821838379e-01 -3.441258966922760010e-01
5.158894062042236328e-01 -3.457813858985900879e-01
5.111392140388488770e-01 -3.473468422889709473e-01
5.063601136207580566e-01 -3.488216698169708252e-01
5.015538334846496582e-01 -3.502053618431091309e-01
4.967221021652221680e-01 -3.514973819255828857e-01
4.918666779994964600e-01 -3.526973128318786621e-01
4.869893193244934082e-01 -3.538046777248382568e-01
4.820918142795562744e-01 -3.548191189765930176e-01
4.771758615970611572e-01 -3.557402193546295166e-01
4.722433090209960938e-01 -3.565676808357238770e-01
4.672959148883819580e-01 -3.573012053966522217e-01
4.623236060142517090e-01 -3.578143715858459473e-01
4.573273658752441406e-01 -3.579697906970977783e-01
4.523328542709350586e-01 -3.577665388584136963e-01
4.473657608032226562e-01 -3.572057187557220459e-01
4.424516558647155762e-01 -3.562901914119720459e-01
4.376158714294433594e-01 -3.550246655941009521e-01
4.328832626342773438e-01 -3.534156978130340576e-01
4.282781779766082764e-01 -3.514715135097503662e-01
4.238243699073791504e-01 -3.492021560668945312e-01
4.195447266101837158e-01 -3.466192781925201416e-01
4.154612720012664795e-01 -3.437362015247344971e-01
4.115950763225555420e-01 -3.405677676200866699e-01
4.079659879207611084e-01 -3.371302783489227295e-01
4.045927524566650391e-01 -3.334414362907409668e-01
4.014926552772521973e-01 -3.295202255249023438e-01
3.986817002296447754e-01 -3.253868222236633301e-01
3.961743414402008057e-01 -3.210624754428863525e-01
3.938715755939483643e-01 -3.166234493255615234e-01
3.916239142417907715e-01 -3.121558725833892822e-01
3.887857496738433838e-01 -3.080507516860961914e-01
3.850195407867431641e-01 -3.047761321067810059e-01
3.805598616600036621e-01 -3.025359213352203369e-01
3.756843805313110352e-01 -3.014695942401885986e-01
3.706966936588287354e-01 -3.016435801982879639e-01
3.659073710441589355e-01 -3.030470311641693115e-01
