# Cls = Ves
# Exp = WEST
# Name = StandardV0
5.100000000000000000e+01 0.000000000000000000e+00
2.766000000000000014e+00 7.491999999999999771e-01
2.455999999999999961e+00 7.491999999999999771e-01
2.372098356384068740e+00 7.697690000000000365e-01
1.955920505442386270e+00 6.012300000000000422e-01
1.896234159764558003e+00 5.550380000000000313e-01
1.873650437331630725e+00 4.441642303822337379e-01
1.856259555650231263e+00 3.337978467736253951e-01
1.843826943346401626e+00 2.228133966765704910e-01
1.836358204793972160e+00 1.113896333018938728e-01
1.833876759397041756e+00 -2.779374865840749179e-04
1.836383298232798778e+00 -1.119509098580846185e-01
1.843875949550754845e+00 -2.233744240736200981e-01
1.856339514974657767e+00 -3.343851997842514634e-01
1.873750141219779675e+00 -4.447155115314402885e-01
1.896357824482763688e+00 -5.555829999999999380e-01
1.909119153332237806e+00 -5.793619999999999326e-01
2.446265192314602821e+00 -7.968859999999999832e-01
2.754964195673874627e+00 -7.979690000000000394e-01
2.815780670637718419e+00 -7.791760000000000908e-01
2.872799837484331320e+00 -7.508790000000000742e-01
2.924399154346239538e+00 -7.173380000000000312e-01
2.973282640706228275e+00 -6.804609999999999825e-01
3.019796466972070714e+00 -6.399310000000000276e-01
3.063636388779354292e+00 -5.958869999999999445e-01
3.102282764595935216e+00 -5.513109999999999955e-01
3.138802498916585471e+00 -5.028350000000000319e-01
3.172972072800200216e+00 -4.502540000000000431e-01
3.205347944102948876e+00 -3.969119999999999870e-01
3.227808407117281231e+00 -3.423480000000000412e-01
3.250594743028573763e+00 -2.829570000000000141e-01
3.267575361009597668e+00 -2.268390000000000128e-01
3.281336589126449432e+00 -1.672340000000000215e-01
3.291042643024395531e+00 -1.059189999999999993e-01
3.296432626717706871e+00 -4.346300000000000163e-02
3.297699999999999854e+00 0.000000000000000000e+00
3.297292388930650908e+00 1.516699999999999993e-02
3.293871427668360496e+00 8.015500000000000402e-02
3.287020572218251502e+00 1.339559999999999917e-01
3.275200353710441270e+00 1.955629999999999868e-01
3.257820961633404178e+00 2.607860000000000178e-01
3.238783834350171809e+00 3.151430000000000065e-01
3.214973539194529994e+00 3.709940000000000460e-01
3.184016002518988753e+00 4.311770000000000325e-01
3.156654115103680436e+00 4.760960000000000192e-01
3.120316606298149331e+00 5.280940000000000634e-01
3.081809030320016518e+00 5.755069999999999908e-01
3.037585567353453087e+00 6.227709999999999635e-01
2.992128319415462201e+00 6.646929999999999783e-01
2.945089723137989335e+00 7.022970000000000601e-01
2.895559610014789786e+00 7.365940000000000820e-01
2.836711857618605226e+00 7.712799999999999656e-01
