# Cls = Ves
# Exp = ITER
# Name = OuterV0
1.510000000000000000e+02 0.000000000000000000e+00
6.227000236511230469e+00 5.468400001525878906e+00
6.060299873352050781e+00 5.532199859619140625e+00
5.889400005340576172e+00 5.583600044250488281e+00
5.715099811553955078e+00 5.622399806976318359e+00
5.538499832153320312e+00 5.648399829864501953e+00
5.360499858856201172e+00 5.661399841308593750e+00
5.182000160217285156e+00 5.661399841308593750e+00
5.004000186920166016e+00 5.648300170898437500e+00
4.827400207519531250e+00 5.622300148010253906e+00
4.653200149536132812e+00 5.583399772644042969e+00
4.473700046539306641e+00 5.526599884033203125e+00
4.300799846649169922e+00 5.452000141143798828e+00
4.136400222778320312e+00 5.360300064086914062e+00
3.982000112533569336e+00 5.252399921417236328e+00
3.839400053024291992e+00 5.129499912261962891e+00
3.709800004959106445e+00 4.992899894714355469e+00
3.594799995422363281e+00 4.843800067901611328e+00
3.495300054550170898e+00 4.683899879455566406e+00
3.412600040435791016e+00 4.514800071716308594e+00
3.347300052642822266e+00 4.338200092315673828e+00
3.300199985504150391e+00 4.155900001525878906e+00
3.271699905395507812e+00 3.969700098037719727e+00
3.262200117111206055e+00 3.781699895858764648e+00
3.262200117111206055e+00 3.584300041198730469e+00
3.262200117111206055e+00 3.387000083923339844e+00
3.262200117111206055e+00 3.189699888229370117e+00
3.262200117111206055e+00 2.992300033569335938e+00
3.262200117111206055e+00 2.795000076293945312e+00
3.262200117111206055e+00 2.597599983215332031e+00
3.262200117111206055e+00 2.400300025939941406e+00
3.262200117111206055e+00 2.202899932861328125e+00
3.262200117111206055e+00 2.005599975585937500e+00
3.262200117111206055e+00 1.808300018310546875e+00
3.262200117111206055e+00 1.610900044441223145e+00
3.262200117111206055e+00 1.413599967956542969e+00
3.262200117111206055e+00 1.216199994087219238e+00
3.262200117111206055e+00 1.018900036811828613e+00
3.262200117111206055e+00 8.215000033378601074e-01
3.262200117111206055e+00 6.241999864578247070e-01
3.262200117111206055e+00 4.268999993801116943e-01
3.262200117111206055e+00 2.294999957084655762e-01
3.262200117111206055e+00 3.220000118017196655e-02
3.262200117111206055e+00 -1.651999950408935547e-01
3.262200117111206055e+00 -3.625000119209289551e-01
3.262200117111206055e+00 -5.598999857902526855e-01
3.262200117111206055e+00 -7.572000026702880859e-01
3.262200117111206055e+00 -9.545000195503234863e-01
3.262200117111206055e+00 -1.151900053024291992e+00
3.262200117111206055e+00 -1.349200010299682617e+00
3.262200117111206055e+00 -1.546599984169006348e+00
3.262200117111206055e+00 -1.743899941444396973e+00
3.262200117111206055e+00 -1.941200017929077148e+00
3.262200117111206055e+00 -2.138600111007690430e+00
3.262200117111206055e+00 -2.335900068283081055e+00
3.262200117111206055e+00 -2.533299922943115234e+00
3.262200117111206055e+00 -2.730600118637084961e+00
3.262200117111206055e+00 -2.927999973297119141e+00
3.262200117111206055e+00 -3.125299930572509766e+00
3.262200117111206055e+00 -3.322599887847900391e+00
3.262200117111206055e+00 -3.519999980926513672e+00
3.262200117111206055e+00 -3.717299938201904297e+00
3.271899938583374023e+00 -3.909899950027465820e+00
3.301000118255615234e+00 -4.100399971008300781e+00
3.349200010299682617e+00 -4.287099838256835938e+00
3.415899991989135742e+00 -4.467899799346923828e+00
3.500499963760375977e+00 -4.641099929809570312e+00
3.602200031280517578e+00 -4.804900169372558594e+00
3.719899892807006836e+00 -4.957600116729736328e+00
3.852299928665161133e+00 -5.097700119018554688e+00
3.998199939727783203e+00 -5.223700046539306641e+00
4.156099796295166016e+00 -5.334300041198730469e+00
4.324299812316894531e+00 -5.428500175476074219e+00
4.501100063323974609e+00 -5.505199909210205078e+00
4.684800148010253906e+00 -5.563700199127197266e+00
4.873400211334228516e+00 -5.603400230407714844e+00
5.065100193023681641e+00 -5.623799800872802734e+00
5.257500171661376953e+00 -5.628699779510498047e+00
5.449900150299072266e+00 -5.622000217437744141e+00
5.641499996185302734e+00 -5.603600025177001953e+00
5.831699848175048828e+00 -5.573699951171875000e+00
6.019599914550781250e+00 -5.532299995422363281e+00
6.204800128936767578e+00 -5.479599952697753906e+00
6.386400222778320312e+00 -5.415800094604492188e+00
6.563799858093261719e+00 -5.341199874877929688e+00
6.736400127410888672e+00 -5.255899906158447266e+00
6.903500080108642578e+00 -5.160399913787841797e+00
7.064499855041503906e+00 -5.054900169372558594e+00
7.218800067901611328e+00 -4.939799785614013672e+00
7.365900039672851562e+00 -4.815700054168701172e+00
7.505199909210205078e+00 -4.682799816131591797e+00
7.636199951171875000e+00 -4.541800022125244141e+00
7.758399963378906250e+00 -4.393099784851074219e+00
7.871399879455566406e+00 -4.237299919128417969e+00
7.974800109863281250e+00 -4.074900150299072266e+00
8.068099975585937500e+00 -3.906599998474121094e+00
8.151100158691406250e+00 -3.732899904251098633e+00
8.227000236511230469e+00 -3.560800075531005859e+00
8.303000450134277344e+00 -3.388700008392333984e+00
8.378899574279785156e+00 -3.216599941253662109e+00
8.454799652099609375e+00 -3.044500112533569336e+00
8.530799865722656250e+00 -2.872400045394897461e+00
8.606699943542480469e+00 -2.700299978256225586e+00
8.682600021362304688e+00 -2.528199911117553711e+00
8.758500099182128906e+00 -2.356100082397460938e+00
8.834500312805175781e+00 -2.184000015258789062e+00
8.910400390625000000e+00 -2.011899948120117188e+00
8.986300468444824219e+00 -1.839800000190734863e+00
9.062299728393554688e+00 -1.667700052261352539e+00
9.138199806213378906e+00 -1.495599985122680664e+00
9.214099884033203125e+00 -1.323500037193298340e+00
9.289999961853027344e+00 -1.151399970054626465e+00
9.366000175476074219e+00 -9.793000221252441406e-01
9.439599990844726562e+00 -7.998999953269958496e-01
9.503800392150878906e+00 -6.169000267982482910e-01
9.558300018310546875e+00 -4.307999908924102783e-01
9.603099822998046875e+00 -2.421000003814697266e-01
9.637999534606933594e+00 -5.130000039935112000e-02
9.662899971008300781e+00 1.410000026226043701e-01
9.677700042724609375e+00 3.343000113964080811e-01
9.682499885559082031e+00 5.281999707221984863e-01
9.677100181579589844e+00 7.220000028610229492e-01
9.661600112915039062e+00 9.153000116348266602e-01
9.636099815368652344e+00 1.107599973678588867e+00
9.601400375366210938e+00 1.303699970245361328e+00
9.559800148010253906e+00 1.498600006103515625e+00
9.511400222778320312e+00 1.691900014877319336e+00
9.456299781799316406e+00 1.883299946784973145e+00
9.394599914550781250e+00 2.072799921035766602e+00
9.326399803161621094e+00 2.259999990463256836e+00
9.251600265502929688e+00 2.444700002670288086e+00
9.170499801635742188e+00 2.626600027084350586e+00
9.083000183105468750e+00 2.805599927902221680e+00
8.989399909973144531e+00 2.981499910354614258e+00
8.889699935913085938e+00 3.154000043869018555e+00
8.784000396728515625e+00 3.322900056838989258e+00
8.672599792480468750e+00 3.488100051879882812e+00
8.555399894714355469e+00 3.649199962615966797e+00
8.432700157165527344e+00 3.806200027465820312e+00
8.304599761962890625e+00 3.958800077438354492e+00
8.171199798583984375e+00 4.106800079345703125e+00
8.032799720764160156e+00 4.250100135803222656e+00
7.889500141143798828e+00 4.388500213623046875e+00
7.741399765014648438e+00 4.521800041198730469e+00
7.588799953460693359e+00 4.649899959564208984e+00
7.431799888610839844e+00 4.772600173950195312e+00
7.270599842071533203e+00 4.889699935913085938e+00
7.105400085449218750e+00 5.001100063323974609e+00
6.936500072479248047e+00 5.106699943542480469e+00
6.763899803161621094e+00 5.206399917602539062e+00
6.587999820709228516e+00 5.300000190734863281e+00
6.408999919891357422e+00 5.387300014495849609e+00
