# Cls = PFC
# Exp = WEST
# Name = LH2V1
1.260000000000000000e+02 2.000000000000000000e+00
3.044780693243757774e+00 -4.949109999999999898e-01
3.107833904684217163e+00 -3.180000000000000049e-01
3.399999999999999911e+00 -3.180000000000000049e-01
3.399999999999999911e+00 3.180000000000000049e-01
3.107833904684217163e+00 3.180000000000000049e-01
3.044780693243757774e+00 4.949109999999999898e-01
2.893059712127533434e+00 5.041050000000000253e-01
2.869115048167717230e+00 5.047989999999999977e-01
2.871356378445165003e+00 4.650779999999999914e-01
2.895054712512507678e+00 4.687679999999999625e-01
2.895260149838732033e+00 4.673419999999999797e-01
2.871594062691905869e+00 4.634230000000000294e-01
2.880654819392295174e+00 4.246979999999999644e-01
2.903329301636539128e+00 4.328899999999999970e-01
2.903777601803601005e+00 4.315220000000000167e-01
2.881175340214995995e+00 4.231099999999999861e-01
2.896780664414922324e+00 3.865560000000000107e-01
2.917674381907263914e+00 3.990020000000000233e-01
2.917900461640007936e+00 3.976850000000000107e-01
2.897588276879977887e+00 3.851070000000000326e-01
2.913122788147675557e+00 3.566139999999999866e-01
2.933450727161458715e+00 3.691920000000000202e-01
2.934501378337782462e+00 3.671619999999999884e-01
2.913649729590719772e+00 3.555960000000000232e-01
2.927935306141395522e+00 3.264469999999999872e-01
2.948801343380880624e+00 3.380129999999999524e-01
2.949763071809159865e+00 3.359390000000000431e-01
2.928417106288062843e+00 3.254070000000000018e-01
2.941426659002225996e+00 2.956590000000000051e-01
2.962784989008413028e+00 3.061909999999999910e-01
2.963656386303281653e+00 3.040769999999999862e-01
2.941862652358219421e+00 2.945989999999999998e-01
2.953571252549659132e+00 2.643079999999999874e-01
2.975375333992480442e+00 2.737859999999999738e-01
2.976154255184515929e+00 2.716350000000000153e-01
2.953961398297178853e+00 2.632300000000000195e-01
2.964344863811784414e+00 2.324539999999999940e-01
2.986548141768861964e+00 2.408600000000000185e-01
2.987232463341812583e+00 2.386770000000000003e-01
2.964688464178063310e+00 2.313600000000000101e-01
2.973728259248752170e+00 2.001579999999999748e-01
2.996281368108780985e+00 2.074759999999999938e-01
2.996870381410558171e+00 2.052649999999999753e-01
2.974023894128074996e+00 1.990490000000000037e-01
2.981702890860188138e+00 1.674809999999999910e-01
3.004556496895482542e+00 1.736959999999999893e-01
3.005049476279062048e+00 1.714610000000000023e-01
2.981949863251920796e+00 1.663600000000000079e-01
2.988253155515101511e+00 1.344840000000000202e-01
3.011357863027227300e+00 1.395860000000000156e-01
3.011754085023580441e+00 1.373319999999999819e-01
2.988451430503528350e+00 1.333540000000000003e-01
2.993366180933850540e+00 1.012320000000000025e-01
3.016673350655395769e+00 1.052099999999999980e-01
3.016970697067113960e+00 1.029410000000000047e-01
2.993515063307591983e+00 1.000939999999999885e-01
2.997032009376604744e+00 6.778700000000000003e-02
3.020490867071005781e+00 7.063400000000000234e-02
3.020689333367970519e+00 6.835399999999999809e-02
2.997132218292231531e+00 6.664400000000000879e-02
2.999244949959060769e+00 3.421300000000000036e-02
3.022805413067019664e+00 3.592300000000000354e-02
3.022904297751372038e+00 3.363700000000000023e-02
2.999295040063095108e+00 3.306600000000000511e-02
3.000000000000000000e+00 5.739999999999999660e-04
3.023609184170302555e+00 1.143999999999999835e-03
3.023609184170302555e+00 -1.143999999999999835e-03
3.000000000000000000e+00 -5.739999999999999660e-04
2.999295040063095108e+00 -3.306600000000000511e-02
3.022904297751372038e+00 -3.363700000000000023e-02
3.022805413067019664e+00 -3.592300000000000354e-02
2.999244949959060769e+00 -3.421300000000000036e-02
2.997132218292231531e+00 -6.664400000000000879e-02
3.020689333367970519e+00 -6.835399999999999809e-02
3.020490867071005781e+00 -7.063400000000000234e-02
2.997032009376604744e+00 -6.778700000000000003e-02
2.993515063307591983e+00 -1.000939999999999885e-01
3.016970697067113960e+00 -1.029410000000000047e-01
3.016673350655395769e+00 -1.052099999999999980e-01
2.993366180933850540e+00 -1.012320000000000025e-01
2.988451430503528350e+00 -1.333540000000000003e-01
3.011754085023580441e+00 -1.373319999999999819e-01
3.011357863027227300e+00 -1.395860000000000156e-01
2.988121750038867930e+00 -1.344840000000000202e-01
2.981949863251920796e+00 -1.663600000000000079e-01
3.005049476279062048e+00 -1.714610000000000023e-01
3.004556496895482542e+00 -1.736959999999999893e-01
2.981702890860188138e+00 -1.674809999999999910e-01
2.974023894128074996e+00 -1.990490000000000037e-01
2.996870381410558171e+00 -2.052649999999999753e-01
2.996281368108780985e+00 -2.074759999999999938e-01
2.973728259248752170e+00 -2.001579999999999748e-01
2.964660815322974763e+00 -2.313600000000000101e-01
2.987232463341812583e+00 -2.386770000000000003e-01
2.986548141768861964e+00 -2.408600000000000185e-01
2.964344863811784414e+00 -2.324539999999999940e-01
2.953961398297178853e+00 -2.632300000000000195e-01
2.976154255184515929e+00 -2.716350000000000153e-01
2.975375333992480442e+00 -2.737859999999999738e-01
2.953571252549659132e+00 -2.643079999999999874e-01
2.941862652358219421e+00 -2.945989999999999998e-01
2.963656386303281653e+00 -3.040769999999999862e-01
2.962784989008413028e+00 -3.061909999999999910e-01
2.941426659002225996e+00 -2.956590000000000051e-01
2.928417106288062843e+00 -3.254070000000000018e-01
2.949763071809159865e+00 -3.359390000000000431e-01
2.948801343380880624e+00 -3.380129999999999524e-01
2.927935306141395522e+00 -3.264469999999999872e-01
2.913649729590719772e+00 -3.555960000000000232e-01
2.934501378337782462e+00 -3.671619999999999884e-01
2.933450727161458715e+00 -3.691920000000000202e-01
2.913122788147675557e+00 -3.566139999999999866e-01
2.897588276879977887e+00 -3.851070000000000326e-01
2.917900461640007936e+00 -3.976850000000000107e-01
2.917674381907263914e+00 -3.990020000000000233e-01
2.896780664414922324e+00 -3.865560000000000107e-01
2.881175340214995995e+00 -4.231099999999999861e-01
2.903777601803601005e+00 -4.315220000000000167e-01
2.903329301636539128e+00 -4.328899999999999970e-01
2.880654819392295174e+00 -4.246979999999999644e-01
2.871594062691905869e+00 -4.634230000000000294e-01
2.895260149838732033e+00 -4.673419999999999797e-01
2.895054712512507678e+00 -4.687679999999999625e-01
2.871356378445165003e+00 -4.650779999999999914e-01
2.869115048167717230e+00 -5.047989999999999977e-01
2.893059712127533434e+00 -5.041050000000000253e-01
-4.631197200000000125e-01 3.333333999999998909e-02
-2.350119850000000066e-01 3.333332999999999435e-02
