# Cls = Ves
# Exp = NSTX
# Name = VesselInner
2.400000000000000000e+01 0.000000000000000000e+00
9.949218700000000126e+01 2.456601499999999874e+02
9.949218700000000126e+01 2.320898499999999842e+02
1.003750000000000000e+02 2.300820299999999747e+02
1.063750000000000000e+02 2.300820299999999747e+02
1.083945300000000032e+02 2.298867199999999684e+02
1.338359399999999937e+02 2.398867199999999684e+02
1.271875000000000000e+02 2.386015599999999779e+02
1.392578100000000063e+02 2.560703099999999495e+02
1.466796899999999937e+02 2.776328099999999495e+02
1.464101599999999905e+02 2.796406299999999305e+02
1.502812500000000000e+02 3.016640599999999495e+02
1.465234299999999905e+02 3.230898399999999242e+02
1.466796899999999937e+02 3.256874999999999432e+02
1.393593699999999842e+02 3.475038999999999305e+02
1.271874999999999858e+02 3.647187499999999432e+02
1.338359399999999937e+02 3.634335999999999558e+02
1.083945299999999889e+02 3.734492199999999684e+02
1.063867199999999826e+02 3.732460899999999810e+02
1.003749999999999858e+02 3.732540899999999624e+02
9.949218699999998705e+01 3.712462799999999561e+02
9.949218699999998705e+01 3.576681599999999435e+02
9.508593699999998705e+01 3.479689399999999182e+02
9.452343699999998705e+01 2.553673799999999119e+02
9.949218699999998705e+01 2.456681599999999150e+02
