# Cls = Ves
# Exp = COMPASS2
# Name = V0
1.640000000000000000e+02 0.000000000000000000e+00
5.298200986692007675e-01 -5.307338437404607312e-03
5.305538965663609829e-01 -2.795289087213970181e-02
5.315281452257951678e-01 -4.660296463094304453e-02
5.315281452257951678e-01 -6.800374096829597814e-02
5.310410208960778533e-01 -8.567387424057615330e-02
5.311612462772150600e-01 -1.038781125654643089e-01
5.325023938852293526e-01 -1.180889799695185038e-01
5.312814716583518226e-01 -1.358463356716376191e-01
5.311612462772150600e-01 -1.584900521815310048e-01
5.311612462772150600e-01 -1.731420359809635601e-01
5.307943473286349523e-01 -1.917892266260717848e-01
5.303072229989176378e-01 -2.104361588183140119e-01
5.307943473286349523e-01 -2.290851853882637235e-01
5.292240330656392544e-01 -2.610497742799989807e-01
5.405492795333142197e-01 -2.819420974998904095e-01
5.529865069540220723e-01 -3.033442391959703111e-01
5.620076412615411243e-01 -3.220116116369454717e-01
5.715872670330708338e-01 -3.416477871881358763e-01
5.797107896873283650e-01 -3.621237958566906334e-01
5.884474083909636555e-01 -3.827695259045870158e-01
6.009009218939520558e-01 -4.060587005250128056e-01
6.099536682480479755e-01 -4.253921401871623709e-01
6.173299800921259184e-01 -4.460262245150968807e-01
6.236079846083852907e-01 -4.600236408245482744e-01
6.278503222405418249e-01 -4.724463541475730777e-01
6.216887098181720361e-01 -4.784031588460805340e-01
6.102889551500512155e-01 -4.933723572298364113e-01
5.955363314618953297e-01 -5.125404503215619245e-01
5.848071505977818774e-01 -5.325639632466775408e-01
5.725765216174716343e-01 -5.516666494688579059e-01
5.593253460455125392e-01 -5.677405451314664342e-01
5.298200986692012115e-01 -6.059752457128430025e-01
5.474785421747214720e-01 -6.046812671050242338e-01
5.673722316935982946e-01 -6.042165463587197971e-01
5.861482982057966140e-01 -6.048277664621198868e-01
6.049243647179949335e-01 -6.042972735421877628e-01
6.237004312301936970e-01 -6.035764951183667515e-01
6.424764977423920165e-01 -6.028557166945455181e-01
6.612525642545907800e-01 -6.097463584262742264e-01
6.796933438647854153e-01 -6.254528410597565147e-01
6.988046972789874189e-01 -6.403869375342726711e-01
7.175807637911861825e-01 -6.519205455608861888e-01
7.339229057834817382e-01 -6.631785295440507655e-01
7.445702392648216872e-01 -6.704362596932106344e-01
7.422085450651580985e-01 -6.397952165473760333e-01
7.410508469314338598e-01 -6.264727425294634999e-01
7.417214207354412281e-01 -6.009759265652204752e-01
7.418416461165775466e-01 -5.758584985047735527e-01
7.426155191407834977e-01 -5.604681791464823926e-01
7.430625683434550766e-01 -5.442705580950081279e-01
7.443235656973778980e-01 -5.224062930849123765e-01
7.434582583117883559e-01 -4.959371288335440164e-01
7.631797824636676886e-01 -4.835841862343480679e-01
7.819558489758660080e-01 -4.780428417120122786e-01
8.024399620446591719e-01 -4.645061993137541423e-01
8.221902772162912321e-01 -4.546988467440379322e-01
8.409663437284895515e-01 -4.470580188287970880e-01
8.597424102406883151e-01 -4.384403919935931926e-01
8.785184767528866345e-01 -4.291567658947795794e-01
8.972945432650853981e-01 -4.194418259871509624e-01
9.160706097772837175e-01 -4.088832870122819374e-01
9.346028312698435592e-01 -4.013370776464955658e-01
9.536227428016808005e-01 -3.911025482307278756e-01
9.732929077192218337e-01 -3.805522741817858878e-01
9.871514330020350059e-01 -3.645980840299832826e-01
1.003245204298205184e+00 -3.446527034860094596e-01
1.017997827986361070e+00 -3.247044398283404076e-01
1.030068156458488815e+00 -3.067484077341126048e-01
1.045203965177505800e+00 -2.882281091023793929e-01
1.054535637224279565e+00 -2.734066397188013586e-01
1.068474312761182876e+00 -2.469067353147577082e-01
1.077008322738985058e+00 -2.299930016927876908e-01
1.085055208387069925e+00 -2.069667258540338617e-01
1.091090372623133575e+00 -1.869997219573454883e-01
1.101148979683240103e+00 -1.580503773430003145e-01
1.105539321455863089e+00 -1.418760333143372909e-01
1.107854717723311122e+00 -1.290938249444170127e-01
1.111248301949047779e+00 -1.071150570657629642e-01
1.115654929803951312e+00 -8.174504214442157579e-02
1.117418057412559840e+00 -6.517845429627200371e-02
1.119317696484585678e+00 -4.792934995461284320e-02
1.119925046195438423e+00 -2.646074361970229827e-02
1.121266193803452715e+00 -2.138796486287675158e-03
1.121457786318883709e+00 1.771391254605203525e-02
1.119627013393657666e+00 4.063668002677423008e-02
1.118583898587424130e+00 6.498489552941255631e-02
1.115710010855964995e+00 8.895647570328590881e-02
1.112150223356202616e+00 1.171815649657834690e-01
1.109195865331324971e+00 1.346390003316735307e-01
1.105842996311289461e+00 1.492981919153443249e-01
1.101148979683240103e+00 1.721742575305740264e-01
1.095113815447176009e+00 1.912792104323723930e-01
1.087201044559892527e+00 2.110364389765918558e-01
1.080456988016735398e+00 2.323553019351279891e-01
1.069408486293571325e+00 2.550483996636100370e-01
1.061201300137304404e+00 2.719380242944041681e-01
1.049514796774694059e+00 2.926091243668188513e-01
1.038115042106573682e+00 3.092836124234928930e-01
1.027385861242460230e+00 3.262896585551250395e-01
1.015315532770332929e+00 3.442309867695069192e-01
1.000562909082176599e+00 3.641982789775645157e-01
9.844691377860068648e-01 3.839908544956883718e-01
9.697165140978505349e-01 4.050681454764303302e-01
9.536227428016808005e-01 4.107922794070469896e-01
9.348466762894820370e-01 4.186470343584783871e-01
9.160706097772837175e-01 4.279289305890751072e-01
8.972945432650853981e-01 4.366417149485756211e-01
8.785184767528866345e-01 4.452103583956640298e-01
8.597424102406883151e-01 4.567577610509575559e-01
8.409663437284895515e-01 4.636869330997351879e-01
8.221902772162912321e-01 4.721564712974685163e-01
8.034142107040929126e-01 4.809044591887564613e-01
7.846381441918941491e-01 4.891535797766449756e-01
7.658620776796953855e-01 4.992029608729263712e-01
7.476224702107026054e-01 5.081716356316675620e-01
7.406485026490288170e-01 5.414244310721411102e-01
7.410508469314329716e-01 5.603379452245728087e-01
7.421684699381114747e-01 5.829795175925861495e-01
7.426155191407830536e-01 6.078425290628156619e-01
7.410508469314329716e-01 6.352628623807620167e-01
7.418416461165771025e-01 6.620519345340870609e-01
7.417214207354403399e-01 6.853716850563577045e-01
7.229453542232415764e-01 6.760704536238096862e-01
7.041692877110432569e-01 6.633616884549983217e-01
6.853932211988449374e-01 6.502723522784096266e-01
6.666171546866461739e-01 6.369927305979320442e-01
6.478410881744478544e-01 6.256159639563422248e-01
6.290650216622495350e-01 6.245146145247441050e-01
6.102889551500507714e-01 6.245549781164775327e-01
5.915128886378524520e-01 6.245953417082116266e-01
5.727368221256541325e-01 6.246357052999457204e-01
5.539607556134553690e-01 6.246760688916798143e-01
5.351846891012570495e-01 6.217352929224900793e-01
5.445727223573562092e-01 6.004982774430290826e-01
5.593253460455120951e-01 5.799093859222684832e-01
5.727368221256541325e-01 5.609661756987750492e-01
5.874894458138100184e-01 5.415760828525132409e-01
6.009009218939516117e-01 5.216782736845116952e-01
6.129712503660793566e-01 5.044029447337400329e-01
6.237004312301932529e-01 4.858207003448967720e-01
6.143123979740940932e-01 4.646325055906760371e-01
6.062655123260087819e-01 4.404148310692407309e-01
5.955363314618953297e-01 4.184599202796545070e-01
5.861482982057961699e-01 3.981671245353991528e-01
5.781014125577113028e-01 3.804244428546220691e-01
5.700545269096259915e-01 3.635697601919928301e-01
5.606664936535268318e-01 3.436099640795425847e-01
5.499373127894133795e-01 3.209890540263456993e-01
5.405492795333142197e-01 3.010292579138954538e-01
5.311612462772150600e-01 2.810694618014454305e-01
5.298200986692007675e-01 2.557643728979388520e-01
5.298200986692007675e-01 2.371163935168429937e-01
5.298200986692007675e-01 2.184684141357470244e-01
5.298200986692007675e-01 1.998204347546510551e-01
5.298200986692007675e-01 1.811724553735551968e-01
5.298200986692007675e-01 1.625244759924592275e-01
5.298200986692007675e-01 1.438764966113631472e-01
5.298200986692007675e-01 1.252285172302671779e-01
5.298200986692007675e-01 1.065805378491713196e-01
5.298200986692007675e-01 8.793255846807523923e-02
5.298200986692007675e-01 6.928457908697926992e-02
5.298200986692007675e-01 5.063659970588330062e-02
5.298200986692007675e-01 3.198862032478733131e-02
5.296998732880640048e-01 1.067690234211482458e-02
