# Cls = PFC
# Exp = WEST
# Name = BumperInnerV2
9.700000000000000000e+01 6.000000000000000000e+00
1.774999999999999911e+00 5.929919999999999636e-01
1.774999999999999911e+00 -5.935410000000000963e-01
1.878584461467729616e+00 -5.935410000000000963e-01
1.881246150023436092e+00 -5.950389999999999846e-01
1.884989804382506628e+00 -5.917240000000000277e-01
1.896201911053250866e+00 -5.581660000000000510e-01
1.896357824482763688e+00 -5.555829999999999380e-01
1.891491027405892922e+00 -5.317150000000000487e-01
1.884897522350220456e+00 -4.993809999999999638e-01
1.878304017294591288e+00 -4.670460000000000167e-01
1.875106992951602214e+00 -4.513690000000000202e-01
1.869208335188991210e+00 -4.474680000000000324e-01
1.851571663171587945e+00 -4.510649999999999937e-01
1.850745955007871979e+00 -4.464930000000000287e-01
1.868526014175344807e+00 -4.436869999999999981e-01
1.872685437679804110e+00 -4.379689999999999972e-01
1.870191322807642775e+00 -4.221650000000000125e-01
1.865047179633802399e+00 -3.895679999999999699e-01
1.859903902485287031e+00 -3.569710000000000383e-01
1.857409787613115926e+00 -3.411669999999999980e-01
1.851691729813577769e+00 -3.370070000000000010e-01
1.833911670646108272e+00 -3.398129999999999762e-01
1.833271892572402972e+00 -3.350690000000000057e-01
1.851159492102449899e+00 -3.330609999999999959e-01
1.855570209144887128e+00 -3.275339999999999918e-01
1.853784833870694815e+00 -3.116340000000000221e-01
1.850103078858040373e+00 -2.788399999999999768e-01
1.846421689870707761e+00 -2.460459999999999869e-01
1.844636314596457272e+00 -2.301459999999999895e-01
1.839110017013936060e+00 -2.257350000000000190e-01
1.821222417483927103e+00 -2.277440000000000020e-01
1.820807148338615233e+00 -2.231160000000000088e-01
1.838766807469071285e+00 -2.219079999999999941e-01
1.843419523820880146e+00 -2.165839999999999987e-01
1.842346486220765245e+00 -2.006200000000000205e-01
1.840131949496285557e+00 -1.676949999999999830e-01
1.837918278797237459e+00 -1.347689999999999999e-01
1.836844375171723831e+00 -1.188050000000000078e-01
1.831520132034862414e+00 -1.141520000000000035e-01
1.813560838929866081e+00 -1.153600000000000042e-01
1.813346258204703965e+00 -1.105780000000000096e-01
1.831342264122684638e+00 -1.101740000000000080e-01
1.836228783631549621e+00 -1.050630000000000036e-01
1.835869949730917217e+00 -8.906699999999999340e-02
1.835128961421785387e+00 -5.607500000000000678e-02
1.834388339137871915e+00 -2.308299999999999935e-02
1.834029505237306790e+00 -7.086999999999999550e-03
1.828918476800155402e+00 -2.201000000000000265e-03
1.810923836907560203e+00 -2.605000000000000111e-03
1.810922470882174506e+00 2.040999999999999846e-03
1.828918476800155402e+00 1.641000000000000097e-03
1.834028139211882458e+00 6.529000000000000081e-03
1.834383875036247780e+00 2.252499999999999988e-02
1.835116801167707701e+00 5.551700000000000385e-02
1.835849361273685698e+00 8.850900000000000434e-02
1.836205097098088324e+00 1.045050000000000007e-01
1.831317211563851410e+00 1.096150000000000041e-01
1.813322071671218616e+00 1.100140000000000007e-01
1.813534920345621471e+00 1.147969999999999963e-01
1.831494579476008244e+00 1.135929999999999995e-01
1.836817956587424083e+00 1.182470000000000049e-01
1.837888262136738282e+00 1.342110000000000247e-01
1.840094736683413279e+00 1.671380000000000088e-01
1.842301711230003747e+00 2.000639999999999918e-01
1.843372016779304401e+00 2.160279999999999978e-01
1.838717568376666112e+00 2.213509999999999922e-01
1.820757409246217984e+00 2.225550000000000028e-01
1.821171812366148002e+00 2.271819999999999951e-01
1.839059411896200924e+00 2.251779999999999893e-01
1.844585709478689495e+00 2.295900000000000163e-01
1.846366120651318665e+00 2.454910000000000148e-01
1.850041679511572612e+00 2.782860000000000333e-01
1.853715872346406890e+00 3.110799999999999677e-01
1.855496283519048051e+00 3.269810000000000216e-01
1.851084200451184270e+00 3.325059999999999683e-01
1.833196600921188857e+00 3.345110000000000583e-01
1.833835512969470116e+00 3.392550000000000288e-01
1.851616438162342559e+00 3.364530000000000021e-01
1.857333629936474440e+00 3.406139999999999723e-01
1.859824146732427019e+00 3.564189999999999858e-01
1.864960227728462927e+00 3.890170000000000017e-01
1.870096308724499945e+00 4.216139999999999888e-01
1.872587325520495005e+00 4.374190000000000023e-01
1.868426535990644899e+00 4.431370000000000031e-01
1.850645610797756024e+00 4.459380000000000011e-01
1.851471318961490198e+00 4.505100000000000215e-01
1.869109357004292482e+00 4.469180000000000375e-01
1.875006148741384937e+00 4.508190000000000253e-01
1.878200075008251035e+00 4.664970000000000505e-01
1.884786383911450036e+00 4.988330000000000264e-01
1.891372692814665690e+00 5.311690000000000023e-01
1.896234159764558003e+00 5.550380000000000313e-01
1.896076880309709445e+00 5.576219999999999510e-01
1.884858077486472272e+00 5.911770000000000636e-01
1.881113557102016332e+00 5.944909999999999917e-01
1.880810658446245620e+00 5.945529999999999982e-01
1.878451868546276993e+00 5.929919999999999636e-01
0.000000000000000000e+00 1.466499482091261075e-01
1.047197551196597631e+00 1.466499482091260242e-01
2.094395102393195263e+00 1.466499482091263573e-01
3.141592653589793116e+00 1.466499482091263573e-01
-2.094395102393196151e+00 1.466499482091254691e-01
-1.047197551196597631e+00 1.466499482091254691e-01
