# Cls = CoilPF
# Exp = TCV
# Name = T03A3
1.600000000000000000e+01 0.000000000000000000e+00
1.083276112586767592e+00 7.080875551942319435e-01
1.083276112586767592e+00 7.342072936501657932e-01
1.072218646641957651e+00 7.434955646086722769e-01
1.059863839816731268e+00 7.538736018556755347e-01
1.047509032991504663e+00 7.642516391026789035e-01
1.035154226166278280e+00 7.746296763496821614e-01
1.021829987285853614e+00 7.836380073346609354e-01
1.006609554286532093e+00 7.888430955072340822e-01
1.003109630399882768e+00 7.894356393826840179e-01
1.003109630399882768e+00 7.691530228555027993e-01
1.015889615950035907e+00 7.641014354548154586e-01
1.028139243254966972e+00 7.544025262937018583e-01
1.040117434742896307e+00 7.443408452568462952e-01
1.052095626230825642e+00 7.342791642199906210e-01
1.064073817718754977e+00 7.242174831831349469e-01
1.076052009206684534e+00 7.141558021462792727e-01
