#Name = DivLow2V0
#Exp = WEST
#CLs = CoilPF
1.000000000000000000e+01 0.000000000000000000e+00
2.197207179608240857e+00 -8.042129999999999557e-01
2.197207006883284297e+00 -7.702130000000000365e-01
2.135793040491517747e+00 -7.702130000000000365e-01
2.135792222643860150e+00 -8.356270000000000087e-01
2.197207179608240857e+00 -8.356270000000000087e-01
2.199792764232576303e+00 -8.356270000000000087e-01
2.199793278210023129e+00 -8.696269999999999278e-01
2.261207341145433425e+00 -8.696269999999999278e-01
2.261206680372229716e+00 -8.042129999999999557e-01
2.199792764232576303e+00 -8.042129999999999557e-01
