# Cls = PFC
# Exp = ITER
# Name = Div3
6.000000000000000000e+01 5.400000000000000000e+01
5.245800000000000018e+00 -3.988900000000000112e+00
5.235100000000000087e+00 -3.966400000000000148e+00
5.223200000000000287e+00 -3.944599999999999884e+00
5.210099999999999731e+00 -3.923399999999999999e+00
5.195899999999999963e+00 -3.902899999999999814e+00
5.180600000000000094e+00 -3.883199999999999985e+00
5.164299999999999891e+00 -3.864399999999999835e+00
5.147000000000000242e+00 -3.846499999999999808e+00
5.128800000000000026e+00 -3.829499999999999904e+00
5.109700000000000131e+00 -3.813499999999999890e+00
5.089800000000000324e+00 -3.798599999999999977e+00
5.069099999999999717e+00 -3.784699999999999953e+00
5.047699999999999854e+00 -3.771999999999999797e+00
5.025599999999999845e+00 -3.760400000000000187e+00
5.003000000000000114e+00 -3.750100000000000211e+00
4.979800000000000004e+00 -3.741000000000000103e+00
4.956199999999999939e+00 -3.733099999999999863e+00
4.932199999999999918e+00 -3.726500000000000146e+00
4.907799999999999940e+00 -3.721200000000000063e+00
4.883200000000000429e+00 -3.717200000000000060e+00
4.858500000000000263e+00 -3.714500000000000135e+00
4.833599999999999675e+00 -3.713200000000000056e+00
4.808699999999999974e+00 -3.713200000000000056e+00
4.783800000000000274e+00 -3.714500000000000135e+00
4.759100000000000108e+00 -3.717099999999999849e+00
4.734499999999999709e+00 -3.721099999999999852e+00
4.710099999999999731e+00 -3.726399999999999935e+00
4.686099999999999710e+00 -3.733000000000000096e+00
4.662499999999999645e+00 -3.740899999999999892e+00
4.639300000000000423e+00 -3.750000000000000000e+00
4.658500000000000085e+00 -3.795100000000000140e+00
4.679199999999999804e+00 -3.786900000000000155e+00
4.700300000000000367e+00 -3.779900000000000038e+00
4.721799999999999997e+00 -3.774000000000000021e+00
4.743599999999999817e+00 -3.769299999999999873e+00
4.765600000000000058e+00 -3.765699999999999825e+00
4.787700000000000067e+00 -3.763300000000000090e+00
4.809999999999999609e+00 -3.762100000000000222e+00
4.832300000000000040e+00 -3.762199999999999989e+00
4.854499999999999815e+00 -3.763399999999999856e+00
4.876699999999999591e+00 -3.765699999999999825e+00
4.898699999999999832e+00 -3.769299999999999873e+00
4.920399999999999885e+00 -3.774099999999999788e+00
4.941900000000000404e+00 -3.779999999999999805e+00
4.963099999999999845e+00 -3.786999999999999922e+00
4.983799999999999564e+00 -3.795199999999999907e+00
5.004100000000000215e+00 -3.804399999999999782e+00
5.023799999999999599e+00 -3.814799999999999969e+00
5.042900000000000382e+00 -3.826200000000000045e+00
5.061499999999999666e+00 -3.838499999999999801e+00
5.079299999999999926e+00 -3.851900000000000102e+00
5.096400000000000041e+00 -3.866200000000000081e+00
5.112700000000000244e+00 -3.881400000000000183e+00
5.128099999999999881e+00 -3.897400000000000198e+00
5.142699999999999605e+00 -3.914299999999999891e+00
5.156399999999999650e+00 -3.931900000000000173e+00
5.169100000000000250e+00 -3.950200000000000156e+00
5.180799999999999628e+00 -3.969199999999999839e+00
5.191399999999999793e+00 -3.988700000000000134e+00
5.200999999999999623e+00 -4.008799999999999919e+00
0.000000000000000000e+00 1.125165239546620788e-01
1.163552834662886365e-01 1.125165239546620788e-01
2.327105669325772730e-01 1.125165239546620788e-01
3.490658503988658956e-01 1.125165239546620788e-01
4.654211338651545460e-01 1.125165239546620788e-01
5.817764173314431408e-01 1.125165239546620788e-01
6.981317007977317912e-01 1.125165239546620788e-01
8.144869842640204416e-01 1.125165239546620788e-01
9.308422677303090920e-01 1.125165239546620788e-01
1.047197551196597631e+00 1.125165239546620788e-01
1.163552834662886282e+00 1.125165239546620788e-01
1.279908118129174932e+00 1.125165239546620788e-01
1.396263401595463582e+00 1.125165239546620788e-01
1.512618685061752233e+00 1.125165239546620788e-01
1.628973968528040883e+00 1.125165239546620788e-01
1.745329251994329534e+00 1.125165239546620788e-01
1.861684535460618184e+00 1.125165239546620788e-01
1.978039818926906834e+00 1.125165239546620788e-01
2.094395102393195263e+00 1.125165239546620788e-01
2.210750385859483913e+00 1.125165239546620788e-01
2.327105669325772563e+00 1.125165239546620788e-01
2.443460952792061214e+00 1.125165239546620788e-01
2.559816236258349864e+00 1.125165239546620788e-01
2.676171519724638515e+00 1.125165239546620788e-01
2.792526803190927165e+00 1.125165239546620788e-01
2.908882086657215815e+00 1.125165239546620788e-01
3.025237370123504466e+00 1.125165239546620788e-01
3.141592653589793116e+00 1.125165239546620788e-01
-3.025237370123504910e+00 1.125165239546620788e-01
-2.908882086657216259e+00 1.125165239546620788e-01
-2.792526803190927609e+00 1.125165239546620788e-01
-2.676171519724638959e+00 1.125165239546620788e-01
-2.559816236258350308e+00 1.125165239546620788e-01
-2.443460952792061658e+00 1.125165239546620788e-01
-2.327105669325773007e+00 1.125165239546620788e-01
-2.210750385859484357e+00 1.125165239546620788e-01
-2.094395102393196151e+00 1.125165239546620788e-01
-1.978039818926906834e+00 1.125165239546620788e-01
-1.861684535460618628e+00 1.125165239546620788e-01
-1.745329251994329534e+00 1.125165239546620788e-01
-1.628973968528041327e+00 1.125165239546620788e-01
-1.512618685061752233e+00 1.125165239546620788e-01
-1.396263401595464027e+00 1.125165239546620788e-01
-1.279908118129174932e+00 1.125165239546620788e-01
-1.163552834662886726e+00 1.125165239546620788e-01
-1.047197551196597631e+00 1.125165239546620788e-01
-9.308422677303094250e-01 1.125165239546620788e-01
-8.144869842640203306e-01 1.125165239546620788e-01
-6.981317007977322353e-01 1.125165239546620788e-01
-5.817764173314430298e-01 1.125165239546620788e-01
-4.654211338651548235e-01 1.125165239546620788e-01
-3.490658503988657846e-01 1.125165239546620788e-01
-2.327105669325775505e-01 1.125165239546620788e-01
-1.163552834662884422e-01 1.125165239546620788e-01
