# Cls = PFC
# Exp = WEST
# Name = CasingCoverUDivV0
2.600000000000000000e+01 0.000000000000000000e+00
2.298999579170252883e+00 8.016039999999999832e-01
2.298999579170252883e+00 8.155999999999998806e-01
2.266549792534018337e+00 8.155999999999998806e-01
2.265550450274060879e+00 8.145999999999998797e-01
2.265549082196411046e+00 8.068199999999999816e-01
2.262550544109014794e+00 8.038199999999999790e-01
2.204499501699422215e+00 8.038199999999999790e-01
2.201499595534371689e+00 8.008199999999999763e-01
2.201499595534371689e+00 7.728199999999999514e-01
2.198499689369321164e+00 7.698199999999999488e-01
2.137500002403041055e+00 7.698199999999999488e-01
2.134500096237992306e+00 7.668199999999999461e-01
2.134500096237992306e+00 7.536999999999999256e-01
2.131500190072944889e+00 7.506999999999999229e-01
2.111379981085593105e+00 7.506999999999999229e-01
2.110379357112838861e+00 7.496999999999999220e-01
2.110379357112838861e+00 7.441999999999999726e-01
2.107379450947787891e+00 7.411999999999999700e-01
2.049499878238591588e+00 7.411999999999999700e-01
2.046499972073539730e+00 7.381999999999999673e-01
2.046499972073539730e+00 7.101999999999999424e-01
2.043499723888652753e+00 7.071999999999999398e-01
1.944199779970155362e+00 7.071999999999999398e-01
1.942199813737505165e+00 7.051999999999999380e-01
1.942199813737505165e+00 6.630999999999999117e-01
1.961199874700434442e+00 6.630999999999999117e-01
