# Cls = CoilPF
# Exp = SPARC
# Name = EFCupper0
4.700000000000000000e+01 0.000000000000000000e+00
2.355437566430363283e+00 1.278768287792032110e+00
2.402298895815960567e+00 1.215117167120998820e+00
2.465075037049884621e+00 1.261971460383478183e+00
2.464090391290197690e+00 1.263397984035429022e+00
2.463105745530511204e+00 1.264824507687380084e+00
2.462121099770824273e+00 1.266251031339330924e+00
2.461136454011137342e+00 1.267677554991281985e+00
2.460151808251450412e+00 1.269104078643232825e+00
2.459167162491763925e+00 1.270530602295183664e+00
2.458182516732076994e+00 1.271957125947134726e+00
2.457197870972390064e+00 1.273383649599085565e+00
2.456213225212703577e+00 1.274810173251036627e+00
2.455228579453016646e+00 1.276236696902987466e+00
2.454243933693329716e+00 1.277663220554938528e+00
2.453259287933643229e+00 1.279089744206889367e+00
2.452274642173956298e+00 1.280516267858840429e+00
2.451289996414269368e+00 1.281942791510791269e+00
2.450305350654581993e+00 1.283369315162742330e+00
2.449320704894895950e+00 1.284795838814693170e+00
2.448336059135209020e+00 1.286222362466644009e+00
2.447351413375521645e+00 1.287648886118595071e+00
2.446366767615835602e+00 1.289075409770545910e+00
2.445382121856148228e+00 1.290501933422496972e+00
2.444397476096461297e+00 1.291928457074447811e+00
2.443412830336774366e+00 1.293354980726399095e+00
2.442428184577087880e+00 1.294781504378349934e+00
2.441443538817400949e+00 1.296208028030300996e+00
2.440458893057714018e+00 1.297634551682251836e+00
2.439474247298027532e+00 1.299061075334202897e+00
2.438489601538340601e+00 1.300487598986153737e+00
2.437504955778653670e+00 1.301914122638104798e+00
2.436520310018967184e+00 1.303340646290055638e+00
2.435535664259280253e+00 1.304767169942006699e+00
2.434551018499593322e+00 1.306193693593957539e+00
2.433566372739906392e+00 1.307620217245908378e+00
2.432581726980219905e+00 1.309046740897859440e+00
2.431597081220532974e+00 1.310473264549810279e+00
2.430612435460846044e+00 1.311899788201761341e+00
2.429627789701159557e+00 1.313326311853712181e+00
2.428643143941472626e+00 1.314752835505663242e+00
2.427658498181785696e+00 1.316179359157614082e+00
2.426673852422099209e+00 1.317605882809565143e+00
2.425689206662412278e+00 1.319032406461515983e+00
2.424704560902725348e+00 1.320458930113467044e+00
2.423719915143038417e+00 1.321885453765417884e+00
2.422735269383351930e+00 1.323311977417368723e+00
2.421750623623665000e+00 1.324738501069319785e+00
