# Cls = Ves
# Exp = ITER
# Name = V0
5.500000000000000000e+02 0.000000000000000000e+00
4.099999999999999645e+00 -2.512000000000000011e+00
3.954200000000000159e+00 -2.545100000000000140e+00
3.971400000000000041e+00 -2.546200000000000241e+00
3.988600000000000367e+00 -2.547299999999999898e+00
4.005799999999999805e+00 -2.548399999999999999e+00
4.022999999999999687e+00 -2.549500000000000099e+00
4.040200000000000458e+00 -2.550600000000000200e+00
4.057400000000000340e+00 -2.551700000000000301e+00
4.074600000000000222e+00 -2.552799999999999958e+00
4.091800000000000104e+00 -2.553900000000000059e+00
4.108999999999999986e+00 -2.555000000000000160e+00
4.118999999999999773e+00 -2.558100000000000041e+00
4.129000000000000448e+00 -2.561199999999999921e+00
4.139000000000000234e+00 -2.564300000000000246e+00
4.149000000000000021e+00 -2.567400000000000126e+00
4.159000000000000696e+00 -2.570500000000000007e+00
4.169000000000000483e+00 -2.573599999999999888e+00
4.179000000000000270e+00 -2.576699999999999768e+00
4.189000000000000057e+00 -2.579800000000000093e+00
4.199000000000000732e+00 -2.582899999999999974e+00
4.209000000000000519e+00 -2.585999999999999854e+00
4.218100000000000627e+00 -2.590999999999999748e+00
4.227200000000000735e+00 -2.596000000000000085e+00
4.236299999999999955e+00 -2.600999999999999979e+00
4.245400000000000063e+00 -2.605999999999999872e+00
4.254500000000000171e+00 -2.610999999999999766e+00
4.263600000000000279e+00 -2.616000000000000103e+00
4.272700000000000387e+00 -2.620999999999999996e+00
4.281799999999999606e+00 -2.625999999999999890e+00
4.290899999999999714e+00 -2.631000000000000227e+00
4.299999999999999822e+00 -2.636000000000000121e+00
4.307900000000000063e+00 -2.642800000000000260e+00
4.315800000000000303e+00 -2.649599999999999955e+00
4.323699999999999655e+00 -2.656400000000000095e+00
4.331599999999999895e+00 -2.663200000000000234e+00
4.339500000000000135e+00 -2.669999999999999929e+00
4.347400000000000375e+00 -2.676800000000000068e+00
4.355300000000000615e+00 -2.683600000000000207e+00
4.363199999999999967e+00 -2.690400000000000347e+00
4.371100000000000207e+00 -2.697200000000000042e+00
4.379000000000000448e+00 -2.704000000000000181e+00
4.385400000000000631e+00 -2.712200000000000166e+00
4.391800000000000814e+00 -2.720400000000000151e+00
4.398200000000000109e+00 -2.728600000000000136e+00
4.404600000000000293e+00 -2.736800000000000122e+00
4.411000000000000476e+00 -2.745000000000000107e+00
4.417400000000000659e+00 -2.753200000000000092e+00
4.423800000000000843e+00 -2.761400000000000077e+00
4.430200000000000138e+00 -2.769600000000000062e+00
4.436600000000000321e+00 -2.777800000000000047e+00
4.443000000000000504e+00 -2.786000000000000032e+00
4.447500000000000675e+00 -2.795300000000000118e+00
4.452000000000000846e+00 -2.804600000000000204e+00
4.456500000000000128e+00 -2.813899999999999846e+00
4.461000000000000298e+00 -2.823199999999999932e+00
4.465500000000000469e+00 -2.832500000000000018e+00
4.470000000000000639e+00 -2.841800000000000104e+00
4.474500000000000810e+00 -2.851100000000000190e+00
4.479000000000000092e+00 -2.860399999999999832e+00
4.483500000000000263e+00 -2.869699999999999918e+00
4.488000000000000433e+00 -2.879000000000000004e+00
4.490700000000000358e+00 -2.889100000000000001e+00
4.493400000000000283e+00 -2.899199999999999999e+00
4.496100000000000207e+00 -2.909299999999999997e+00
4.498800000000000132e+00 -2.919399999999999995e+00
4.501500000000000057e+00 -2.929499999999999993e+00
4.504199999999999982e+00 -2.939599999999999991e+00
4.506899999999999906e+00 -2.949699999999999989e+00
4.509599999999999831e+00 -2.959799999999999986e+00
4.512299999999999756e+00 -2.969899999999999984e+00
4.514999999999999680e+00 -2.979999999999999982e+00
4.515499999999999403e+00 -2.990400000000000169e+00
4.516000000000000014e+00 -3.000799999999999912e+00
4.516499999999999737e+00 -3.011200000000000099e+00
4.517000000000000348e+00 -3.021599999999999842e+00
4.517500000000000071e+00 -3.032000000000000028e+00
4.517999999999999794e+00 -3.042400000000000215e+00
4.518500000000000405e+00 -3.052799999999999958e+00
4.519000000000000128e+00 -3.063200000000000145e+00
4.519500000000000739e+00 -3.073599999999999888e+00
4.520000000000000462e+00 -3.084000000000000075e+00
4.518500000000000405e+00 -3.094300000000000050e+00
4.517000000000000348e+00 -3.104600000000000026e+00
4.515500000000000291e+00 -3.114900000000000002e+00
4.514000000000000234e+00 -3.125199999999999978e+00
4.512500000000000178e+00 -3.135500000000000398e+00
4.511000000000000121e+00 -3.145800000000000374e+00
4.509500000000000064e+00 -3.156100000000000350e+00
4.508000000000000007e+00 -3.166400000000000325e+00
4.506499999999999950e+00 -3.176700000000000301e+00
4.504999999999999893e+00 -3.187000000000000277e+00
4.501400000000000290e+00 -3.196800000000000086e+00
4.497799999999999798e+00 -3.206600000000000339e+00
4.494200000000000195e+00 -3.216400000000000148e+00
4.490599999999999703e+00 -3.226200000000000401e+00
4.487000000000000099e+00 -3.236000000000000210e+00
4.483400000000000496e+00 -3.245800000000000018e+00
4.479800000000000004e+00 -3.255600000000000271e+00
4.476200000000000401e+00 -3.265400000000000080e+00
4.472599999999999909e+00 -3.275200000000000333e+00
4.469000000000000306e+00 -3.285000000000000142e+00
4.437800000000000189e+00 -3.348899999999999988e+00
4.406600000000000072e+00 -3.412799999999999834e+00
4.375399999999999956e+00 -3.476700000000000124e+00
4.344199999999999839e+00 -3.540599999999999969e+00
4.313000000000000611e+00 -3.604499999999999815e+00
4.281800000000000495e+00 -3.668400000000000105e+00
4.250600000000000378e+00 -3.732299999999999951e+00
4.219400000000000261e+00 -3.796199999999999797e+00
4.188200000000000145e+00 -3.860100000000000087e+00
4.157000000000000028e+00 -3.923999999999999932e+00
4.159600000000000186e+00 -3.920500000000000096e+00
4.162200000000000344e+00 -3.916999999999999815e+00
4.164799999999999613e+00 -3.913499999999999979e+00
4.167399999999999771e+00 -3.910000000000000142e+00
4.169999999999999929e+00 -3.906500000000000306e+00
4.172600000000000087e+00 -3.903000000000000025e+00
4.175200000000000244e+00 -3.899500000000000188e+00
4.177799999999999514e+00 -3.896000000000000352e+00
4.180399999999999672e+00 -3.892500000000000071e+00
4.182999999999999829e+00 -3.889000000000000234e+00
4.213300000000000267e+00 -3.891400000000000414e+00
4.243599999999999817e+00 -3.893800000000000150e+00
4.273899999999999366e+00 -3.896200000000000330e+00
4.304199999999999804e+00 -3.898600000000000065e+00
4.334500000000000242e+00 -3.901000000000000245e+00
4.364799999999999791e+00 -3.903400000000000425e+00
4.395099999999999341e+00 -3.905800000000000161e+00
4.425399999999999778e+00 -3.908200000000000340e+00
4.455700000000000216e+00 -3.910600000000000076e+00
4.485999999999999766e+00 -3.913000000000000256e+00
4.501299999999999635e+00 -3.896700000000000053e+00
4.516599999999999504e+00 -3.880400000000000293e+00
4.531900000000000261e+00 -3.864100000000000090e+00
4.547200000000000131e+00 -3.847800000000000331e+00
4.562500000000000000e+00 -3.831500000000000128e+00
4.577799999999999869e+00 -3.815199999999999925e+00
4.593099999999999739e+00 -3.798900000000000166e+00
4.608400000000000496e+00 -3.782599999999999962e+00
4.623700000000000365e+00 -3.766300000000000203e+00
4.639000000000000234e+00 -3.750000000000000000e+00
4.647300000000000431e+00 -3.747399999999999842e+00
4.655600000000000627e+00 -3.744800000000000129e+00
4.663899999999999935e+00 -3.742199999999999971e+00
4.672200000000000131e+00 -3.739600000000000257e+00
4.680500000000000327e+00 -3.737000000000000099e+00
4.688800000000000523e+00 -3.734399999999999942e+00
4.697100000000000719e+00 -3.731800000000000228e+00
4.705400000000000027e+00 -3.729200000000000070e+00
4.713700000000000223e+00 -3.726600000000000357e+00
4.722000000000000419e+00 -3.724000000000000199e+00
4.730600000000000804e+00 -3.722900000000000098e+00
4.739200000000000301e+00 -3.721799999999999997e+00
4.747799999999999798e+00 -3.720700000000000340e+00
4.756400000000000183e+00 -3.719600000000000239e+00
4.765000000000000568e+00 -3.718500000000000139e+00
4.773600000000000065e+00 -3.717400000000000038e+00
4.782199999999999562e+00 -3.716299999999999937e+00
4.790799999999999947e+00 -3.715200000000000280e+00
4.799400000000000333e+00 -3.714100000000000179e+00
4.807999999999999829e+00 -3.713000000000000078e+00
4.816600000000000215e+00 -3.713600000000000012e+00
4.825199999999999712e+00 -3.714199999999999946e+00
4.833800000000000097e+00 -3.714799999999999880e+00
4.842399999999999594e+00 -3.715399999999999814e+00
4.850999999999999979e+00 -3.716000000000000192e+00
4.859600000000000364e+00 -3.716600000000000126e+00
4.868199999999999861e+00 -3.717200000000000060e+00
4.876800000000000246e+00 -3.717799999999999994e+00
4.885399999999999743e+00 -3.718399999999999928e+00
4.894000000000000128e+00 -3.718999999999999861e+00
4.902400000000000091e+00 -3.721099999999999852e+00
4.910800000000000054e+00 -3.723199999999999843e+00
4.919200000000000017e+00 -3.725299999999999834e+00
4.927599999999999980e+00 -3.727399999999999824e+00
4.935999999999999943e+00 -3.729499999999999815e+00
4.944399999999999906e+00 -3.731600000000000250e+00
4.952799999999999869e+00 -3.733700000000000241e+00
4.961199999999999832e+00 -3.735800000000000232e+00
4.969599999999999795e+00 -3.737900000000000222e+00
4.977999999999999758e+00 -3.740000000000000213e+00
4.985799999999999343e+00 -3.743700000000000028e+00
4.993599999999999817e+00 -3.747400000000000286e+00
5.001399999999999402e+00 -3.751100000000000101e+00
5.009199999999999875e+00 -3.754800000000000360e+00
5.016999999999999460e+00 -3.758500000000000174e+00
5.024799999999999933e+00 -3.762199999999999989e+00
5.032599999999999518e+00 -3.765900000000000247e+00
5.040399999999999991e+00 -3.769600000000000062e+00
5.048199999999999577e+00 -3.773300000000000320e+00
5.056000000000000050e+00 -3.777000000000000135e+00
5.063100000000000378e+00 -3.782000000000000028e+00
5.070199999999999818e+00 -3.786999999999999922e+00
5.077300000000000146e+00 -3.792000000000000259e+00
5.084399999999999586e+00 -3.797000000000000153e+00
5.091499999999999915e+00 -3.802000000000000046e+00
5.098600000000000243e+00 -3.806999999999999940e+00
5.105699999999999683e+00 -3.811999999999999833e+00
5.112800000000000011e+00 -3.817000000000000171e+00
5.119899999999999451e+00 -3.822000000000000064e+00
5.126999999999999780e+00 -3.826999999999999957e+00
5.132899999999999352e+00 -3.833299999999999930e+00
5.138799999999999812e+00 -3.839599999999999902e+00
5.144699999999999385e+00 -3.845899999999999874e+00
5.150599999999999845e+00 -3.852199999999999847e+00
5.156499999999999417e+00 -3.858500000000000263e+00
5.162399999999999878e+00 -3.864800000000000235e+00
5.168299999999999450e+00 -3.871100000000000207e+00
5.174199999999999910e+00 -3.877400000000000180e+00
5.180099999999999483e+00 -3.883700000000000152e+00
5.185999999999999943e+00 -3.890000000000000124e+00
5.192000000000000171e+00 -3.899900000000000144e+00
5.198000000000000398e+00 -3.909800000000000164e+00
5.203999999999999737e+00 -3.919700000000000184e+00
5.209999999999999964e+00 -3.929600000000000204e+00
5.216000000000000192e+00 -3.939499999999999780e+00
5.222000000000000419e+00 -3.949399999999999800e+00
5.228000000000000647e+00 -3.959299999999999820e+00
5.233999999999999986e+00 -3.969199999999999839e+00
5.240000000000000213e+00 -3.979099999999999859e+00
5.246000000000000441e+00 -3.988999999999999879e+00
5.248000000000000220e+00 -4.016799999999999926e+00
5.250000000000000000e+00 -4.044599999999999973e+00
5.252000000000000668e+00 -4.072400000000000020e+00
5.254000000000000448e+00 -4.100200000000000067e+00
5.256000000000000227e+00 -4.128000000000000114e+00
5.258000000000000007e+00 -4.155800000000000161e+00
5.259999999999999787e+00 -4.183600000000000207e+00
5.262000000000000455e+00 -4.211400000000000254e+00
5.264000000000000234e+00 -4.239200000000000301e+00
5.266000000000000014e+00 -4.267000000000000348e+00
5.294299999999999784e+00 -4.295400000000000773e+00
5.322600000000000442e+00 -4.323800000000000310e+00
5.350900000000000212e+00 -4.352199999999999847e+00
5.379199999999999982e+00 -4.380600000000000271e+00
5.407500000000000639e+00 -4.409000000000000696e+00
5.435800000000000409e+00 -4.437400000000000233e+00
5.464100000000000179e+00 -4.465799999999999770e+00
5.492399999999999949e+00 -4.494200000000000195e+00
5.520700000000000607e+00 -4.522600000000000620e+00
5.549000000000000377e+00 -4.551000000000000156e+00
5.549800000000000288e+00 -4.553900000000000503e+00
5.550600000000000200e+00 -4.556799999999999962e+00
5.551400000000000112e+00 -4.559700000000000308e+00
5.552200000000000024e+00 -4.562599999999999767e+00
5.553000000000000824e+00 -4.565500000000000114e+00
5.553800000000000736e+00 -4.568400000000000460e+00
5.554600000000000648e+00 -4.571299999999999919e+00
5.555400000000000560e+00 -4.574200000000000266e+00
5.556200000000000472e+00 -4.577099999999999724e+00
5.557000000000000384e+00 -4.580000000000000071e+00
5.557000000000000384e+00 -4.515000000000000568e+00
5.557000000000000384e+00 -4.450000000000000178e+00
5.557000000000000384e+00 -4.384999999999999787e+00
5.557000000000000384e+00 -4.320000000000000284e+00
5.557000000000000384e+00 -4.254999999999999893e+00
5.557000000000000384e+00 -4.190000000000000391e+00
5.557000000000000384e+00 -4.125000000000000000e+00
5.557000000000000384e+00 -4.060000000000000497e+00
5.557000000000000384e+00 -3.995000000000000107e+00
5.557000000000000384e+00 -3.930000000000000160e+00
5.557500000000000107e+00 -3.917000000000000259e+00
5.558000000000000718e+00 -3.904000000000000359e+00
5.558500000000000441e+00 -3.891000000000000014e+00
5.559000000000000163e+00 -3.878000000000000114e+00
5.559499999999999886e+00 -3.865000000000000213e+00
5.560000000000000497e+00 -3.852000000000000313e+00
5.560500000000000220e+00 -3.839000000000000412e+00
5.560999999999999943e+00 -3.826000000000000068e+00
5.561500000000000554e+00 -3.813000000000000167e+00
5.562000000000000277e+00 -3.800000000000000266e+00
5.564000000000000057e+00 -3.790300000000000225e+00
5.565999999999999837e+00 -3.780600000000000183e+00
5.568000000000000504e+00 -3.770900000000000141e+00
5.570000000000000284e+00 -3.761200000000000099e+00
5.572000000000000064e+00 -3.751500000000000057e+00
5.573999999999999844e+00 -3.741800000000000459e+00
5.575999999999999623e+00 -3.732100000000000417e+00
5.578000000000000291e+00 -3.722400000000000375e+00
5.580000000000000071e+00 -3.712700000000000333e+00
5.581999999999999851e+00 -3.703000000000000291e+00
5.586800000000000210e+00 -3.690900000000000070e+00
5.591599999999999682e+00 -3.678800000000000292e+00
5.596400000000000041e+00 -3.666700000000000514e+00
5.601199999999999513e+00 -3.654600000000000293e+00
5.605999999999999872e+00 -3.642500000000000071e+00
5.610800000000000232e+00 -3.630400000000000293e+00
5.615599999999999703e+00 -3.618300000000000516e+00
5.620400000000000063e+00 -3.606200000000000294e+00
5.625199999999999534e+00 -3.594100000000000072e+00
5.629999999999999893e+00 -3.582000000000000295e+00
5.637100000000000222e+00 -3.571200000000000152e+00
5.644199999999999662e+00 -3.560400000000000453e+00
5.651299999999999990e+00 -3.549600000000000311e+00
5.658400000000000318e+00 -3.538800000000000168e+00
5.665499999999999758e+00 -3.528000000000000469e+00
5.672600000000000087e+00 -3.517200000000000326e+00
5.679700000000000415e+00 -3.506400000000000183e+00
5.686800000000000743e+00 -3.495600000000000041e+00
5.693900000000000183e+00 -3.484800000000000342e+00
5.701000000000000512e+00 -3.474000000000000199e+00
5.710100000000000620e+00 -3.464800000000000324e+00
5.719200000000000728e+00 -3.455600000000000005e+00
5.728299999999999947e+00 -3.446400000000000130e+00
5.737400000000000055e+00 -3.437200000000000255e+00
5.746500000000000163e+00 -3.427999999999999936e+00
5.755600000000000271e+00 -3.418800000000000061e+00
5.764700000000000379e+00 -3.409600000000000186e+00
5.773799999999999599e+00 -3.400400000000000311e+00
5.782899999999999707e+00 -3.391199999999999992e+00
5.791999999999999815e+00 -3.382000000000000117e+00
5.802799999999999514e+00 -3.374800000000000022e+00
5.813600000000000101e+00 -3.367599999999999927e+00
5.824399999999999800e+00 -3.360400000000000276e+00
5.835200000000000387e+00 -3.353200000000000180e+00
5.846000000000000085e+00 -3.346000000000000085e+00
5.856799999999999784e+00 -3.338799999999999990e+00
5.867600000000000371e+00 -3.331599999999999895e+00
5.878400000000000070e+00 -3.324400000000000244e+00
5.889200000000000657e+00 -3.317200000000000149e+00
5.900000000000000355e+00 -3.310000000000000053e+00
5.912000000000000810e+00 -3.305099999999999927e+00
5.924000000000000377e+00 -3.300200000000000244e+00
5.935999999999999943e+00 -3.295300000000000118e+00
5.948000000000000398e+00 -3.290399999999999991e+00
5.960000000000000853e+00 -3.285499999999999865e+00
5.972000000000000419e+00 -3.280600000000000183e+00
5.983999999999999986e+00 -3.275700000000000056e+00
5.996000000000000441e+00 -3.270799999999999930e+00
6.008000000000000895e+00 -3.265900000000000247e+00
6.020000000000000462e+00 -3.261000000000000121e+00
6.032700000000000173e+00 -3.258599999999999941e+00
6.045400000000000773e+00 -3.256200000000000205e+00
6.058100000000000485e+00 -3.253800000000000026e+00
6.070800000000000196e+00 -3.251400000000000290e+00
6.083500000000000796e+00 -3.249000000000000110e+00
6.096200000000000507e+00 -3.246599999999999930e+00
6.108900000000000219e+00 -3.244200000000000195e+00
6.121599999999999930e+00 -3.241800000000000015e+00
6.134300000000000530e+00 -3.239400000000000279e+00
6.147000000000000242e+00 -3.237000000000000099e+00
6.158000000000000362e+00 -3.236900000000000333e+00
6.169000000000000483e+00 -3.236800000000000122e+00
6.180000000000000604e+00 -3.236700000000000355e+00
6.191000000000000725e+00 -3.236600000000000144e+00
6.201999999999999957e+00 -3.236500000000000377e+00
6.213000000000000078e+00 -3.236400000000000166e+00
6.224000000000000199e+00 -3.236300000000000399e+00
6.235000000000000320e+00 -3.236200000000000188e+00
6.246000000000000441e+00 -3.236100000000000421e+00
6.257000000000000561e+00 -3.236000000000000210e+00
6.266800000000000814e+00 -3.237600000000000033e+00
6.276600000000000179e+00 -3.239200000000000301e+00
6.286400000000000432e+00 -3.240800000000000125e+00
6.296200000000000685e+00 -3.242400000000000393e+00
6.306000000000000938e+00 -3.244000000000000217e+00
6.315800000000000303e+00 -3.245600000000000041e+00
6.325600000000000556e+00 -3.247200000000000308e+00
6.335400000000000809e+00 -3.248800000000000132e+00
6.345200000000000173e+00 -3.250400000000000400e+00
6.355000000000000426e+00 -3.252000000000000224e+00
6.345299999999999940e+00 -3.231900000000000439e+00
6.335600000000000342e+00 -3.211800000000000210e+00
6.325900000000000745e+00 -3.191699999999999982e+00
6.316200000000000259e+00 -3.171600000000000197e+00
6.306499999999999773e+00 -3.151500000000000412e+00
6.296800000000000175e+00 -3.131400000000000183e+00
6.287100000000000577e+00 -3.111300000000000399e+00
6.277400000000000091e+00 -3.091200000000000170e+00
6.267699999999999605e+00 -3.071100000000000385e+00
6.258000000000000007e+00 -3.051000000000000156e+00
6.359499999999999709e+00 -2.972199999999999953e+00
6.461000000000000298e+00 -2.893400000000000194e+00
6.562500000000000000e+00 -2.814599999999999991e+00
6.663999999999999702e+00 -2.735800000000000232e+00
6.765500000000000291e+00 -2.657000000000000028e+00
6.866999999999999993e+00 -2.578199999999999825e+00
6.968500000000000583e+00 -2.499400000000000066e+00
7.070000000000000284e+00 -2.420599999999999863e+00
7.171500000000000874e+00 -2.341800000000000104e+00
7.273000000000000576e+00 -2.262999999999999901e+00
7.334700000000000664e+00 -2.171399999999999775e+00
7.396400000000000752e+00 -2.079800000000000093e+00
7.458100000000000840e+00 -1.988199999999999967e+00
7.519800000000000928e+00 -1.896600000000000064e+00
7.581500000000000128e+00 -1.804999999999999938e+00
7.643200000000000216e+00 -1.713400000000000034e+00
7.704900000000000304e+00 -1.621799999999999908e+00
7.766600000000000392e+00 -1.530200000000000005e+00
7.828300000000000480e+00 -1.438599999999999879e+00
7.890000000000000568e+00 -1.346999999999999975e+00
7.930500000000000327e+00 -1.255399999999999849e+00
7.971000000000000085e+00 -1.163799999999999946e+00
8.011499999999999844e+00 -1.072200000000000042e+00
8.051999999999999602e+00 -9.806000000000001382e-01
8.092500000000001137e+00 -8.890000000000000124e-01
8.133000000000000895e+00 -7.973999999999999977e-01
8.173500000000000654e+00 -7.057999999999999829e-01
8.214000000000000412e+00 -6.141999999999999682e-01
8.254500000000000171e+00 -5.225999999999999535e-01
8.294999999999999929e+00 -4.309999999999999942e-01
8.303800000000000736e+00 -3.256000000000001116e-01
8.312599999999999767e+00 -2.202000000000000624e-01
8.321400000000000574e+00 -1.148000000000001242e-01
8.330199999999999605e+00 -9.400000000000074962e-03
8.339000000000000412e+00 9.599999999999997424e-02
8.347800000000001219e+00 2.013999999999999679e-01
8.356600000000000250e+00 3.067999999999999616e-01
8.365400000000001057e+00 4.122000000000000108e-01
8.374200000000000088e+00 5.175999999999999490e-01
8.383000000000000895e+00 6.229999999999999982e-01
8.370600000000001373e+00 7.278000000000000025e-01
8.358200000000000074e+00 8.326000000000000068e-01
8.345800000000000551e+00 9.373999999999999000e-01
8.333400000000001029e+00 1.042199999999999793e+00
8.321000000000001506e+00 1.147000000000000020e+00
8.308600000000000207e+00 1.251800000000000024e+00
8.296200000000000685e+00 1.356600000000000028e+00
8.283800000000001162e+00 1.461400000000000032e+00
8.271399999999999864e+00 1.566200000000000037e+00
8.259000000000000341e+00 1.671000000000000041e+00
8.222699999999999676e+00 1.748899999999999899e+00
8.186400000000000787e+00 1.826799999999999979e+00
8.150100000000000122e+00 1.904700000000000060e+00
8.113799999999999457e+00 1.982600000000000140e+00
8.077500000000000568e+00 2.060500000000000220e+00
8.041199999999999903e+00 2.138399999999999856e+00
8.004899999999999238e+00 2.216299999999999937e+00
7.968600000000000350e+00 2.294200000000000017e+00
7.932299999999999685e+00 2.372100000000000097e+00
7.895999999999999908e+00 2.450000000000000178e+00
7.845600000000000129e+00 2.521400000000000308e+00
7.795200000000000351e+00 2.592799999999999994e+00
7.744799999999999685e+00 2.664200000000000124e+00
7.694399999999999906e+00 2.735600000000000254e+00
7.644000000000000128e+00 2.807000000000000384e+00
7.593600000000000350e+00 2.878400000000000070e+00
7.543200000000000571e+00 2.949800000000000200e+00
7.492799999999999905e+00 3.021200000000000330e+00
7.442400000000000126e+00 3.092600000000000016e+00
7.392000000000000348e+00 3.164000000000000146e+00
7.307199999999999918e+00 3.238500000000000156e+00
7.222400000000000375e+00 3.313000000000000167e+00
7.137600000000000833e+00 3.387500000000000178e+00
7.052800000000000402e+00 3.462000000000000188e+00
6.967999999999999972e+00 3.536500000000000199e+00
6.883200000000000429e+00 3.611000000000000210e+00
6.798400000000000887e+00 3.685500000000000220e+00
6.713600000000000456e+00 3.760000000000000231e+00
6.628800000000000026e+00 3.834500000000000242e+00
6.544000000000000483e+00 3.909000000000000252e+00
6.464200000000000834e+00 3.969800000000000217e+00
6.384400000000000297e+00 4.030600000000000627e+00
6.304600000000000648e+00 4.091400000000000148e+00
6.224800000000000111e+00 4.152200000000000557e+00
6.145000000000000462e+00 4.213000000000000078e+00
6.065200000000000813e+00 4.273800000000000487e+00
5.985400000000000276e+00 4.334600000000000009e+00
5.905600000000000627e+00 4.395400000000000418e+00
5.825800000000000090e+00 4.456199999999999939e+00
5.746000000000000441e+00 4.517000000000000348e+00
5.664300000000000779e+00 4.535500000000000753e+00
5.582600000000000229e+00 4.554000000000000270e+00
5.500900000000000567e+00 4.572499999999999787e+00
5.419200000000000017e+00 4.591000000000000192e+00
5.337500000000000355e+00 4.609500000000000597e+00
5.255800000000000693e+00 4.628000000000000114e+00
5.174100000000000144e+00 4.646499999999999631e+00
5.092400000000000482e+00 4.665000000000000036e+00
5.010699999999999932e+00 4.683500000000000441e+00
4.929000000000000270e+00 4.701999999999999957e+00
4.868000000000000327e+00 4.663800000000000168e+00
4.807000000000000384e+00 4.625600000000000378e+00
4.746000000000000441e+00 4.587399999999999700e+00
4.685000000000000497e+00 4.549199999999999910e+00
4.624000000000000554e+00 4.511000000000000121e+00
4.562999999999999723e+00 4.472800000000000331e+00
4.501999999999999780e+00 4.434600000000000541e+00
4.440999999999999837e+00 4.396399999999999864e+00
4.379999999999999893e+00 4.358200000000000074e+00
4.318999999999999950e+00 4.320000000000000284e+00
4.299100000000000144e+00 4.244900000000000340e+00
4.279200000000000337e+00 4.169800000000000395e+00
4.259299999999999642e+00 4.094700000000000450e+00
4.239399999999999835e+00 4.019600000000000506e+00
4.219500000000000028e+00 3.944500000000000117e+00
4.199600000000000222e+00 3.869400000000000173e+00
4.179700000000000415e+00 3.794300000000000228e+00
4.159799999999999720e+00 3.719199999999999839e+00
4.139899999999999913e+00 3.644099999999999895e+00
4.120000000000000107e+00 3.568999999999999950e+00
4.118000000000000327e+00 3.467799999999999994e+00
4.115999999999999659e+00 3.366600000000000037e+00
4.113999999999999879e+00 3.265400000000000080e+00
4.112000000000000099e+00 3.164200000000000124e+00
4.109999999999999432e+00 3.062999999999999723e+00
4.107999999999999652e+00 2.961800000000000210e+00
4.105999999999999872e+00 2.860599999999999810e+00
4.104000000000000092e+00 2.759399999999999853e+00
4.101999999999999424e+00 2.658199999999999896e+00
4.099999999999999645e+00 2.556999999999999940e+00
4.099999999999999645e+00 2.455600000000000005e+00
4.099999999999999645e+00 2.354200000000000070e+00
4.099999999999999645e+00 2.252800000000000136e+00
4.099999999999999645e+00 2.151399999999999757e+00
4.099999999999999645e+00 2.049999999999999822e+00
4.099999999999999645e+00 1.948599999999999888e+00
4.099999999999999645e+00 1.847199999999999953e+00
4.099999999999999645e+00 1.745800000000000018e+00
4.099999999999999645e+00 1.644399999999999862e+00
4.099999999999999645e+00 1.542999999999999927e+00
4.099999999999999645e+00 1.441500000000000004e+00
4.099999999999999645e+00 1.339999999999999858e+00
4.099999999999999645e+00 1.238500000000000156e+00
4.099999999999999645e+00 1.137000000000000011e+00
4.099999999999999645e+00 1.035499999999999865e+00
4.099999999999999645e+00 9.339999999999999414e-01
4.099999999999999645e+00 8.325000000000000178e-01
4.099999999999999645e+00 7.309999999999999831e-01
4.099999999999999645e+00 6.295000000000000595e-01
4.099999999999999645e+00 5.280000000000000249e-01
4.099999999999999645e+00 4.265000000000001013e-01
4.099999999999999645e+00 3.250000000000001776e-01
4.099999999999999645e+00 2.235000000000001430e-01
4.099999999999999645e+00 1.220000000000002194e-01
4.099999999999999645e+00 2.050000000000007372e-02
4.099999999999999645e+00 -8.099999999999990541e-02
4.099999999999999645e+00 -1.824999999999998845e-01
4.099999999999999645e+00 -2.839999999999999192e-01
4.099999999999999645e+00 -3.854999999999999538e-01
4.099999999999999645e+00 -4.869999999999999885e-01
4.099999999999999645e+00 -5.883999999999999231e-01
4.099999999999999645e+00 -6.897999999999998577e-01
4.099999999999999645e+00 -7.911999999999999034e-01
4.099999999999999645e+00 -8.925999999999998380e-01
4.099999999999999645e+00 -9.939999999999999947e-01
4.099999999999999645e+00 -1.095399999999999929e+00
4.099999999999999645e+00 -1.196800000000000086e+00
4.099999999999999645e+00 -1.298200000000000021e+00
4.099999999999999645e+00 -1.399600000000000177e+00
4.099999999999999645e+00 -1.501000000000000112e+00
4.099999999999999645e+00 -1.602100000000000080e+00
4.099999999999999645e+00 -1.703200000000000047e+00
4.099999999999999645e+00 -1.804300000000000015e+00
4.099999999999999645e+00 -1.905399999999999983e+00
4.099999999999999645e+00 -2.006499999999999950e+00
4.099999999999999645e+00 -2.107600000000000140e+00
4.099999999999999645e+00 -2.208699999999999886e+00
4.099999999999999645e+00 -2.309800000000000075e+00
4.099999999999999645e+00 -2.410899999999999821e+00
