# Cls = PFC
# Exp = WEST
# Name = CasingUDivV0
6.700000000000000000e+01 1.200000000000000000e+01
1.880000504510836334e+00 6.610999999999999099e-01
1.936199910530160162e+00 6.610999999999999099e-01
1.940699709900529868e+00 6.630999999999999117e-01
1.940699709900529868e+00 7.071999999999999398e-01
1.975500204750685329e+00 7.071999999999999398e-01
1.976500307227145425e+00 7.081999999999999407e-01
1.976500307227145425e+00 7.762099999999999556e-01
1.979499971868905916e+00 7.792099999999999582e-01
2.037500500185459806e+00 7.792099999999999582e-01
2.040500164827241836e+00 7.822099999999999609e-01
2.040500164827241836e+00 8.101999999999999202e-01
2.043499829469041185e+00 8.131999999999999229e-01
2.107500329856676125e+00 8.131999999999999229e-01
2.110499994498460374e+00 8.101999999999999202e-01
2.110499994498460374e+00 7.516999999999999238e-01
2.111500096974896934e+00 7.506999999999999229e-01
2.130500238921601230e+00 7.506999999999999229e-01
2.131500341398049336e+00 7.516999999999999238e-01
2.131500341398049336e+00 8.388199999999998990e-01
2.134500006039822040e+00 8.418199999999999017e-01
2.192500534356377262e+00 8.418199999999999017e-01
2.195500198998169061e+00 8.448199999999999044e-01
2.195500198998169061e+00 8.728199999999999292e-01
2.198500506427505830e+00 8.758199999999999319e-01
2.262499597983168798e+00 8.758199999999999319e-01
2.265500028669388488e+00 8.728199999999999292e-01
2.265500028669388488e+00 8.170999999999999375e-01
2.266499957722038161e+00 8.155999999999998806e-01
2.298999991838407642e+00 8.155999999999998806e-01
2.299000049555675496e+00 8.170999999999999375e-01
2.299000815600116265e+00 8.235999999999998877e-01
2.302000106456991269e+00 8.265999999999998904e-01
2.315000111646865477e+00 8.265999999999998904e-01
2.315000111646865477e+00 9.912999999999999590e-01
1.959999683674719329e+00 9.912999999999999590e-01
1.959965624921264027e+00 8.385880000000000001e-01
1.959903128411845552e+00 8.297160805275998197e-01
1.959610844130362128e+00 8.241389642009399052e-01
1.959124099347713921e+00 8.185754458771753450e-01
1.958443487087441426e+00 8.130323038463894703e-01
1.957569836570743460e+00 8.075162915732910784e-01
1.956504212206199078e+00 8.020341294691584189e-01
1.955247912292949586e+00 7.965924967040530769e-01
1.953802467438921164e+00 7.911980230692801097e-01
1.952169638696014786e+00 7.858572809000083925e-01
1.950351415414535605e+00 7.805767770678929685e-01
1.948350012819476174e+00 7.753629450534540446e-01
1.946167869311606236e+00 7.702221371078719070e-01
1.943807643496656912e+00 7.651606165137475601e-01
1.941272210946218379e+00 7.601845499542574380e-01
1.938564660694300334e+00 7.552999999999999714e-01
1.935688291473818268e+00 7.505129177226871340e-01
1.932646607697596774e+00 7.458291354446804355e-01
1.929443315188781760e+00 7.412543596332041851e-01
1.926082316665865601e+00 7.367941639478946536e-01
1.922567706987826641e+00 7.324539824501536955e-01
1.918903768165173274e+00 7.282391029825826534e-01
1.915094964142974421e+00 7.241546607265603175e-01
1.911145935362229764e+00 7.202056319458157718e-01
1.907061493106207539e+00 7.163968279236168080e-01
1.902846613638636386e+00 7.127328891009634404e-01
1.898506432140895539e+00 7.092182794229243692e-01
1.894046236455585897e+00 7.058572809000083215e-01
1.889471460644109646e+00 7.026539883911933071e-01
1.884787678366102837e+00 6.996123046149718139e-01
1.881951021589297390e+00 6.978809999999999736e-01
1.880000504510836334e+00 6.944449999999999790e-01
-1.570796378360930001e+00 2.987126566087999202e-01
-1.047197602762631075e+00 6.477785070076658158e-01
-5.235988271643323699e-01 2.987126566087999202e-01
-5.156603344325105809e-08 6.477785070076658158e-01
5.235987240322652614e-01 2.987126566087999202e-01
1.047197499630564188e+00 6.477785070076658158e-01
1.570796275228863115e+00 2.987126566087999202e-01
2.094395050827162041e+00 6.477785070076658158e-01
2.617993826425460746e+00 2.987126566087999202e-01
3.141592602023759451e+00 6.477785070076658158e-01
-2.617993929557527188e+00 2.987126566087999202e-01
-2.094395153959228484e+00 6.477785070076658158e-01
