# Cls = PFC
# Exp = ITER
# Name = BLK08
1.000000000000000000e+01 1.800000000000000000e+01
4.835600000000000342e+00 4.740199999999999747e+00
4.757600000000000051e+00 4.864700000000000024e+00
4.173600000000000421e+00 4.498999999999999666e+00
4.251199999999999868e+00 4.375099999999999767e+00
4.256999999999999673e+00 4.345900000000000318e+00
4.265500000000000291e+00 4.332399999999999807e+00
4.306799999999999962e+00 4.322899999999999743e+00
4.857999999999999652e+00 4.668000000000000149e+00
4.867499999999999716e+00 4.709399999999999586e+00
4.858999999999999986e+00 4.722900000000000098e+00
1.745329251994329478e-01 3.458230286486604355e-01
5.235987755982988157e-01 3.458230286486604355e-01
8.726646259971647668e-01 3.458230286486604355e-01
1.221730476396030607e+00 3.458230286486604355e-01
1.570796326794896558e+00 3.458230286486604355e-01
1.919862177193762509e+00 3.458230286486604355e-01
2.268928027592628460e+00 3.458230286486604355e-01
2.617993877991494411e+00 3.458230286486604355e-01
2.967059728390360362e+00 3.458230286486604355e-01
-2.967059728390360362e+00 3.458230286486604355e-01
-2.617993877991494411e+00 3.458230286486604355e-01
-2.268928027592628460e+00 3.458230286486604355e-01
-1.919862177193763175e+00 3.458230286486604355e-01
-1.570796326794896780e+00 3.458230286486604355e-01
-1.221730476396031273e+00 3.458230286486604355e-01
-8.726646259971648778e-01 3.458230286486604355e-01
-5.235987755982993708e-01 3.458230286486604355e-01
-1.745329251994338915e-01 3.458230286486604355e-01
