# Cls = Ves
# Exp = JET
# Name = V0
2.480000000000000000e+02 0.000000000000000000e+00
3.283199999999999896e+00 -1.124400000000000066e+00
3.311900000000000066e+00 -1.082999999999999963e+00
3.328400000000000247e+00 -1.063099999999999934e+00
3.352400000000000269e+00 -1.038000000000000034e+00
3.373199999999999754e+00 -1.017200000000000104e+00
3.423300000000000232e+00 -9.590000000000000746e-01
3.447300000000000253e+00 -9.323000000000000176e-01
3.494300000000000406e+00 -8.709999999999999964e-01
3.516800000000000370e+00 -8.427999999999999936e-01
3.559099999999999930e+00 -7.810000000000000275e-01
3.580500000000000238e+00 -7.500999999999999890e-01
3.619300000000000406e+00 -6.860000000000000542e-01
3.639000000000000234e+00 -6.539000000000000368e-01
3.673599999999999977e+00 -5.869999999999999662e-01
3.688000000000000167e+00 -5.608999999999999542e-01
3.722300000000000164e+00 -4.849999999999999867e-01
3.734999999999999876e+00 -4.576000000000000068e-01
3.768199999999999772e+00 -3.709999999999999964e-01
3.775800000000000267e+00 -3.523999999999999910e-01
3.802599999999999980e+00 -2.690000000000000169e-01
3.810800000000000409e+00 -2.446000000000000119e-01
3.833300000000000374e+00 -1.580000000000000016e-01
3.839599999999999902e+00 -1.348000000000000032e-01
3.856500000000000039e+00 -5.000000000000000278e-02
3.862099999999999866e+00 -2.430000000000000215e-02
3.875199999999999978e+00 6.800000000000000488e-02
3.878300000000000303e+00 8.880000000000000393e-02
3.885699999999999932e+00 1.759999999999999898e-01
3.887900000000000134e+00 1.963000000000000023e-01
3.890500000000000291e+00 2.899999999999999800e-01
3.891399999999999970e+00 3.133999999999999564e-01
3.888599999999999834e+00 4.070000000000000284e-01
3.888400000000000301e+00 4.267000000000000237e-01
3.880300000000000082e+00 5.190000000000000169e-01
3.878900000000000237e+00 5.396000000000000796e-01
3.865600000000000147e+00 6.320000000000000062e-01
3.863500000000000156e+00 6.497000000000000552e-01
3.844500000000000028e+00 7.429999999999999938e-01
3.840899999999999981e+00 7.627000000000000446e-01
3.817199999999999704e+00 8.529999999999999805e-01
3.813000000000000167e+00 8.705000000000000515e-01
3.783700000000000063e+00 9.609999999999999654e-01
3.778999999999999915e+00 9.769999999999999796e-01
3.744099999999999984e+00 1.066999999999999948e+00
3.738199999999999967e+00 1.083400000000000141e+00
3.698700000000000099e+00 1.169999999999999929e+00
3.691800000000000193e+00 1.186599999999999877e+00
3.674900000000000055e+00 1.217999999999999972e+00
3.667400000000000215e+00 1.236400000000000166e+00
3.637300000000000200e+00 1.332999999999999963e+00
3.642100000000000115e+00 1.407700000000000173e+00
3.621399999999999952e+00 1.425999999999999934e+00
3.620800000000000463e+00 1.427100000000000035e+00
3.594100000000000072e+00 1.451000000000000068e+00
3.593500000000000139e+00 1.451900000000000190e+00
3.566800000000000193e+00 1.475999999999999979e+00
3.566199999999999815e+00 1.476700000000000124e+00
3.539499999999999869e+00 1.501000000000000112e+00
3.538900000000000379e+00 1.501600000000000046e+00
3.512199999999999989e+00 1.525000000000000133e+00
3.511600000000000055e+00 1.526400000000000201e+00
3.484900000000000109e+00 1.550000000000000044e+00
3.484399999999999942e+00 1.551200000000000134e+00
3.457699999999999996e+00 1.574999999999999956e+00
3.457100000000000062e+00 1.576000000000000068e+00
3.430400000000000116e+00 1.600000000000000089e+00
3.429800000000000182e+00 1.600800000000000001e+00
3.403099999999999792e+00 1.625000000000000000e+00
3.402499999999999858e+00 1.625700000000000145e+00
3.381800000000000139e+00 1.644000000000000128e+00
3.331500000000000128e+00 1.704099999999999948e+00
3.281800000000000050e+00 1.737999999999999989e+00
3.186300000000000132e+00 1.817500000000000115e+00
3.136699999999999822e+00 1.852000000000000091e+00
3.000999999999999890e+00 1.883400000000000185e+00
2.868800000000000239e+00 1.939000000000000057e+00
2.852500000000000036e+00 1.945300000000000029e+00
2.775599999999999845e+00 1.967999999999999972e+00
2.757600000000000051e+00 1.971999999999999975e+00
2.679000000000000270e+00 1.981999999999999984e+00
2.658900000000000041e+00 1.983999999999999986e+00
2.577900000000000080e+00 1.981999999999999984e+00
2.560599999999999987e+00 1.981099999999999861e+00
2.480099999999999749e+00 1.967000000000000082e+00
2.466000000000000192e+00 1.964200000000000168e+00
2.388400000000000301e+00 1.937999999999999945e+00
2.374200000000000088e+00 1.933100000000000041e+00
2.298099999999999810e+00 1.894000000000000128e+00
2.287599999999999856e+00 1.888400000000000079e+00
2.195400000000000240e+00 1.822000000000000064e+00
2.182400000000000340e+00 1.823700000000000099e+00
2.165699999999999736e+00 1.790000000000000036e+00
2.165300000000000225e+00 1.790100000000000025e+00
2.149000000000000021e+00 1.757000000000000117e+00
2.148600000000000065e+00 1.757200000000000095e+00
2.132300000000000306e+00 1.725000000000000089e+00
2.131900000000000350e+00 1.724299999999999944e+00
2.115600000000000147e+00 1.691999999999999948e+00
2.115199999999999747e+00 1.691500000000000004e+00
2.098899999999999988e+00 1.659000000000000030e+00
2.098500000000000032e+00 1.658599999999999852e+00
2.082199999999999829e+00 1.626000000000000112e+00
2.081800000000000317e+00 1.625700000000000145e+00
2.068200000000000038e+00 1.598000000000000087e+00
2.067600000000000104e+00 1.598200000000000065e+00
2.054699999999999971e+00 1.564000000000000057e+00
2.054400000000000226e+00 1.563800000000000079e+00
2.041500000000000092e+00 1.530000000000000027e+00
2.041199999999999903e+00 1.529299999999999882e+00
2.028300000000000214e+00 1.495000000000000107e+00
2.028000000000000025e+00 1.494900000000000118e+00
2.015099999999999891e+00 1.461000000000000076e+00
2.014800000000000146e+00 1.460400000000000142e+00
2.001900000000000013e+00 1.425999999999999934e+00
2.001599999999999824e+00 1.425999999999999934e+00
1.988799999999999901e+00 1.392000000000000126e+00
1.988499999999999934e+00 1.391499999999999959e+00
1.975600000000000023e+00 1.356999999999999984e+00
1.975300000000000056e+00 1.357099999999999973e+00
1.961300000000000043e+00 1.320000000000000062e+00
1.942500000000000115e+00 1.234599999999999920e+00
1.927300000000000013e+00 1.157999999999999918e+00
1.925000000000000044e+00 1.138000000000000123e+00
1.912400000000000100e+00 1.060000000000000053e+00
1.909700000000000175e+00 1.040000000000000036e+00
1.898500000000000076e+00 9.619999999999999662e-01
1.895700000000000163e+00 9.401000000000000467e-01
1.885799999999999921e+00 8.619999999999999885e-01
1.883000000000000007e+00 8.407000000000001139e-01
1.873099999999999987e+00 7.630000000000000115e-01
1.870400000000000063e+00 7.417000000000000259e-01
1.860500000000000043e+00 6.640000000000000346e-01
1.858400000000000052e+00 6.429000000000000270e-01
1.849900000000000100e+00 5.650000000000000577e-01
1.848200000000000065e+00 5.452000000000000179e-01
1.841800000000000104e+00 4.670000000000000262e-01
1.840999999999999970e+00 4.461999999999999855e-01
1.837200000000000166e+00 3.679999999999999938e-01
1.836999999999999966e+00 3.473999999999999866e-01
1.835900000000000087e+00 2.700000000000000178e-01
1.836400000000000032e+00 2.484999999999999987e-01
1.837900000000000089e+00 1.710000000000000131e-01
1.839099999999999957e+00 1.496999999999999997e-01
1.843099999999999961e+00 7.100000000000000755e-02
1.844999999999999973e+00 5.070000000000000201e-02
1.851700000000000124e+00 -2.699999999999999969e-02
1.854200000000000070e+00 -4.779999999999999527e-02
1.863400000000000167e+00 -1.239999999999999991e-01
1.866700000000000026e+00 -1.454999999999999905e-01
1.878500000000000059e+00 -2.230000000000000038e-01
1.882300000000000084e+00 -2.431999999999999995e-01
1.896700000000000053e+00 -3.200000000000000067e-01
1.901299999999999990e+00 -3.402000000000000024e-01
1.918200000000000127e+00 -4.160000000000000364e-01
1.923400000000000221e+00 -4.366000000000000436e-01
1.942800000000000082e+00 -5.120000000000000107e-01
1.948700000000000099e+00 -5.319000000000000394e-01
1.970599999999999907e+00 -6.059999999999999831e-01
2.009100000000000108e+00 -7.840000000000000302e-01
2.020399999999999974e+00 -8.110000000000000542e-01
2.020700000000000163e+00 -8.120000000000000551e-01
2.034499999999999975e+00 -8.449999999999999734e-01
2.034800000000000164e+00 -8.461000000000000743e-01
2.048699999999999743e+00 -8.790000000000000036e-01
2.048999999999999932e+00 -8.802000000000000934e-01
2.062800000000000189e+00 -9.130000000000000338e-01
2.063099999999999934e+00 -9.143000000000000016e-01
2.076900000000000190e+00 -9.470000000000000639e-01
2.077199999999999935e+00 -9.482999999999999208e-01
2.091000000000000192e+00 -9.809999999999999831e-01
2.091300000000000381e+00 -9.824000000000000510e-01
2.105099999999999749e+00 -1.015000000000000124e+00
2.105500000000000149e+00 -1.016700000000000159e+00
2.119300000000000406e+00 -1.050000000000000044e+00
2.119600000000000151e+00 -1.050699999999999967e+00
2.133399999999999963e+00 -1.084000000000000075e+00
2.133699999999999708e+00 -1.084799999999999986e+00
2.147499999999999964e+00 -1.118000000000000105e+00
2.147800000000000153e+00 -1.118900000000000006e+00
2.161599999999999966e+00 -1.152000000000000135e+00
2.161900000000000155e+00 -1.153000000000000025e+00
2.175800000000000178e+00 -1.185999999999999943e+00
2.176099999999999923e+00 -1.187000000000000055e+00
2.189900000000000180e+00 -1.219999999999999973e+00
2.190199999999999925e+00 -1.221099999999999852e+00
2.201500000000000234e+00 -1.247999999999999998e+00
2.144600000000000062e+00 -1.274900000000000144e+00
2.293600000000000083e+00 -1.314000000000000057e+00
2.293600000000000083e+00 -1.330999999999999961e+00
2.295400000000000329e+00 -1.334400000000000031e+00
2.359900000000000109e+00 -1.334000000000000075e+00
2.359900000000000109e+00 -1.334400000000000031e+00
2.396199999999999886e+00 -1.372999999999999998e+00
2.409199999999999786e+00 -1.400299999999999878e+00
2.412199999999999900e+00 -1.421999999999999931e+00
2.412900000000000045e+00 -1.431499999999999995e+00
2.412900000000000045e+00 -1.467999999999999972e+00
2.412199999999999900e+00 -1.476799999999999891e+00
2.407599999999999962e+00 -1.504000000000000004e+00
2.398000000000000131e+00 -1.516400000000000192e+00
2.419200000000000017e+00 -1.592000000000000082e+00
2.421199999999999797e+00 -1.610200000000000076e+00
2.418800000000000061e+00 -1.642000000000000126e+00
2.416300000000000114e+00 -1.656099999999999905e+00
2.405699999999999950e+00 -1.689000000000000057e+00
2.314999999999999947e+00 -1.738700000000000134e+00
2.353499999999999925e+00 -1.737999999999999989e+00
2.374300000000000299e+00 -1.735000000000000098e+00
2.427400000000000002e+00 -1.713000000000000078e+00
2.446199999999999708e+00 -1.709799999999999986e+00
2.523699999999999832e+00 -1.709000000000000075e+00
2.524599999999999955e+00 -1.699999999999999956e+00
2.559099999999999930e+00 -1.655000000000000027e+00
2.552999999999999936e+00 -1.638000000000000123e+00
2.573900000000000077e+00 -1.600999999999999979e+00
2.573900000000000077e+00 -1.601799999999999891e+00
2.633000000000000007e+00 -1.616999999999999993e+00
2.633699999999999708e+00 -1.619900000000000118e+00
2.693800000000000416e+00 -1.635000000000000009e+00
2.694300000000000139e+00 -1.638200000000000101e+00
2.754399999999999959e+00 -1.654000000000000137e+00
2.755199999999999871e+00 -1.656599999999999850e+00
2.814699999999999758e+00 -1.671999999999999931e+00
2.814699999999999758e+00 -1.707000000000000073e+00
2.804199999999999804e+00 -1.711600000000000010e+00
2.857000000000000206e+00 -1.711000000000000076e+00
2.878500000000000281e+00 -1.715999999999999970e+00
2.936400000000000343e+00 -1.741000000000000103e+00
2.957300000000000040e+00 -1.745999999999999996e+00
2.987000000000000099e+00 -1.745999999999999996e+00
2.897699999999999942e+00 -1.682299999999999907e+00
2.882000000000000117e+00 -1.622000000000000108e+00
2.881600000000000161e+00 -1.591599999999999904e+00
2.900400000000000311e+00 -1.510000000000000009e+00
2.890499999999999847e+00 -1.498400000000000176e+00
2.887900000000000134e+00 -1.489000000000000101e+00
2.885900000000000354e+00 -1.473999999999999977e+00
2.885900000000000354e+00 -1.435000000000000053e+00
2.889499999999999957e+00 -1.417100000000000026e+00
2.900800000000000267e+00 -1.392000000000000126e+00
2.913300000000000445e+00 -1.376200000000000090e+00
2.963500000000000245e+00 -1.334000000000000075e+00
2.963500000000000245e+00 -1.334799999999999986e+00
3.009800000000000253e+00 -1.334000000000000075e+00
3.060099999999999820e+00 -1.297800000000000065e+00
3.193999999999999950e+00 -1.213999999999999968e+00
3.202199999999999935e+00 -1.208900000000000086e+00
3.306300000000000239e+00 -1.207999999999999963e+00
