# Cls = PFC
# Exp = ITER
# Name = BLK14
4.000000000000000000e+00 1.800000000000000000e+01
8.257199999999999207e+00 1.658900000000000041e+00
8.378500000000000725e+00 6.340000000000000080e-01
8.547299999999999898e+00 6.539800000000000058e-01
8.428399999999999892e+00 1.658900000000000041e+00
0.000000000000000000e+00 1.542741583593411903e-01
3.490658503988658956e-01 1.542741583593411903e-01
6.981317007977317912e-01 1.542741583593411903e-01
1.047197551196597631e+00 1.542741583593411903e-01
1.396263401595463582e+00 1.542741583593411903e-01
1.745329251994329534e+00 1.542741583593411903e-01
2.094395102393195263e+00 1.542741583593411903e-01
2.443460952792061214e+00 1.542741583593411903e-01
2.792526803190927165e+00 1.542741583593411903e-01
3.141592653589793116e+00 1.542741583593411903e-01
-2.792526803190927609e+00 1.542741583593411903e-01
-2.443460952792061658e+00 1.542741583593411903e-01
-2.094395102393196151e+00 1.542741583593411903e-01
-1.745329251994329534e+00 1.542741583593411903e-01
-1.396263401595464027e+00 1.542741583593411903e-01
-1.047197551196597631e+00 1.542741583593411903e-01
-6.981317007977322353e-01 1.542741583593411903e-01
-3.490658503988666728e-01 1.542741583593411903e-01
