#Name = ICRHa
#Exp = AUG
#CLs = PFC
61        0
2.002   -0.524
1.997   -0.523
1.994   -0.520
1.992   -0.516
1.992   -0.511
1.994   -0.507
2.004   -0.495
2.017   -0.476
2.030   -0.457
2.043   -0.438
2.055   -0.418
2.066   -0.399
2.078   -0.379
2.089   -0.358
2.099   -0.338
2.109   -0.317
2.118   -0.296
2.126   -0.276
2.127   -0.275
2.136   -0.253
2.144   -0.231
2.151   -0.210
2.159   -0.188
2.165   -0.166
2.170   -0.149
2.171   -0.143
2.175   -0.129
2.177   -0.121
2.182   -0.098
2.187   -0.075
2.191   -0.053
2.195   -0.030
2.198   -0.007
2.198   -0.001
2.200    0.016
2.203    0.039
2.204    0.062
2.205    0.098
2.205    0.133
2.204    0.157
2.204    0.169
2.200    0.204
2.200    0.209
2.196    0.239
2.190    0.274
2.182    0.308
2.173    0.343
2.162    0.377
2.159    0.386
2.150    0.410
2.137    0.442
2.137    0.443
2.122    0.475
2.109    0.499
2.106    0.509
2.107    0.517
2.111    0.524
2.118    0.529
2.126    0.531
2.900    0.531
2.900   -0.524
