# Cls = CoilPF
# Exp = TCV
# Name = B03A1
1.700000000000000000e+01 0.000000000000000000e+00
6.650119086045099825e-01 -7.699999809265136719e-01
6.650119086045099825e-01 -7.900000214576721191e-01
6.678505753234127429e-01 -7.900000214576721191e-01
6.839857817329418888e-01 -7.900000214576721191e-01
7.001209881424709236e-01 -7.900000214576721191e-01
7.162561945520000695e-01 -7.900000214576721191e-01
7.323914009615291043e-01 -7.900000214576721191e-01
7.485266073710581392e-01 -7.900000214576721191e-01
7.646618137805872850e-01 -7.900000214576721191e-01
7.649879594543813610e-01 -7.900000214576721191e-01
7.649879594543813610e-01 -7.699999809265136719e-01
7.510453058425616835e-01 -7.699999809265136719e-01
7.354019532218198929e-01 -7.699999809265136719e-01
7.197586006010779913e-01 -7.699999809265136719e-01
7.041152479803360897e-01 -7.699999809265136719e-01
6.884718953595942992e-01 -7.699999809265136719e-01
6.728285427388525086e-01 -7.699999809265136719e-01
