#Name = DivUp1V0
#Exp = WEST
#CLs = CoilPF
1.000000000000000000e+01 0.000000000000000000e+00
2.042207645190126097e+00 7.759070000000000134e-01
1.980793050544402689e+00 7.759070000000000134e-01
1.980792770570662276e+00 7.104930000000000412e-01
2.042207050252251133e+00 7.104930000000000412e-01
2.042207645190126097e+00 7.444930000000000714e-01
2.044793069367166982e+00 7.444930000000000714e-01
2.106207112893221378e+00 7.444930000000000714e-01
2.106206893914508438e+00 8.099070000000000435e-01
2.044792623226619366e+00 8.099070000000000435e-01
2.044793069367166982e+00 7.759070000000000134e-01
