# Cls = PFC
# Exp = ITER
# Name = BLK01
6.000000000000000000e+00 1.800000000000000000e+01
3.877299999999999969e+00 -1.508000000000000007e+00
3.877299999999999969e+00 -2.511000000000000121e+00
4.070000000000000284e+00 -2.511000000000000121e+00
4.099999999999999645e+00 -2.386000000000000121e+00
4.099999999999999645e+00 -1.633000000000000007e+00
4.070000000000000284e+00 -1.508000000000000007e+00
1.745329251994329478e-01 3.458230286486604355e-01
5.235987755982988157e-01 3.458230286486604355e-01
8.726646259971647668e-01 3.458230286486604355e-01
1.221730476396030607e+00 3.458230286486604355e-01
1.570796326794896558e+00 3.458230286486604355e-01
1.919862177193762509e+00 3.458230286486604355e-01
2.268928027592628460e+00 3.458230286486604355e-01
2.617993877991494411e+00 3.458230286486604355e-01
2.967059728390360362e+00 3.458230286486604355e-01
-2.967059728390360362e+00 3.458230286486604355e-01
-2.617993877991494411e+00 3.458230286486604355e-01
-2.268928027592628460e+00 3.458230286486604355e-01
-1.919862177193763175e+00 3.458230286486604355e-01
-1.570796326794896780e+00 3.458230286486604355e-01
-1.221730476396031273e+00 3.458230286486604355e-01
-8.726646259971648778e-01 3.458230286486604355e-01
-5.235987755982993708e-01 3.458230286486604355e-01
-1.745329251994338915e-01 3.458230286486604355e-01
