# Cls = PFC
# Exp = ITER
# Name = BLK15
4.000000000000000000e+00 1.800000000000000000e+01
8.377399999999999736e+00 6.119999999999999885e-01
8.291299999999999670e+00 -4.171599999999999753e-01
8.495799999999999130e+00 -3.907499999999999862e-01
8.578099999999999170e+00 5.952399999999999913e-01
0.000000000000000000e+00 1.542741583593411903e-01
3.490658503988658956e-01 1.542741583593411903e-01
6.981317007977317912e-01 1.542741583593411903e-01
1.047197551196597631e+00 1.542741583593411903e-01
1.396263401595463582e+00 1.542741583593411903e-01
1.745329251994329534e+00 1.542741583593411903e-01
2.094395102393195263e+00 1.542741583593411903e-01
2.443460952792061214e+00 1.542741583593411903e-01
2.792526803190927165e+00 1.542741583593411903e-01
3.141592653589793116e+00 1.542741583593411903e-01
-2.792526803190927609e+00 1.542741583593411903e-01
-2.443460952792061658e+00 1.542741583593411903e-01
-2.094395102393196151e+00 1.542741583593411903e-01
-1.745329251994329534e+00 1.542741583593411903e-01
-1.396263401595464027e+00 1.542741583593411903e-01
-1.047197551196597631e+00 1.542741583593411903e-01
-6.981317007977322353e-01 1.542741583593411903e-01
-3.490658503988666728e-01 1.542741583593411903e-01
