# Cls = Ves
# Exp = TCV
# Name = vOut
2.550000000000000000e+02 0.000000000000000000e+00
1.159999966621398926e+00 -1.055843341646323097e-07
1.159999966621398926e+00 1.564335262074190158e-02
1.159999966621398926e+00 3.128670524148380316e-02
1.159999966621398926e+00 4.693005786222569781e-02
1.159999966621398926e+00 6.257341048296760633e-02
1.159999966621398926e+00 7.821676310370949403e-02
1.159999966621398926e+00 9.386011572445139561e-02
1.159999966621398926e+00 1.095034683451932972e-01
1.159999966621398926e+00 1.251468209659352127e-01
1.159999966621398926e+00 1.407901735866771142e-01
1.159999966621398926e+00 1.564335262074189881e-01
1.159999966621398926e+00 1.720768788281608896e-01
1.159999966621398926e+00 1.877202314489027912e-01
1.159999966621398926e+00 2.033635840696446928e-01
1.159999966621398926e+00 2.190069366903865944e-01
1.159999966621398926e+00 2.346502893111284960e-01
1.159999966621398926e+00 2.502936419318704253e-01
1.159999966621398926e+00 2.659369945526123269e-01
1.159999966621398926e+00 2.815803471733542285e-01
1.159999966621398926e+00 2.972236997940960745e-01
1.159999966621398926e+00 3.128670524148379761e-01
1.159999966621398926e+00 3.285104050355798777e-01
1.159999966621398926e+00 3.441537576563217793e-01
1.159999966621398926e+00 3.597971102770636809e-01
1.159999966621398926e+00 3.754404628978055825e-01
1.159999966621398926e+00 3.910838155185474840e-01
1.159999966621398926e+00 4.067271681392893856e-01
1.159999966621398926e+00 4.223705207600312872e-01
1.159999966621398926e+00 4.380138733807731888e-01
1.159999966621398926e+00 4.536572260015150904e-01
1.159999966621398926e+00 4.693005786222569919e-01
1.159999966621398926e+00 4.849439312429988935e-01
1.159999966621398926e+00 5.005872838637408506e-01
1.159999966621398926e+00 5.162306364844827522e-01
1.159999966621398926e+00 5.318739891052246538e-01
1.159999966621398926e+00 5.475173417259665554e-01
1.159999966621398926e+00 5.631606943467084569e-01
1.159999966621398926e+00 5.788040469674503585e-01
1.159999966621398926e+00 5.944473995881921491e-01
1.159999966621398926e+00 6.100907983517179778e-01
1.159992845835394748e+00 6.257339537672320651e-01
1.156638596438724242e+00 6.408973521079364133e-01
1.147847669196156328e+00 6.537051088610679184e-01
1.135942966646331431e+00 6.638473969620010129e-01
1.123964775158402096e+00 6.739090779988565760e-01
1.111986583670472761e+00 6.839707590357123612e-01
1.100008392182543204e+00 6.940324400725679244e-01
1.088030200694613869e+00 7.040941211094235985e-01
1.076052009206684534e+00 7.141558021462792727e-01
1.064073817718754977e+00 7.242174831831349469e-01
1.052095626230825642e+00 7.342791642199906210e-01
1.040117434742896307e+00 7.443408452568462952e-01
1.028139243254966972e+00 7.544025262937018583e-01
1.015889615950035907e+00 7.641014354548154586e-01
1.001309294357218826e+00 7.694876714639277138e-01
9.856957459340597305e-01 7.699999809265136719e-01
9.700523933133179399e-01 7.699999809265136719e-01
9.544090406925759273e-01 7.699999809265136719e-01
9.387656880718341368e-01 7.699999809265136719e-01
9.231223354510921242e-01 7.699999809265136719e-01
9.074789828303503336e-01 7.699999809265136719e-01
8.918356302096083210e-01 7.699999809265136719e-01
8.761922775888665305e-01 7.699999809265136719e-01
8.605489249681245179e-01 7.699999809265136719e-01
8.449055723473827273e-01 7.699999809265136719e-01
8.292622197266408257e-01 7.699999809265136719e-01
8.136188671058988131e-01 7.699999809265136719e-01
7.979755144851570225e-01 7.699999809265136719e-01
7.823321618644151210e-01 7.699999809265136719e-01
7.666888092436732194e-01 7.699999809265136719e-01
7.510454566229312068e-01 7.699999809265136719e-01
7.354021040021894162e-01 7.699999809265136719e-01
7.197587513814475146e-01 7.699999809265136719e-01
7.041153987607056131e-01 7.699999809265136719e-01
6.884720461399636005e-01 7.699999809265136719e-01
6.728286935192218099e-01 7.699999809265136719e-01
6.571853408984799083e-01 7.699999809265136719e-01
6.415619736232339720e-01 7.698296817323680985e-01
6.269044152257799984e-01 7.651988232939423984e-01
6.148901595659086450e-01 7.554217633097969342e-01
6.071089411136765257e-01 7.420882362499885421e-01
6.042240078051935859e-01 7.268959740003152481e-01
6.004299374865600392e-01 7.117196927257813943e-01
6.000000238418579102e-01 6.961292153779290448e-01
6.000000238418579102e-01 6.804858627571871432e-01
6.000000238418579102e-01 6.648425101364453527e-01
6.000000238418579102e-01 6.491991575157032290e-01
6.000000238418579102e-01 6.335558048949614385e-01
6.000000238418579102e-01 6.179124522742195369e-01
6.000000238418579102e-01 6.022690996534777463e-01
6.000000238418579102e-01 5.866257470327356227e-01
6.000000238418579102e-01 5.709823944119938322e-01
6.000000238418579102e-01 5.553390417912519306e-01
6.000000238418579102e-01 5.396956891705101400e-01
6.000000238418579102e-01 5.240523365497680164e-01
6.000000238418579102e-01 5.084089839290262258e-01
6.000000238418579102e-01 4.927656313082843242e-01
6.000000238418579102e-01 4.771222786875425337e-01
6.000000238418579102e-01 4.614789260668004101e-01
6.000000238418579102e-01 4.458355734460586195e-01
6.000000238418579102e-01 4.301922208253167734e-01
6.000000238418579102e-01 4.145488682045749274e-01
6.000000238418579102e-01 3.989055155838328592e-01
6.000000238418579102e-01 3.832621629630910132e-01
6.000000238418579102e-01 3.676188103423491671e-01
6.000000238418579102e-01 3.519754577216073210e-01
6.000000238418579102e-01 3.363321051008652529e-01
6.000000238418579102e-01 3.206887524801234068e-01
6.000000238418579102e-01 3.050453998593815608e-01
6.000000238418579102e-01 2.894020472386397147e-01
6.000000238418579102e-01 2.737586946178976466e-01
6.000000238418579102e-01 2.581153419971558005e-01
6.000000238418579102e-01 2.424719893764139544e-01
6.000000238418579102e-01 2.268286367556721084e-01
6.000000238418579102e-01 2.111852841349300403e-01
6.000000238418579102e-01 1.955419315141881942e-01
6.000000238418579102e-01 1.798985788934464036e-01
6.000000238418579102e-01 1.642552262727045020e-01
6.000000238418579102e-01 1.486118736519624894e-01
6.000000238418579102e-01 1.329685210312205879e-01
6.000000238418579102e-01 1.173251684104787973e-01
6.000000238418579102e-01 1.016818157897368957e-01
6.000000238418579102e-01 8.603846316899488311e-02
6.000000238418579102e-01 7.039511054825298153e-02
6.000000238418579102e-01 5.475175792751119097e-02
6.000000238418579102e-01 3.910840530676928939e-02
6.000000238418579102e-01 2.346505268602727678e-02
6.000000238418579102e-01 7.821700065285375203e-03
6.000000238418579102e-01 -7.821676310370923035e-03
6.000000238418579102e-01 -2.346502893111276564e-02
6.000000238418579102e-01 -3.910838155185461518e-02
6.000000238418579102e-01 -5.475173417259645431e-02
6.000000238418579102e-01 -7.039508679333873753e-02
6.000000238418579102e-01 -8.603843941408058360e-02
6.000000238418579102e-01 -1.016817920348224297e-01
6.000000238418579102e-01 -1.173251446555642757e-01
6.000000238418579102e-01 -1.329684972763061357e-01
6.000000238418579102e-01 -1.486118498970479540e-01
6.000000238418579102e-01 -1.642552025177898001e-01
6.000000238418579102e-01 -1.798985551385316461e-01
6.000000238418579102e-01 -1.955419077592739363e-01
6.000000238418579102e-01 -2.111852603800157824e-01
6.000000238418579102e-01 -2.268286130007576284e-01
6.000000238418579102e-01 -2.424719656214994745e-01
6.000000238418579102e-01 -2.581153182422413206e-01
6.000000238418579102e-01 -2.737586708629831667e-01
6.000000238418579102e-01 -2.894020234837250127e-01
6.000000238418579102e-01 -3.050453761044668588e-01
6.000000238418579102e-01 -3.206887287252091490e-01
6.000000238418579102e-01 -3.363320813459509950e-01
6.000000238418579102e-01 -3.519754339666928411e-01
6.000000238418579102e-01 -3.676187865874346872e-01
6.000000238418579102e-01 -3.832621392081765332e-01
6.000000238418579102e-01 -3.989054918289183793e-01
6.000000238418579102e-01 -4.145488444496602254e-01
6.000000238418579102e-01 -4.301921970704020715e-01
6.000000238418579102e-01 -4.458355496911443616e-01
6.000000238418579102e-01 -4.614789023118862077e-01
6.000000238418579102e-01 -4.771222549326280538e-01
6.000000238418579102e-01 -4.927656075533698998e-01
6.000000238418579102e-01 -5.084089601741117459e-01
6.000000238418579102e-01 -5.240523127948535365e-01
6.000000238418579102e-01 -5.396956654155954380e-01
6.000000238418579102e-01 -5.553390180363372286e-01
6.000000238418579102e-01 -5.709823706570795743e-01
6.000000238418579102e-01 -5.866257232778213648e-01
6.000000238418579102e-01 -6.022690758985632664e-01
6.000000238418579102e-01 -6.179124285193050570e-01
6.000000238418579102e-01 -6.335557811400469586e-01
6.000000238418579102e-01 -6.491991337607887491e-01
6.000000238418579102e-01 -6.648424863815306507e-01
6.000000238418579102e-01 -6.804858390022724413e-01
6.000000238418579102e-01 -6.961291916230147869e-01
6.004299111016818680e-01 -7.117195275816237121e-01
6.042239814203153037e-01 -7.268958088561573438e-01
6.071089416741438649e-01 -7.420881703945169106e-01
6.148901244712534631e-01 -7.554217165618167806e-01
6.269043560835348972e-01 -7.651988072609864355e-01
6.415619020409315532e-01 -7.698297080219690391e-01
6.571851901181101629e-01 -7.699999809265136719e-01
6.728285427388525086e-01 -7.699999809265136719e-01
6.884718953595942992e-01 -7.699999809265136719e-01
7.041152479803360897e-01 -7.699999809265136719e-01
7.197586006010779913e-01 -7.699999809265136719e-01
7.354019532218198929e-01 -7.699999809265136719e-01
7.510453058425616835e-01 -7.699999809265136719e-01
7.666886584633034740e-01 -7.699999809265136719e-01
7.823320110840453756e-01 -7.699999809265136719e-01
7.979753637047877213e-01 -7.699999809265136719e-01
8.136187163255295118e-01 -7.699999809265136719e-01
8.292620689462713024e-01 -7.699999809265136719e-01
8.449054215670132040e-01 -7.699999809265136719e-01
8.605487741877549945e-01 -7.699999809265136719e-01
8.761921268084968961e-01 -7.699999809265136719e-01
8.918354794292386867e-01 -7.699999809265136719e-01
9.074788320499805883e-01 -7.699999809265136719e-01
9.231221846707229339e-01 -7.699999809265136719e-01
9.387655372914647245e-01 -7.699999809265136719e-01
9.544088899122065150e-01 -7.699999809265136719e-01
9.700522425329484166e-01 -7.699999809265136719e-01
9.856955951536903182e-01 -7.699999809265136719e-01
1.001309219656645322e+00 -7.694876829158551201e-01
1.015889546602729787e+00 -7.641014628837499156e-01
1.028139318641163591e+00 -7.544024204867264549e-01
1.040117510129093370e+00 -7.443407394498705587e-01
1.052095701617022705e+00 -7.342790584130148845e-01
1.064073893104952040e+00 -7.242173773761592104e-01
1.076052084592881375e+00 -7.141556963393036472e-01
1.088030276080810710e+00 -7.040940153024479731e-01
1.100008467568740045e+00 -6.940323342655924099e-01
1.111986659056669380e+00 -6.839706532287367358e-01
1.123964850544598715e+00 -6.739089721918811726e-01
1.135943042032528494e+00 -6.638472911550252764e-01
1.147847732459757353e+00 -6.537051325054172857e-01
1.156638662944468043e+00 -6.408973773071071633e-01
1.159992916258371976e+00 -6.257339792478814333e-01
1.159999966621398926e+00 -6.100906689396209392e-01
1.159999966621398926e+00 -5.944475051725264247e-01
1.159999966621398926e+00 -5.788041525517846342e-01
1.159999966621398926e+00 -5.631607999310428436e-01
1.159999966621398926e+00 -5.475174473103004980e-01
1.159999966621398926e+00 -5.318740946895585964e-01
1.159999966621398926e+00 -5.162307420688168058e-01
1.159999966621398926e+00 -5.005873894480750153e-01
1.159999966621398926e+00 -4.849440368273331137e-01
1.159999966621398926e+00 -4.693006842065912676e-01
1.159999966621398926e+00 -4.536573315858494215e-01
1.159999966621398926e+00 -4.380139789651075755e-01
1.159999966621398926e+00 -4.223706263443652853e-01
1.159999966621398926e+00 -4.067272737236234947e-01
1.159999966621398926e+00 -3.910839211028815932e-01
1.159999966621398926e+00 -3.754405684821398026e-01
1.159999966621398926e+00 -3.597972158613979010e-01
1.159999966621398926e+00 -3.441538632406560549e-01
1.159999966621398926e+00 -3.285105106199142089e-01
1.159999966621398926e+00 -3.128671579991723628e-01
1.159999966621398926e+00 -2.972238053784300726e-01
1.159999966621398926e+00 -2.815804527576882821e-01
1.159999966621398926e+00 -2.659371001369464360e-01
1.159999966621398926e+00 -2.502937475162045899e-01
1.159999966621398926e+00 -2.346503948954627439e-01
1.159999966621398926e+00 -2.190070422747208978e-01
1.159999966621398926e+00 -2.033636896539790517e-01
1.159999966621398926e+00 -1.877203370332372057e-01
1.159999966621398926e+00 -1.720769844124949155e-01
1.159999966621398926e+00 -1.564336317917530694e-01
1.159999966621398926e+00 -1.407902791710112234e-01
1.159999966621398926e+00 -1.251469265502693773e-01
1.159999966621398926e+00 -1.095035739295275312e-01
1.159999966621398926e+00 -9.386022130878568515e-02
1.159999966621398926e+00 -7.821686868804378356e-02
1.159999966621398926e+00 -6.257351606730199300e-02
1.159999966621398926e+00 -4.693016344655964733e-02
1.159999966621398926e+00 -3.128681082581785677e-02
1.159999966621398926e+00 -1.564345820507595519e-02
