# Cls = PFC
# Exp = ITER
# Name = BLK07
8.000000000000000000e+00 1.800000000000000000e+01
4.238800000000000345e+00 4.304800000000000182e+00
4.072899999999999743e+00 4.348700000000000010e+00
3.882499999999999840e+00 3.630199999999999871e+00
4.075800000000000090e+00 3.579000000000000181e+00
4.130399999999999849e+00 3.668000000000000149e+00
4.290099999999999802e+00 4.270699999999999719e+00
4.268799999999999706e+00 4.307400000000000340e+00
4.253400000000000070e+00 4.311399999999999899e+00
1.745329251994329478e-01 3.458230286486604355e-01
5.235987755982988157e-01 3.458230286486604355e-01
8.726646259971647668e-01 3.458230286486604355e-01
1.221730476396030607e+00 3.458230286486604355e-01
1.570796326794896558e+00 3.458230286486604355e-01
1.919862177193762509e+00 3.458230286486604355e-01
2.268928027592628460e+00 3.458230286486604355e-01
2.617993877991494411e+00 3.458230286486604355e-01
2.967059728390360362e+00 3.458230286486604355e-01
-2.967059728390360362e+00 3.458230286486604355e-01
-2.617993877991494411e+00 3.458230286486604355e-01
-2.268928027592628460e+00 3.458230286486604355e-01
-1.919862177193763175e+00 3.458230286486604355e-01
-1.570796326794896780e+00 3.458230286486604355e-01
-1.221730476396031273e+00 3.458230286486604355e-01
-8.726646259971648778e-01 3.458230286486604355e-01
-5.235987755982993708e-01 3.458230286486604355e-01
-1.745329251994338915e-01 3.458230286486604355e-01
