# Cls = PFC
# Exp = WEST
# Name = DivLowITERV1
4.600000000000000000e+01 0.000000000000000000e+00
1.951437505566089081e+00 -6.255000000000000560e-01
2.356617780927638517e+00 -7.892007772062769044e-01
2.366357483076916512e+00 -7.650965613562188405e-01
2.354999236708075649e+00 -7.605073031009804696e-01
2.343409411897963146e+00 -7.558247865905033391e-01
2.331819587087849754e+00 -7.511422700800263197e-01
2.320229762277737251e+00 -7.464597535695493002e-01
2.308639937467623859e+00 -7.417772370590722808e-01
2.297050112657511356e+00 -7.370947205485952614e-01
2.285460287847397964e+00 -7.324122040381182419e-01
2.273870463037285461e+00 -7.277296875276412225e-01
2.262280638227172069e+00 -7.230471710171642030e-01
2.250690813417059566e+00 -7.183646545066871836e-01
2.239100988606946174e+00 -7.136821379962101641e-01
2.227511163796833227e+00 -7.089996214857331447e-01
2.215921338986720279e+00 -7.043171049752561252e-01
2.204331514176606888e+00 -6.996345884647789948e-01
2.192741689366494384e+00 -6.949520719543019753e-01
2.181151864556380993e+00 -6.902695554438249559e-01
2.169562039746268489e+00 -6.855870389333479364e-01
2.157972214936155098e+00 -6.809045224228709170e-01
2.146382390126042594e+00 -6.762220059123938976e-01
2.134792565315929203e+00 -6.715394894019168781e-01
2.123202740505816699e+00 -6.668569728914398587e-01
2.111612915695703308e+00 -6.621744563809628392e-01
2.100023090885590804e+00 -6.574919398704858198e-01
2.088433266075477412e+00 -6.528094233600088003e-01
2.076843441265364909e+00 -6.481269068495317809e-01
2.065253616455251517e+00 -6.434443903390547614e-01
2.053663791645139014e+00 -6.387618738285777420e-01
2.042073966835025622e+00 -6.340793573181006115e-01
2.030484142024913119e+00 -6.293968408076235921e-01
2.018894317214799727e+00 -6.247143242971465726e-01
2.007304492404687224e+00 -6.200318077866695532e-01
1.995714667594573832e+00 -6.153492912761925338e-01
1.984124842784460885e+00 -6.106667747657155143e-01
1.972535017974347937e+00 -6.059842582552384949e-01
1.961176771605507296e+00 -6.013950000000000129e-01
1.958885928041752988e+00 -6.069560000000000510e-01
1.932087169846381736e+00 -5.961290000000000200e-01
1.933963616764545090e+00 -5.914880000000000138e-01
1.907861744381128100e+00 -5.809440000000000159e-01
1.896249179496460657e+00 -6.096869999999999790e-01
1.922350157298612583e+00 -6.202309999999999768e-01
1.926468561322763895e+00 -6.100359999999999117e-01
1.953266400999362107e+00 -6.208640000000000825e-01
