# Cls = PFC
# Exp = TOMAS
# Name = antenna
6.000000000000000000e+01 1.000000000000000000e+00
9.408693330549854350e-01 -1.349853980341732262e-01
9.485297774861751741e-01 -1.414132741310386299e-01
9.551404744552416393e-01 -1.331383273426283154e-01
9.613452505946568083e-01 -1.245548075618164163e-01
9.671297251744030987e-01 -1.156826087022260890e-01
9.724804915919929016e-01 -1.065422937452762953e-01
9.773851484447793059e-01 -9.715504708162338299e-02
9.818323282725275325e-01 -8.754262541237084472e-02
9.858117239036322532e-01 -7.772730732384250385e-02
9.893141123439160856e-01 -6.773184165278886559e-02
9.923313761526456611e-01 -5.757939476170011173e-02
9.948565222562191224e-01 -4.729349684642529528e-02
9.968836981559232591e-01 -3.689798740053931714e-02
9.984082054921951110e-01 -2.641695996285459147e-02
9.994265109339489639e-01 -1.587470627613554730e-02
9.999362543677328130e-01 -5.295659986438110318e-03
9.999362543677328130e-01 5.295659986438110318e-03
9.994265109339489639e-01 1.587470627613551954e-02
9.984082054921951110e-01 2.641695996285456371e-02
9.968836981559232591e-01 3.689798740053928938e-02
9.948565222562191224e-01 4.729349684642528140e-02
9.923313761526456611e-01 5.757939476170008397e-02
9.893141123439161966e-01 6.773184165278882396e-02
9.858117239036322532e-01 7.772730732384250385e-02
9.818323282725275325e-01 8.754262541237084472e-02
9.773851484447793059e-01 9.715504708162335523e-02
9.724804915919929016e-01 1.065422937452762814e-01
9.671297251744030987e-01 1.156826087022260613e-01
9.613452505946569193e-01 1.245548075618163331e-01
9.551404744552416393e-01 1.331383273426283154e-01
9.485297774861751741e-01 1.414132741310386299e-01
9.408693330549854350e-01 1.349853980341732262e-01
9.471795437981851418e-01 1.270865851906906596e-01
9.531022846585360808e-01 1.188932253999156613e-01
9.586238285755666055e-01 1.104243083066703407e-01
9.637313783378114174e-01 1.016994622114000962e-01
9.684130962427438538e-01 9.273890857791322606e-02
9.726581315328671762e-01 8.356341516635398814e-02
9.764566455443761672e-01 7.419424790003148473e-02
9.797998345101017748e-01 6.465312157766209267e-02
9.826799499638889657e-01 5.496214954525919377e-02
9.850903166991181736e-01 4.514379244431505206e-02
9.870253482397449707e-01 3.522080615506025664e-02
9.884805597880044203e-01 2.521618905545210815e-02
9.894525786187694516e-01 1.515312871812938590e-02
9.899391518964721914e-01 5.054948168872741392e-03
9.899391518964721914e-01 -5.054948168872741392e-03
9.894525786187694516e-01 -1.515312871812935988e-02
9.884805597880044203e-01 -2.521618905545208039e-02
9.870253482397449707e-01 -3.522080615506022888e-02
9.850903166991181736e-01 -4.514379244431503818e-02
9.826799499638889657e-01 -5.496214954525916602e-02
9.797998345101017748e-01 -6.465312157766205103e-02
9.764566455443761672e-01 -7.419424790003148473e-02
9.726581315328671762e-01 -8.356341516635398814e-02
9.684130962427438538e-01 -9.273890857791319831e-02
9.637313783378114174e-01 -1.016994622114000824e-01
9.586238285755666055e-01 -1.104243083066703268e-01
9.531022846585360808e-01 -1.188932253999155919e-01
9.471795437981851418e-01 -1.270865851906906596e-01
0.000000000000000000e+00 9.090909090909091161e-02
