# Cls = Ves
# Exp = TCV
# Name = t
5.700000000000000000e+01 0.000000000000000000e+00
6.240000128746032715e-01 0.000000000000000000e+00
6.240000128746032715e-01 -7.091000080108642578e-01
6.284999847412109375e-01 -7.091000080108642578e-01
6.288999915122985840e-01 -7.091000080108642578e-01
6.298000216484069824e-01 -7.093999981880187988e-01
6.305999755859375000e-01 -7.099999785423278809e-01
6.650000214576721191e-01 -7.444000244140625000e-01
6.653000116348266602e-01 -7.445999979972839355e-01
6.657000184059143066e-01 -7.455000281333923340e-01
6.658999919891357422e-01 -7.465000152587890625e-01
6.658999919891357422e-01 -7.500000000000000000e-01
9.743999838829040527e-01 -7.500000000000000000e-01
9.743999838829040527e-01 -7.465999722480773926e-01
9.745000004768371582e-01 -7.462999820709228516e-01
9.749000072479248047e-01 -7.454000115394592285e-01
1.131199955940246582e+00 -5.590000152587890625e-01
1.131899952888488770e+00 -5.584999918937683105e-01
1.132899999618530273e+00 -5.583000183105468750e-01
1.132899999618530273e+00 -5.519999861717224121e-01
1.131899952888488770e+00 -5.521000027656555176e-01
1.130900025367736816e+00 -5.523999929428100586e-01
1.129999995231628418e+00 -5.529000163078308105e-01
1.129299998283386230e+00 -5.534999966621398926e-01
1.128999948501586914e+00 -5.537999868392944336e-01
1.092599987983703613e+00 -5.971999764442443848e-01
1.092100024223327637e+00 -5.976999998092651367e-01
1.091199994087219238e+00 -5.981000065803527832e-01
1.090199947357177734e+00 -5.982999801635742188e-01
1.089200019836425781e+00 -5.981000065803527832e-01
1.088400006294250488e+00 -5.975999832153320312e-01
1.087700009346008301e+00 -5.968000292778015137e-01
1.087399959564208984e+00 -5.958999991416931152e-01
1.059999942779541016e+00 -4.609999954700469971e-01
1.059999942779541016e+00 -4.589999914169311523e-01
1.075199961662292480e+00 -3.840000033378601074e-01
1.141000032424926758e+00 -3.459999859333038330e-01
1.146199941635131836e+00 -3.459999859333038330e-01
1.146199941635131836e+00 -3.440000116825103760e-01
1.137599945068359375e+00 -3.440000116825103760e-01
1.137599945068359375e+00 5.583000183105468750e-01
1.132799983024597168e+00 5.583000183105468750e-01
1.131999969482421875e+00 5.584999918937683105e-01
1.131199955940246582e+00 5.590000152587890625e-01
9.749000072479248047e-01 7.454000115394592285e-01
9.746999740600585938e-01 7.457000017166137695e-01
9.743999838829040527e-01 7.465999722480773926e-01
9.743999838829040527e-01 7.500000000000000000e-01
6.658999919891357422e-01 7.500000000000000000e-01
6.658999919891357422e-01 7.465000152587890625e-01
6.658999919891357422e-01 7.461000084877014160e-01
6.656000018119812012e-01 7.451999783515930176e-01
6.650000214576721191e-01 7.444000244140625000e-01
6.305999755859375000e-01 7.099999785423278809e-01
6.304000020027160645e-01 7.096999883651733398e-01
6.294999718666076660e-01 7.092999815940856934e-01
6.284999847412109375e-01 7.091000080108642578e-01
6.240000128746032715e-01 7.091000080108642578e-01
