# Cls = PFC
# Exp = DEMO2019
# Name = divertor
6.480000000000000000e+02 4.800000000000000000e+01
6.311462499999999309e+00 -6.394624999999999559e+00
6.484682099999999672e+00 -5.716395699999999636e+00
6.485530100000000076e+00 -5.712970499999999952e+00
6.486327599999999194e+00 -5.709533200000000086e+00
6.487074599999999691e+00 -5.706084600000000506e+00
6.487770799999999838e+00 -5.702625399999999622e+00
6.488415999999999961e+00 -5.699156299999999398e+00
6.489010100000000669e+00 -5.695678000000000019e+00
6.489553100000000185e+00 -5.692191499999999849e+00
6.490044700000000333e+00 -5.688697299999999402e+00
6.490484999999999616e+00 -5.685196200000000033e+00
6.490873599999999577e+00 -5.681689099999999826e+00
6.491210699999999889e+00 -5.678176699999999855e+00
6.491496199999999384e+00 -5.674659600000000026e+00
6.491729799999999884e+00 -5.671138799999999591e+00
6.491911699999999286e+00 -5.667614899999999345e+00
6.492041799999999974e+00 -5.664088700000000642e+00
6.492119999999999891e+00 -5.660560900000000117e+00
6.492146299999999925e+00 -5.657032400000000294e+00
6.492120700000000078e+00 -5.653503899999999582e+00
6.492043300000000627e+00 -5.649976200000000226e+00
6.491913999999999518e+00 -5.646449899999999467e+00
6.491732899999999695e+00 -5.642926000000000109e+00
6.491500000000000270e+00 -5.639405100000000282e+00
6.491215399999999747e+00 -5.635887999999999565e+00
6.490878999999999621e+00 -5.632375399999999921e+00
6.490491099999999847e+00 -5.628868200000000321e+00
6.490051700000000423e+00 -5.625367100000000065e+00
6.489560800000000462e+00 -5.621872800000000225e+00
6.489018600000000525e+00 -5.618386099999999495e+00
6.488425200000000004e+00 -5.614907800000000115e+00
6.487780700000000067e+00 -5.611438500000000218e+00
6.487085299999999499e+00 -5.607979099999999661e+00
6.486339100000000357e+00 -5.604530300000000409e+00
6.485542299999999649e+00 -5.601092899999999375e+00
6.484695099999999712e+00 -5.597667499999999130e+00
6.483797499999999658e+00 -5.594255000000000422e+00
6.482849899999999721e+00 -5.590855999999999604e+00
6.481852400000000181e+00 -5.587471299999999808e+00
6.480805300000000102e+00 -5.584101600000000332e+00
6.479708699999999766e+00 -5.580747800000000147e+00
6.478563000000000294e+00 -5.577410399999999768e+00
6.477368300000000190e+00 -5.574090199999999662e+00
6.476124899999999407e+00 -5.570787900000000015e+00
6.474833099999999675e+00 -5.567504200000000125e+00
6.473493200000000058e+00 -5.564239999999999853e+00
6.472105400000000230e+00 -5.560995700000000319e+00
6.470670000000000144e+00 -5.557772200000000495e+00
6.469187500000000313e+00 -5.554570199999999680e+00
6.467658000000000129e+00 -5.551390300000000444e+00
6.466081899999999827e+00 -5.548233199999999421e+00
6.464459600000000528e+00 -5.545099699999999743e+00
6.462791400000000408e+00 -5.541990300000000147e+00
6.461077699999999702e+00 -5.538905800000000212e+00
6.459318800000000138e+00 -5.535846899999999238e+00
6.457515099999999286e+00 -5.532814099999999513e+00
6.455667000000000044e+00 -5.529808200000000618e+00
6.453774899999999981e+00 -5.526829700000000400e+00
6.451839299999999611e+00 -5.523879400000000217e+00
6.449860399999999494e+00 -5.520957899999999974e+00
6.447838899999999818e+00 -5.518065800000000465e+00
6.445774999999999366e+00 -5.515203699999999820e+00
6.443669299999999822e+00 -5.512372300000000003e+00
6.441522200000000531e+00 -5.509572200000000031e+00
6.439334099999999950e+00 -5.506803899999999530e+00
6.437105599999999761e+00 -5.504068000000000183e+00
6.434837099999999310e+00 -5.501365300000000680e+00
6.432529100000000000e+00 -5.498696200000000367e+00
6.430182099999999679e+00 -5.496061300000000038e+00
6.427796599999999749e+00 -5.493461199999999600e+00
6.425373200000000118e+00 -5.490896399999999566e+00
6.422912300000000130e+00 -5.488367599999999236e+00
6.420414499999999691e+00 -5.485875200000000618e+00
6.417880300000000204e+00 -5.483419800000000066e+00
6.415310299999999799e+00 -5.481001899999999871e+00
6.412705100000000158e+00 -5.478622099999999939e+00
6.410065099999999738e+00 -5.476280800000000504e+00
6.407390999999999615e+00 -5.473978600000000583e+00
6.404683299999999413e+00 -5.471715900000000410e+00
6.401942699999999320e+00 -5.469493400000000172e+00
6.399169700000000738e+00 -5.467311300000000429e+00
6.396364800000000628e+00 -5.465170199999999312e+00
6.393528900000000625e+00 -5.463070700000000279e+00
6.390662299999999796e+00 -5.461013000000000339e+00
6.387765800000000382e+00 -5.458997700000000286e+00
6.384840000000000515e+00 -5.457025200000000353e+00
6.381885599999999492e+00 -5.455095999999999279e+00
6.378903000000000212e+00 -5.453210299999999400e+00
6.375893099999999869e+00 -5.451368800000000014e+00
6.372856399999999866e+00 -5.449571700000000796e+00
6.369793699999999781e+00 -5.447819400000000201e+00
6.366705500000000129e+00 -5.446112299999999351e+00
6.363592499999999319e+00 -5.444450899999999649e+00
6.360455400000000203e+00 -5.442835299999999599e+00
6.357294999999999696e+00 -5.441266099999999994e+00
6.354111800000000088e+00 -5.439743499999999621e+00
6.350906499999999788e+00 -5.438267899999999599e+00
6.347680000000000433e+00 -5.436839599999999884e+00
6.344432700000000480e+00 -5.435458800000000146e+00
6.341165499999999788e+00 -5.434126000000000012e+00
6.337879100000000321e+00 -5.432841299999999762e+00
6.334574100000000207e+00 -5.431605099999999631e+00
6.331251400000000196e+00 -5.430417499999999897e+00
6.327911499999999911e+00 -5.429279000000000188e+00
6.324555199999999822e+00 -5.428189699999999895e+00
6.321183299999999505e+00 -5.427149900000000748e+00
6.317796500000000037e+00 -5.426159800000000644e+00
6.314395499999999828e+00 -5.425219499999999861e+00
6.310980999999999952e+00 -5.424329399999999524e+00
6.307553799999999988e+00 -5.423489499999999630e+00
6.304114600000000124e+00 -5.422700200000000414e+00
6.300664199999999937e+00 -5.421961399999999820e+00
6.297203300000000503e+00 -5.421273499999999856e+00
6.293732699999999625e+00 -5.420636599999999916e+00
6.290253100000000153e+00 -5.420050699999999999e+00
6.286765199999999609e+00 -5.419516100000000058e+00
6.283269800000000238e+00 -5.419032800000000094e+00
6.279767799999999234e+00 -5.418600900000000387e+00
6.276259699999999775e+00 -5.418220599999999720e+00
6.272746500000000225e+00 -5.417891899999999872e+00
6.269228799999999602e+00 -5.417614799999999953e+00
6.265707400000000149e+00 -5.417389600000000804e+00
6.262183000000000277e+00 -5.417216099999999201e+00
6.258656499999999845e+00 -5.417094500000000146e+00
6.255128599999999928e+00 -5.417024699999999804e+00
6.251600099999999216e+00 -5.417006800000000233e+00
6.248071600000000281e+00 -5.417040699999999376e+00
6.244544099999999709e+00 -5.417126599999999570e+00
6.241018200000000071e+00 -5.417264300000000254e+00
6.237494599999999778e+00 -5.417453800000000541e+00
5.307999999999999829e+00 -5.474304100000000339e+00
5.307999999999999829e+00 -5.769000000000000128e+00
5.308033000000000001e+00 -5.777961900000000206e+00
5.308131999999999628e+00 -5.786923300000000658e+00
5.308296900000000207e+00 -5.795883799999999475e+00
5.308527899999999633e+00 -5.804842800000000302e+00
5.308824800000000010e+00 -5.813799799999999962e+00
5.309187600000000451e+00 -5.822754500000000277e+00
5.309616399999999459e+00 -5.831706199999999285e+00
5.310111000000000026e+00 -5.840654499999999416e+00
5.310671500000000655e+00 -5.849598900000000157e+00
5.311297899999999572e+00 -5.858538999999999497e+00
5.311990100000000048e+00 -5.867474199999999307e+00
5.312748099999999418e+00 -5.876404000000000849e+00
5.313571700000000675e+00 -5.885328099999999729e+00
5.314461100000000826e+00 -5.894245799999999313e+00
5.315416100000000199e+00 -5.903156799999999649e+00
5.316436700000000570e+00 -5.912060400000000548e+00
5.317522799999999883e+00 -5.920956399999999675e+00
5.318674399999999913e+00 -5.929844000000000115e+00
5.319891400000000381e+00 -5.938722999999999530e+00
5.321173799999999510e+00 -5.947592700000000399e+00
5.322521399999999403e+00 -5.956452800000000103e+00
5.323934200000000061e+00 -5.965302700000000513e+00
5.325412199999999707e+00 -5.974141999999999619e+00
5.326955200000000445e+00 -5.982970099999999292e+00
5.328563100000000219e+00 -5.991786699999999577e+00
5.330236000000000196e+00 -6.000591199999999681e+00
5.331973600000000424e+00 -6.009383099999999978e+00
5.333775900000000014e+00 -6.018161899999999953e+00
5.335642700000000183e+00 -6.026927300000000542e+00
5.337574099999999433e+00 -6.035678700000000063e+00
5.339569900000000757e+00 -6.044415600000000666e+00
5.341629900000000042e+00 -6.053137600000000340e+00
5.343754099999999951e+00 -6.061844199999999461e+00
5.345942400000000205e+00 -6.070534899999999290e+00
5.348194499999999962e+00 -6.079209300000000482e+00
5.350510500000000391e+00 -6.087866799999999579e+00
5.352890200000000043e+00 -6.096507100000000179e+00
5.355333400000000132e+00 -6.105129600000000600e+00
5.357840100000000660e+00 -6.113733900000000610e+00
5.360409999999999897e+00 -6.122319499999999692e+00
5.363043099999999619e+00 -6.130885899999999999e+00
5.365739200000000153e+00 -6.139432799999999801e+00
5.368498100000000051e+00 -6.147959499999999800e+00
5.371319699999999919e+00 -6.156465700000000041e+00
5.374203999999999759e+00 -6.164950900000000011e+00
5.377150600000000225e+00 -6.173414600000000085e+00
5.380159399999999259e+00 -6.181856400000000029e+00
5.383230300000000135e+00 -6.190275800000000217e+00
5.386363099999999626e+00 -6.198672400000000415e+00
5.389557700000000118e+00 -6.207045600000000718e+00
5.392813799999999880e+00 -6.215395199999999676e+00
5.396131399999999800e+00 -6.223720500000000655e+00
5.399510100000000534e+00 -6.232021099999999869e+00
5.402949800000000025e+00 -6.240296700000000030e+00
5.406450399999999767e+00 -6.248546699999999454e+00
5.410011700000000090e+00 -6.256770799999999966e+00
5.413633400000000151e+00 -6.264968300000000490e+00
5.417315400000000558e+00 -6.273139000000000465e+00
5.421057399999999582e+00 -6.281282400000000266e+00
5.424859300000000495e+00 -6.289397899999999986e+00
5.428720799999999791e+00 -6.297485299999999953e+00
5.432641800000000742e+00 -6.305544000000000260e+00
5.436622000000000732e+00 -6.313573700000000066e+00
5.440661199999999198e+00 -6.321573800000000354e+00
5.444759200000000021e+00 -6.329543900000000001e+00
5.448915799999999976e+00 -6.337483699999999942e+00
5.453130800000000278e+00 -6.345392600000000272e+00
5.457403799999999805e+00 -6.353270300000000148e+00
5.461734800000000334e+00 -6.361116299999999946e+00
5.466123400000000743e+00 -6.368930199999999431e+00
5.470569400000000471e+00 -6.376711599999999258e+00
5.475072600000000733e+00 -6.384459999999999802e+00
5.479632699999999801e+00 -6.392175100000000221e+00
5.484249499999999777e+00 -6.399856400000000001e+00
5.488922800000000102e+00 -6.407503399999999516e+00
5.493652200000000541e+00 -6.415115899999999982e+00
5.498437499999999645e+00 -6.422693299999999716e+00
5.503278500000000406e+00 -6.430235300000000542e+00
5.508174900000000207e+00 -6.437741500000000450e+00
5.513126500000000263e+00 -6.445211399999999813e+00
5.518132899999999452e+00 -6.452644599999999286e+00
5.523193899999999879e+00 -6.460040699999999525e+00
5.528309199999999812e+00 -6.467399400000000576e+00
5.533478600000000469e+00 -6.474720299999999540e+00
5.538701699999999839e+00 -6.482002900000000345e+00
5.543978300000000026e+00 -6.489246800000000093e+00
5.549308100000000188e+00 -6.496451600000000326e+00
5.554690800000000372e+00 -6.503617100000000484e+00
5.560126100000000626e+00 -6.510742699999999772e+00
5.565613800000000388e+00 -6.517828100000000013e+00
5.571153400000000033e+00 -6.524872900000000087e+00
5.576744800000000168e+00 -6.531876699999999758e+00
5.582387599999999672e+00 -6.538839100000000570e+00
5.588081500000000368e+00 -6.545759900000000187e+00
5.593826299999999918e+00 -6.552638499999999588e+00
5.599621500000000474e+00 -6.559474599999999711e+00
5.605466900000000585e+00 -6.566267799999999433e+00
5.611362100000000019e+00 -6.573017899999999969e+00
5.617306899999999992e+00 -6.579724299999999637e+00
5.623300900000000269e+00 -6.586386800000000541e+00
5.629343800000000009e+00 -6.593004999999999782e+00
5.635435300000000147e+00 -6.599578499999999792e+00
5.641574999999999562e+00 -6.606106999999999729e+00
5.647762600000000077e+00 -6.612590100000000248e+00
5.653997699999999682e+00 -6.619027500000000508e+00
5.660280099999999592e+00 -6.625418699999999994e+00
5.666609400000000463e+00 -6.631763600000000203e+00
5.672985300000000564e+00 -6.638061600000000340e+00
5.679407300000000269e+00 -6.644312600000000124e+00
5.685875200000000795e+00 -6.650516099999999931e+00
5.692388600000000132e+00 -6.656671799999999806e+00
5.698947100000000709e+00 -6.662779400000000685e+00
5.705550500000000191e+00 -6.668838499999999669e+00
5.712198199999999559e+00 -6.674848799999999471e+00
5.718890099999999421e+00 -6.680810099999999530e+00
5.725625599999999871e+00 -6.686721899999999330e+00
5.732404499999999459e+00 -6.692583899999999808e+00
5.739226399999999728e+00 -6.698395900000000402e+00
5.746090900000000445e+00 -6.704157499999999992e+00
5.752997599999999601e+00 -6.709868300000000119e+00
5.759946199999999905e+00 -6.715528199999999615e+00
5.766936199999999957e+00 -6.721136800000000022e+00
5.773967400000000083e+00 -6.726693700000000220e+00
5.781039300000000658e+00 -6.732198699999999647e+00
5.788151599999999952e+00 -6.737651500000000127e+00
5.795303800000000116e+00 -6.743051799999999929e+00
5.802495500000000028e+00 -6.748399299999999990e+00
5.809726500000000016e+00 -6.753693599999999186e+00
6.332059600000000010e+00 -7.133190899999999779e+00
7.367706199999999761e+00 -7.505368199999999490e+00
7.375700000000000145e+00 -7.508218099999999673e+00
7.383708099999999774e+00 -7.511027600000000248e+00
7.391730299999999865e+00 -7.513796600000000048e+00
7.399766400000000743e+00 -7.516525099999999959e+00
7.407816099999999793e+00 -7.519212900000000310e+00
7.415879399999999677e+00 -7.521860099999999605e+00
7.423955900000000163e+00 -7.524466500000000835e+00
7.432045399999999802e+00 -7.527032000000000167e+00
7.440147800000000089e+00 -7.529556600000000266e+00
7.448262899999999576e+00 -7.532040299999999355e+00
7.456390400000000085e+00 -7.534482999999999819e+00
7.464530100000000168e+00 -7.536884500000000209e+00
7.472681899999999544e+00 -7.539245000000000196e+00
7.480845500000000037e+00 -7.541564199999999829e+00
7.489020700000000197e+00 -7.543842099999999995e+00
7.497207300000000352e+00 -7.546078699999999806e+00
7.505405099999999941e+00 -7.548273899999999870e+00
7.513613900000000179e+00 -7.550427700000000186e+00
7.521833499999999617e+00 -7.552539999999999587e+00
7.530063600000000079e+00 -7.554610800000000737e+00
7.538304100000000396e+00 -7.556639900000000409e+00
7.546554699999999727e+00 -7.558627400000000662e+00
7.554815300000000455e+00 -7.560573199999999439e+00
7.563085500000000572e+00 -7.562477200000000011e+00
7.571365300000000076e+00 -7.564339499999999994e+00
7.579654400000000791e+00 -7.566159899999999716e+00
7.587952599999999492e+00 -7.567938400000000065e+00
7.596259699999999171e+00 -7.569674899999999873e+00
7.604575399999999874e+00 -7.571369499999999420e+00
7.612899599999999545e+00 -7.573021999999999920e+00
7.621232000000000006e+00 -7.574632499999999879e+00
7.629572500000000090e+00 -7.576200799999999624e+00
7.637920799999999844e+00 -7.577726999999999435e+00
7.646276600000000201e+00 -7.579210999999999920e+00
7.654639900000000274e+00 -7.580652800000000191e+00
7.663010400000000111e+00 -7.582052299999999967e+00
7.671387800000000645e+00 -7.583409500000000136e+00
7.679771899999999540e+00 -7.584724399999999811e+00
7.688162600000000069e+00 -7.585996900000000487e+00
7.696559599999999612e+00 -7.587226999999999499e+00
7.704962700000000275e+00 -7.588414600000000121e+00
7.713371699999999720e+00 -7.589559799999999967e+00
7.721786400000000050e+00 -7.590662599999999927e+00
7.730206600000000705e+00 -7.591722700000000046e+00
7.738631999999999955e+00 -7.592740399999999390e+00
7.747062399999999904e+00 -7.593715500000000063e+00
7.755497700000000272e+00 -7.594647900000000007e+00
7.763937499999999936e+00 -7.595537799999999784e+00
7.772381799999999785e+00 -7.596385000000000609e+00
7.780830200000000474e+00 -7.597189500000000706e+00
7.789282500000000553e+00 -7.597951300000000074e+00
7.797738700000000023e+00 -7.598670499999999883e+00
7.806198300000000145e+00 -7.599346899999999572e+00
7.814661199999999752e+00 -7.599980500000000028e+00
7.823127300000000339e+00 -7.600571500000000036e+00
7.831596199999999897e+00 -7.601119599999999643e+00
7.840067799999999920e+00 -7.601624900000000018e+00
7.848541799999999569e+00 -7.602087499999999665e+00
7.857018000000000058e+00 -7.602507199999999798e+00
7.865496300000000218e+00 -7.602884099999999812e+00
7.873976300000000705e+00 -7.603218200000000593e+00
7.882457999999999743e+00 -7.603509400000000085e+00
7.890940999999999761e+00 -7.603757800000000344e+00
7.899425100000000199e+00 -7.603963300000000203e+00
7.907910199999999890e+00 -7.604125999999999941e+00
7.916395999999999766e+00 -7.604245799999999278e+00
7.924882300000000157e+00 -7.604322699999999990e+00
7.933368800000000221e+00 -7.604356799999999694e+00
7.941855499999999957e+00 -7.604347999999999885e+00
7.950341900000000628e+00 -7.604296299999999675e+00
7.958828000000000458e+00 -7.604201800000000233e+00
7.967313600000000662e+00 -7.604064400000000390e+00
7.975798300000000118e+00 -7.603884100000000146e+00
7.984282000000000323e+00 -7.603660999999999781e+00
7.992764499999999828e+00 -7.603395000000000792e+00
8.001245499999999566e+00 -7.603086100000000513e+00
8.009724800000000755e+00 -7.602734499999999507e+00
8.018202300000000449e+00 -7.602339999999999876e+00
8.026677599999999302e+00 -7.601902600000000731e+00
8.035150700000000867e+00 -7.601422499999999971e+00
8.043621200000000471e+00 -7.600899599999999978e+00
8.052088899999999327e+00 -7.600333899999999865e+00
8.060553699999999822e+00 -7.599725400000000519e+00
8.069015300000000224e+00 -7.599074200000000445e+00
8.077473499999999973e+00 -7.598380199999999363e+00
8.085928100000000285e+00 -7.597643500000000216e+00
8.094378899999998822e+00 -7.596864199999999734e+00
8.102825600000000961e+00 -7.596042100000000019e+00
8.111268100000000203e+00 -7.595177399999999857e+00
8.119706100000000148e+00 -7.594270000000000742e+00
8.128139400000000236e+00 -7.593320099999999684e+00
8.136567799999999906e+00 -7.592327500000000562e+00
8.144991100000000372e+00 -7.591292400000000384e+00
8.153408999999999907e+00 -7.590214700000000647e+00
8.161821399999999116e+00 -7.589094499999999854e+00
8.170227999999999824e+00 -7.587931899999999175e+00
8.178628599999999693e+00 -7.586726800000000104e+00
8.187023100000001108e+00 -7.585479300000000258e+00
8.195411099999999394e+00 -7.584189400000000525e+00
8.203792499999998711e+00 -7.582857100000000017e+00
8.212167100000000275e+00 -7.581482499999999902e+00
8.220534600000000580e+00 -7.580065600000000181e+00
8.228894899999998458e+00 -7.578606500000000246e+00
8.237247599999999892e+00 -7.577105099999999815e+00
8.245592699999999553e+00 -7.575561600000000340e+00
8.253929899999999265e+00 -7.573976000000000042e+00
8.262259000000000242e+00 -7.572348200000000418e+00
8.270579700000000756e+00 -7.570678399999999364e+00
8.278891900000001414e+00 -7.568966599999999545e+00
8.287195399999999879e+00 -7.567212800000000072e+00
8.295489799999998581e+00 -7.565417099999999451e+00
8.303775100000001075e+00 -7.563579499999999456e+00
8.312051100000001469e+00 -7.561700100000000369e+00
8.320317400000000418e+00 -7.559778900000000412e+00
8.328573899999998531e+00 -7.557815999999999867e+00
8.336820400000000575e+00 -7.555811399999999622e+00
8.345056599999999492e+00 -7.553765199999999957e+00
8.353282399999999441e+00 -7.551677300000000592e+00
8.361497599999999863e+00 -7.549547999999999703e+00
8.369701900000000805e+00 -7.547377199999999675e+00
8.377895099999999928e+00 -7.545164899999999619e+00
8.386076999999998449e+00 -7.542911300000000097e+00
8.394247499999998752e+00 -7.540616400000000219e+00
8.402406300000000883e+00 -7.538280300000000267e+00
8.410553099999999560e+00 -7.535903000000000240e+00
8.418687900000000113e+00 -7.533484499999999251e+00
8.426810299999999643e+00 -7.531024999999999636e+00
8.434920200000000534e+00 -7.528524500000000508e+00
8.443017299999999281e+00 -7.525983000000000089e+00
8.451101599999999436e+00 -7.523400699999999830e+00
8.459172600000000486e+00 -7.520777600000000618e+00
8.467230299999998877e+00 -7.518113699999999788e+00
8.475274499999999378e+00 -7.515409199999999679e+00
8.483304899999998483e+00 -7.512664000000000009e+00
8.491321299999999184e+00 -7.509878399999999843e+00
8.499323600000000312e+00 -7.507052300000000677e+00
8.507311400000000745e+00 -7.504185699999999848e+00
8.515284700000000484e+00 -7.501278899999999972e+00
8.523243200000001352e+00 -7.498331799999999880e+00
8.531186700000001011e+00 -7.495344600000000135e+00
8.539114999999998901e+00 -7.492317299999999847e+00
8.547028000000000958e+00 -7.489250000000000185e+00
8.554925300000000732e+00 -7.486142700000000261e+00
8.562806800000000607e+00 -7.482995600000000636e+00
8.570672399999999413e+00 -7.479808699999999533e+00
8.578521699999999583e+00 -7.476582099999999897e+00
8.586354599999999948e+00 -7.473315899999999345e+00
8.594171000000001115e+00 -7.470010199999999934e+00
8.601970500000000186e+00 -7.466664999999999885e+00
8.609753100000000714e+00 -7.463280499999999762e+00
8.617518400000001577e+00 -7.459856700000000451e+00
8.625266400000000999e+00 -7.456393699999999569e+00
8.632996699999999635e+00 -7.452891600000000061e+00
8.640709300000001036e+00 -7.449350499999999542e+00
8.648403899999999922e+00 -7.445770500000000069e+00
8.656080299999999284e+00 -7.442151700000000147e+00
8.663738300000000336e+00 -7.438494200000000056e+00
8.671377699999998967e+00 -7.434797999999999796e+00
8.678998400000001112e+00 -7.431063299999999927e+00
8.686600099999999713e+00 -7.427290100000000450e+00
8.694182699999998931e+00 -7.423478499999999869e+00
8.701745900000000589e+00 -7.419628700000000521e+00
8.709289500000000572e+00 -7.415740800000000021e+00
8.716813500000000658e+00 -7.411814800000000147e+00
8.724317499999999725e+00 -7.407850800000000291e+00
8.731801299999998989e+00 -7.403849000000000125e+00
8.739264900000000225e+00 -7.399809499999999929e+00
8.746707999999999927e+00 -7.395732200000000311e+00
8.754130399999999312e+00 -7.391617500000000618e+00
8.761531800000000203e+00 -7.387465299999999679e+00
8.768912300000000215e+00 -7.383275700000000441e+00
8.776271399999998835e+00 -7.379048899999999911e+00
8.783609200000000783e+00 -7.374785000000000146e+00
8.790925200000000217e+00 -7.370484099999999650e+00
8.798219500000000082e+00 -7.366146300000000480e+00
8.805491800000000424e+00 -7.361771700000000251e+00
8.812741799999999515e+00 -7.357360399999999245e+00
8.819969499999999130e+00 -7.352912599999999799e+00
8.827174699999998708e+00 -7.348428299999999247e+00
8.834357100000000074e+00 -7.343907599999999647e+00
8.841516499999999112e+00 -7.339350800000000064e+00
8.848652899999999377e+00 -7.334757800000000216e+00
8.855765899999999746e+00 -7.330128800000000666e+00
8.862855500000000220e+00 -7.325464000000000198e+00
8.869921399999999068e+00 -7.320763399999999699e+00
8.876963500000000451e+00 -7.316027100000000338e+00
8.883981599999998480e+00 -7.311255400000000293e+00
8.890975499999999698e+00 -7.306448300000000451e+00
8.897944999999999993e+00 -7.301605799999999924e+00
8.904889999999999972e+00 -7.296728299999999834e+00
8.911810199999999682e+00 -7.291815699999999900e+00
8.918705499999999731e+00 -7.286868300000000076e+00
8.925575800000000726e+00 -7.281886000000000081e+00
8.932420799999999161e+00 -7.276869200000000149e+00
8.939240299999999806e+00 -7.271817799999999998e+00
8.946034299999999106e+00 -7.266732000000000191e+00
8.952802500000000663e+00 -7.261612000000000400e+00
8.959544700000000361e+00 -7.256457799999999736e+00
8.966260800000000586e+00 -7.251269699999999929e+00
8.972950600000000776e+00 -7.246047700000000091e+00
8.979613999999999763e+00 -7.240791900000000503e+00
8.986250700000001146e+00 -7.235502600000000228e+00
8.992860600000000204e+00 -7.230179800000000157e+00
8.999443499999999929e+00 -7.224823699999999960e+00
9.005999299999999153e+00 -7.219434399999999918e+00
9.012527799999999090e+00 -7.214012099999999705e+00
9.019028799999999180e+00 -7.208556800000000209e+00
9.025502200000000030e+00 -7.203068799999999605e+00
9.031947699999999912e+00 -7.197548099999999671e+00
9.038365299999998825e+00 -7.191994999999999472e+00
9.044754799999999761e+00 -7.186409499999999895e+00
9.051116000000000383e+00 -7.180791799999999725e+00
9.057448700000000130e+00 -7.175142000000000131e+00
9.063752799999999610e+00 -7.169460400000000178e+00
9.070028100000000038e+00 -7.163746900000000473e+00
9.076274400000000853e+00 -7.158001800000000081e+00
9.082491700000000279e+00 -7.152225300000000452e+00
9.088679700000000139e+00 -7.146417400000000697e+00
9.094838299999999265e+00 -7.140578300000000489e+00
9.100967300000000648e+00 -7.134708200000000389e+00
9.107066599999999568e+00 -7.128807199999999789e+00
9.113136000000000791e+00 -7.122875500000000137e+00
9.119175300000000206e+00 -7.116913199999999939e+00
9.125184499999999588e+00 -7.110920400000000363e+00
9.131163300000000760e+00 -7.104897399999999585e+00
9.137111600000000777e+00 -7.098844199999999383e+00
9.143029200000000856e+00 -7.092761099999999708e+00
9.148916100000000995e+00 -7.086648199999999953e+00
9.154771900000000073e+00 -7.080505600000000399e+00
9.160596699999999259e+00 -7.074333499999999830e+00
9.166390299999999769e+00 -7.068131999999999415e+00
9.172152400000001649e+00 -7.061901399999999995e+00
9.177882999999999569e+00 -7.055641699999999794e+00
9.183581900000000076e+00 -7.049353199999999653e+00
9.189248900000000830e+00 -7.043035899999999572e+00
9.194884000000000057e+00 -7.036690199999999784e+00
9.200486899999999579e+00 -7.030316000000000010e+00
9.206057599999999397e+00 -7.023913600000000201e+00
9.211595799999999556e+00 -7.017483100000000640e+00
9.217101500000000058e+00 -7.011024800000000390e+00
9.222574500000000342e+00 -7.004538700000000340e+00
9.228014699999999237e+00 -6.998025099999999554e+00
9.233421899999999738e+00 -6.991484000000000698e+00
9.238796000000000674e+00 -6.984915799999999564e+00
9.244136799999999710e+00 -6.978320399999999424e+00
9.249444199999999228e+00 -6.971698199999999623e+00
9.254718199999999229e+00 -6.965049200000000162e+00
9.259958499999999759e+00 -6.958373700000000106e+00
9.265164900000000259e+00 -6.951671799999999735e+00
9.270337500000000119e+00 -6.944943699999999609e+00
9.275476000000001164e+00 -6.938189599999999402e+00
9.280580300000000449e+00 -6.931409500000000001e+00
9.285650399999999749e+00 -6.924603799999999865e+00
9.290685899999999720e+00 -6.917772600000000160e+00
9.295686899999999753e+00 -6.910915900000000001e+00
9.300653200000001064e+00 -6.904034199999999899e+00
8.497006299999998902e+00 -6.320150499999999560e+00
8.495035900000001305e+00 -6.318746199999999646e+00
8.493040099999999981e+00 -6.317377999999999716e+00
8.491019700000000725e+00 -6.316046500000000563e+00
8.488975399999999283e+00 -6.314752099999999757e+00
8.486907800000000890e+00 -6.313495200000000196e+00
8.484817599999999516e+00 -6.312276200000000337e+00
8.482705499999999788e+00 -6.311095500000000413e+00
8.480572200000001004e+00 -6.309953600000000051e+00
8.478418500000000080e+00 -6.308850800000000092e+00
8.476245000000000474e+00 -6.307787400000000488e+00
8.474052399999999707e+00 -6.306763899999999978e+00
8.471841500000000025e+00 -6.305780600000000291e+00
8.469613100000000117e+00 -6.304837700000000211e+00
8.467367799999999889e+00 -6.303935700000000253e+00
8.465106499999999201e+00 -6.303074800000000089e+00
8.462829799999999736e+00 -6.302255299999999671e+00
8.460538599999999576e+00 -6.301477399999999562e+00
8.458233500000000404e+00 -6.300741499999999995e+00
8.455915400000000304e+00 -6.300047800000000642e+00
8.453584999999998573e+00 -6.299396499999999399e+00
8.451243200000000400e+00 -6.298787800000000381e+00
8.448890600000000362e+00 -6.298221899999999707e+00
8.446528100000000094e+00 -6.297698999999999714e+00
8.444156400000000673e+00 -6.297219300000000075e+00
8.441776400000000180e+00 -6.296783000000000463e+00
8.439388800000001467e+00 -6.296390199999999382e+00
8.436994500000000841e+00 -6.296040999999999777e+00
8.434594099999999983e+00 -6.295735500000000151e+00
8.432188599999999923e+00 -6.295473900000000178e+00
8.429778799999999350e+00 -6.295256199999999858e+00
8.427365299999999948e+00 -6.295082500000000358e+00
8.424949099999999191e+00 -6.294952799999999904e+00
8.422531000000001100e+00 -6.294867299999999943e+00
8.420111600000000251e+00 -6.294825900000000196e+00
8.417691899999999450e+00 -6.294828700000000055e+00
8.415272699999999162e+00 -6.294875499999999846e+00
8.412854700000000463e+00 -6.294966599999999524e+00
8.410438799999999659e+00 -6.295101700000000022e+00
8.408025799999998995e+00 -6.295280800000000454e+00
8.405616400000001320e+00 -6.295504000000000211e+00
8.403211499999999390e+00 -6.295771099999999620e+00
8.400811900000000776e+00 -6.296082000000000178e+00
8.398418400000000617e+00 -6.296436599999999828e+00
8.396031699999999987e+00 -6.296834899999999458e+00
8.393652700000000522e+00 -6.297276600000000002e+00
8.391282099999999744e+00 -6.297761699999999685e+00
8.388920799999999289e+00 -6.298289899999999442e+00
8.386569500000000232e+00 -6.298861099999999880e+00
8.384228999999999488e+00 -6.299475099999999550e+00
8.381900100000001075e+00 -6.300131699999999668e+00
8.379583600000000132e+00 -6.300830700000000562e+00
8.377280199999999510e+00 -6.301571799999999612e+00
8.374990699999999677e+00 -6.302354900000000093e+00
8.372715899999999323e+00 -6.303179599999999994e+00
8.370456499999999522e+00 -6.304045600000000249e+00
8.368213299999998966e+00 -6.304952699999999410e+00
8.365986999999998730e+00 -6.305900600000000189e+00
8.363778399999999280e+00 -6.306888999999999967e+00
8.361588199999999915e+00 -6.307917400000000008e+00
8.359417099999999934e+00 -6.308985700000000030e+00
8.357265799999998634e+00 -6.310093399999999519e+00
8.355135100000000037e+00 -6.311240200000000300e+00
8.353025699999999887e+00 -6.312425599999999193e+00
8.350938299999999259e+00 -6.313649299999999798e+00
8.348873499999999837e+00 -6.314910900000000105e+00
8.346832100000000310e+00 -6.316209999999999880e+00
8.344814799999999977e+00 -6.317546099999999498e+00
8.342822099999999352e+00 -6.318918800000000502e+00
8.340854900000000072e+00 -6.320327599999999713e+00
8.338913599999999704e+00 -6.321772000000000169e+00
8.336999100000001661e+00 -6.323251700000000142e+00
8.335111799999999960e+00 -6.324765999999999444e+00
8.333252500000000396e+00 -6.326314500000000507e+00
8.331421799999999322e+00 -6.327896599999999871e+00
8.329620199999999031e+00 -6.329511900000000857e+00
8.327848400000000595e+00 -6.331159800000000004e+00
8.326106900000000977e+00 -6.332839799999999464e+00
8.324396399999999474e+00 -6.334551199999999938e+00
8.322717400000000154e+00 -6.336293600000000303e+00
8.321070499999999370e+00 -6.338066300000000375e+00
8.319456200000001189e+00 -6.339868700000000246e+00
8.317875000000000796e+00 -6.341700300000000290e+00
8.316327499999999873e+00 -6.343560499999999713e+00
8.314814200000000710e+00 -6.345448500000000713e+00
8.313335600000000269e+00 -6.347363900000000392e+00
8.311892200000000841e+00 -6.349305900000000058e+00
8.310484500000001162e+00 -6.351273899999999806e+00
8.309112900000000579e+00 -6.353267300000000617e+00
8.307777899999999605e+00 -6.355285399999999640e+00
8.306479900000001138e+00 -6.357327500000000242e+00
8.305219400000000363e+00 -6.359392899999999571e+00
8.303996800000000178e+00 -6.361480999999999497e+00
8.302812499999999929e+00 -6.363591099999999834e+00
8.301666900000000737e+00 -6.365722399999999226e+00
8.300560400000000172e+00 -6.367874200000000151e+00
8.299493299999999962e+00 -6.370045900000000039e+00
8.298466000000001230e+00 -6.372236700000000198e+00
8.297478800000000376e+00 -6.374445800000000162e+00
8.296532199999999690e+00 -6.376672600000000024e+00
8.295626200000000949e+00 -6.378916300000000206e+00
8.294761399999998730e+00 -6.381176199999999632e+00
8.293938000000000699e+00 -6.383451500000000500e+00
8.293156200000000311e+00 -6.385741399999999679e+00
8.292416300000001073e+00 -6.388045100000000254e+00
8.291718599999999384e+00 -6.390361999999999654e+00
8.291063199999999966e+00 -6.392691300000000076e+00
8.290450500000000389e+00 -6.395032100000000774e+00
8.289880499999998875e+00 -6.397383700000000673e+00
8.289353600000000100e+00 -6.399745299999999304e+00
8.288869800000000509e+00 -6.402116099999999754e+00
8.288429400000000058e+00 -6.404495400000000060e+00
8.288032400000000521e+00 -6.406882300000000363e+00
8.287679100000000076e+00 -6.409276000000000195e+00
8.287369500000000500e+00 -6.411675800000000258e+00
8.287103699999999407e+00 -6.414080900000000085e+00
8.286881799999999743e+00 -6.416490399999999816e+00
8.286704000000000292e+00 -6.418903500000000761e+00
8.286570100000000494e+00 -6.421319499999999181e+00
8.286480400000000301e+00 -6.423737500000000544e+00
8.286434899999999715e+00 -6.426156799999999336e+00
8.286433399999999949e+00 -6.428576399999999857e+00
8.286476099999999789e+00 -6.430995700000000426e+00
8.286562999999999235e+00 -6.433413899999999686e+00
8.286693899999999502e+00 -6.435830000000000162e+00
8.286868899999999982e+00 -6.438243400000000172e+00
8.287087900000001284e+00 -6.440653100000000464e+00
8.287350800000000461e+00 -6.443058500000000244e+00
8.287657600000001068e+00 -6.445458600000000260e+00
8.382734000000001018e+00 -7.138971800000000201e+00
0.000000000000000000e+00 1.271297827152669535e-01
1.308996938995747039e-01 1.271297827152669535e-01
2.617993877991494078e-01 1.271297827152669535e-01
3.926990816987241950e-01 1.271297827152669535e-01
5.235987755982988157e-01 1.271297827152669535e-01
6.544984694978734918e-01 1.271297827152669535e-01
7.853981633974481680e-01 1.271297827152669535e-01
9.162978572970228441e-01 1.271297827152669535e-01
1.047197551196597631e+00 1.271297827152669535e-01
1.178097245096172418e+00 1.271297827152669535e-01
1.308996938995746984e+00 1.271297827152669535e-01
1.439896632895321771e+00 1.271297827152669535e-01
1.570796326794896558e+00 1.271297827152669535e-01
1.701696020694471123e+00 1.271297827152669535e-01
1.832595714594045910e+00 1.271297827152669535e-01
1.963495408493620475e+00 1.271297827152669535e-01
2.094395102393195263e+00 1.271297827152669535e-01
2.225294796292769828e+00 1.271297827152669535e-01
2.356194490192344837e+00 1.271297827152669535e-01
2.487094184091919402e+00 1.271297827152669535e-01
2.617993877991493967e+00 1.271297827152669535e-01
2.748893571891068976e+00 1.271297827152669535e-01
2.879793265790643542e+00 1.271297827152669535e-01
3.010692959690218107e+00 1.271297827152669535e-01
3.141592653589793116e+00 1.271297827152669535e-01
-3.010692959690218995e+00 1.271297827152669535e-01
-2.879793265790644430e+00 1.271297827152669535e-01
-2.748893571891069865e+00 1.271297827152669535e-01
-2.617993877991494855e+00 1.271297827152669535e-01
-2.487094184091919846e+00 1.271297827152669535e-01
-2.356194490192345281e+00 1.271297827152669535e-01
-2.225294796292770716e+00 1.271297827152669535e-01
-2.094395102393196151e+00 1.271297827152669535e-01
-1.963495408493621364e+00 1.271297827152669535e-01
-1.832595714594046798e+00 1.271297827152669535e-01
-1.701696020694472233e+00 1.271297827152669535e-01
-1.570796326794896780e+00 1.271297827152669535e-01
-1.439896632895322215e+00 1.271297827152669535e-01
-1.308996938995747650e+00 1.271297827152669535e-01
-1.178097245096173085e+00 1.271297827152669535e-01
-1.047197551196598519e+00 1.271297827152669535e-01
-9.162978572970239544e-01 1.271297827152669535e-01
-7.853981633974485010e-01 1.271297827152669535e-01
-6.544984694978739359e-01 1.271297827152669535e-01
-5.235987755982993708e-01 1.271297827152669535e-01
-3.926990816987248056e-01 1.271297827152669535e-01
-2.617993877991502405e-01 1.271297827152669535e-01
-1.308996938995757031e-01 1.271297827152669535e-01
