# Cls = PFC
# Exp = NSTX
# Name = BumperOutter04
4.300000000000000000e+01 0.000000000000000000e+00
1.307500000000000000e+02 3.614843799999999874e+02
1.307498400000000061e+02 3.608124900000000252e+02
1.396912499999999966e+02 3.481523400000000379e+02
1.403748500000000092e+02 3.481563400000000570e+02
1.403748500000000092e+02 3.488282200000000444e+02
1.399099999999999966e+02 3.488282200000000444e+02
1.399099999999999966e+02 3.494883700000000317e+02
1.394336900000000981e+02 3.494883700000000317e+02
1.394336900000000981e+02 3.501524300000000380e+02
1.389688500000000886e+02 3.501524300000000380e+02
1.389688500000000886e+02 3.508243200000000570e+02
1.384922800000000791e+02 3.508243200000000570e+02
1.384922800000000791e+02 3.514883700000000317e+02
1.380274400000000696e+02 3.514883700000000317e+02
1.380274400000000696e+02 3.521485300000000507e+02
1.375508700000000601e+02 3.521485300000000507e+02
1.375508700000000601e+02 3.528243100000000254e+02
1.370860300000000507e+02 3.528203100000000063e+02
1.370860300000000507e+02 3.534843700000000126e+02
1.366094600000000412e+02 3.534843700000000126e+02
1.366094600000000412e+02 3.541562500000000000e+02
1.361446200000000317e+02 3.541562500000000000e+02
1.361406200000000410e+02 3.548203100000000063e+02
1.356679700000000537e+02 3.548203100000000063e+02
1.356679700000000537e+02 3.554804700000000253e+02
1.351992200000000537e+02 3.554804700000000253e+02
1.351992200000000537e+02 3.561562500000000000e+02
1.347265600000000632e+02 3.561562500000000000e+02
1.347265600000000632e+02 3.568164100000000190e+02
1.342578100000000632e+02 3.568164100000000190e+02
1.342578100000000632e+02 3.574804700000000253e+02
1.337812500000000568e+02 3.574804700000000253e+02
1.337812500000000568e+02 3.581523400000000379e+02
1.333164100000000474e+02 3.581523400000000379e+02
1.333164100000000474e+02 3.588164000000000442e+02
1.328398400000000379e+02 3.588164000000000442e+02
1.328398400000000379e+02 3.594882800000000316e+02
1.323750000000000284e+02 3.594882800000000316e+02
1.323750000000000284e+02 3.601523500000000126e+02
1.318984300000000189e+02 3.601523500000000126e+02
1.318984300000000189e+02 3.608125000000000000e+02
1.314335900000000095e+02 3.608125000000000000e+02
1.314335900000000095e+02 3.614843799999999874e+02
