# Cls = Ves
# Exp = ITER
# Name = Cryostat
1.600000000000000000e+01 0.000000000000000000e+00
0.000000000000000000e+00 1.527719974517822266e+01
0.000000000000000000e+00 -1.250500011444091797e+01
9.760000228881835938e+00 -1.250500011444091797e+01
9.760000228881835938e+00 -7.312500000000000000e+00
1.425000000000000000e+01 -7.312500000000000000e+00
1.425000000000000000e+01 1.192020034790039062e+01
1.423169994354248047e+01 1.213570022583007812e+01
1.417749977111816406e+01 1.234500026702880859e+01
1.404570007324218750e+01 1.261400032043457031e+01
1.385499954223632812e+01 1.284500026702880859e+01
1.370839977264404297e+01 1.296580028533935547e+01
1.354549980163574219e+01 1.306350040435791016e+01
1.336999988555908203e+01 1.313609981536865234e+01
9.314999580383300781e+00 1.443570041656494141e+01
6.164999961853027344e+00 1.510589981079101562e+01
5.039999961853027344e+00 1.527719974517822266e+01
