# Cls = Ves
# Exp = ITER
# Name = InnerV0
1.350000000000000000e+02 0.000000000000000000e+00
3.539599895477294922e+00 3.070000000298023224e-02
3.539599895477294922e+00 -1.665000021457672119e-01
3.539599895477294922e+00 -3.635999858379364014e-01
3.539599895477294922e+00 -5.606999993324279785e-01
3.539599895477294922e+00 -7.578999996185302734e-01
3.539599895477294922e+00 -9.549999833106994629e-01
3.539599895477294922e+00 -1.152099967002868652e+00
3.539599895477294922e+00 -1.349300026893615723e+00
3.539599895477294922e+00 -1.546399950981140137e+00
3.539599895477294922e+00 -1.743499994277954102e+00
3.539599895477294922e+00 -1.940700054168701172e+00
3.539599895477294922e+00 -2.137799978256225586e+00
3.539599895477294922e+00 -2.334899902343750000e+00
3.539599895477294922e+00 -2.532099962234497070e+00
3.539599895477294922e+00 -2.729199886322021484e+00
3.539599895477294922e+00 -2.926399946212768555e+00
3.539599895477294922e+00 -3.123500108718872070e+00
3.539599895477294922e+00 -3.320600032806396484e+00
3.539599895477294922e+00 -3.517800092697143555e+00
3.551599979400634766e+00 -3.714799880981445312e+00
3.587699890136718750e+00 -3.908799886703491211e+00
3.647200107574462891e+00 -4.097000122070312500e+00
3.729300022125244141e+00 -4.276500225067138672e+00
3.832700014114379883e+00 -4.444600105285644531e+00
3.955800056457519531e+00 -4.598899841308593750e+00
4.096899986267089844e+00 -4.736899852752685547e+00
4.253799915313720703e+00 -4.856699943542480469e+00
4.424200057983398438e+00 -4.956399917602539062e+00
4.605400085449218750e+00 -5.034500122070312500e+00
4.794899940490722656e+00 -5.089900016784667969e+00
4.989699840545654297e+00 -5.121699810028076172e+00
5.186900138854980469e+00 -5.129499912261962891e+00
5.375299930572509766e+00 -5.118299961090087891e+00
5.562300205230712891e+00 -5.093100070953369141e+00
5.746900081634521484e+00 -5.053999900817871094e+00
5.928100109100341797e+00 -5.001299858093261719e+00
6.104800224304199219e+00 -4.935200214385986328e+00
6.276199817657470703e+00 -4.856100082397460938e+00
6.441100120544433594e+00 -4.764500141143798828e+00
6.598800182342529297e+00 -4.660799980163574219e+00
6.748300075531005859e+00 -4.545599937438964844e+00
6.888800144195556641e+00 -4.419600009918212891e+00
7.019499778747558594e+00 -4.283500194549560547e+00
7.139599800109863281e+00 -4.138000011444091797e+00
7.248600006103515625e+00 -3.983999967575073242e+00
7.345799922943115234e+00 -3.822200059890747070e+00
7.430699825286865234e+00 -3.653599977493286133e+00
7.510200023651123047e+00 -3.479899883270263672e+00
7.589600086212158203e+00 -3.306200027465820312e+00
7.669099807739257812e+00 -3.132499933242797852e+00
7.748600006103515625e+00 -2.958800077438354492e+00
7.828000068664550781e+00 -2.785099983215332031e+00
7.907499790191650391e+00 -2.611399888992309570e+00
7.986999988555908203e+00 -2.437700033187866211e+00
8.066499710083007812e+00 -2.263999938964843750e+00
8.145899772644042969e+00 -2.090300083160400391e+00
8.225399971008300781e+00 -1.916599988937377930e+00
8.304900169372558594e+00 -1.742799997329711914e+00
8.384400367736816406e+00 -1.569100022315979004e+00
8.463800430297851562e+00 -1.395400047302246094e+00
8.543299674987792969e+00 -1.221699953079223633e+00
8.622799873352050781e+00 -1.047999978065490723e+00
8.702300071716308594e+00 -8.743000030517578125e-01
8.781700134277343750e+00 -7.006000280380249023e-01
8.846799850463867188e+00 -5.411000251770019531e-01
8.898500442504882812e+00 -3.768000006675720215e-01
8.936400413513183594e+00 -2.088000029325485229e-01
8.960200309753417969e+00 -3.819999843835830688e-02
8.974399566650390625e+00 1.357000023126602173e-01
8.983200073242187500e+00 3.100000023841857910e-01
8.986499786376953125e+00 4.844999909400939941e-01
8.984399795532226562e+00 6.589999794960021973e-01
8.976799964904785156e+00 8.332999944686889648e-01
8.963800430297851562e+00 1.007300019264221191e+00
8.945300102233886719e+00 1.180899977684020996e+00
8.916600227355957031e+00 1.367900013923645020e+00
8.876399993896484375e+00 1.552899956703186035e+00
8.824899673461914062e+00 1.735100030899047852e+00
8.761899948120117188e+00 1.921599984169006348e+00
8.691800117492675781e+00 2.105600118637084961e+00
8.614500045776367188e+00 2.286700010299682617e+00
8.530200004577636719e+00 2.464699983596801758e+00
8.439100265502929688e+00 2.639300107955932617e+00
8.341300010681152344e+00 2.810199975967407227e+00
8.237000465393066406e+00 2.977200031280517578e+00
8.126199722290039062e+00 3.140000104904174805e+00
8.009200096130371094e+00 3.298399925231933594e+00
7.886099815368652344e+00 3.452100038528442383e+00
7.757199764251708984e+00 3.600899934768676758e+00
7.622600078582763672e+00 3.744600057601928711e+00
7.482500076293945312e+00 3.882999897003173828e+00
7.337100028991699219e+00 4.015799999237060547e+00
7.186699867248535156e+00 4.142899990081787109e+00
7.031499862670898438e+00 4.263999938964843750e+00
6.871600151062011719e+00 4.379000186920166016e+00
6.715600013732910156e+00 4.486800193786621094e+00
6.559500217437744141e+00 4.594600200653076172e+00
6.403399944305419922e+00 4.702400207519531250e+00
6.247399806976318359e+00 4.810200214385986328e+00
6.091300010681152344e+00 4.918000221252441406e+00
5.923200130462646484e+00 5.019700050354003906e+00
5.743999958038330078e+00 5.100399971008300781e+00
5.556399822235107422e+00 5.158899784088134766e+00
5.363100051879882812e+00 5.194300174713134766e+00
5.166999816894531250e+00 5.206200122833251953e+00
4.970799922943115234e+00 5.194399833679199219e+00
4.777500152587890625e+00 5.158999919891357422e+00
4.589900016784667969e+00 5.100599765777587891e+00
4.410699844360351562e+00 5.019999980926513672e+00
4.242499828338623047e+00 4.918300151824951172e+00
4.087800025939941406e+00 4.797100067138671875e+00
3.948899984359741211e+00 4.658199787139892578e+00
3.827600002288818359e+00 4.503499984741210938e+00
3.726000070571899414e+00 4.335400104522705078e+00
3.645299911499023438e+00 4.156199932098388672e+00
3.586899995803833008e+00 3.968600034713745117e+00
3.551399946212768555e+00 3.775300025939941406e+00
3.539599895477294922e+00 3.579099893569946289e+00
3.539599895477294922e+00 3.381999969482421875e+00
3.539599895477294922e+00 3.184900045394897461e+00
3.539599895477294922e+00 2.987699985504150391e+00
3.539599895477294922e+00 2.790600061416625977e+00
3.539599895477294922e+00 2.593499898910522461e+00
3.539599895477294922e+00 2.396300077438354492e+00
3.539599895477294922e+00 2.199199914932250977e+00
3.539599895477294922e+00 2.002000093460083008e+00
3.539599895477294922e+00 1.804900050163269043e+00
3.539599895477294922e+00 1.607800006866455078e+00
3.539599895477294922e+00 1.410599946975708008e+00
3.539599895477294922e+00 1.213500022888183594e+00
3.539599895477294922e+00 1.016399979591369629e+00
3.539599895477294922e+00 8.191999793052673340e-01
3.539599895477294922e+00 6.220999956130981445e-01
3.539599895477294922e+00 4.250000119209289551e-01
3.539599895477294922e+00 2.277999967336654663e-01
