# Cls = PFC
# Exp = WEST
# Name = CasingLDivV0
6.500000000000000000e+01 1.200000000000000000e+01
2.314999599526747609e+00 -9.883999999999999453e-01
2.314999599526747609e+00 -8.236999999999998767e-01
2.302000211511718852e+00 -8.236999999999998767e-01
2.298999948329273124e+00 -8.206999999999999851e-01
2.298999948329273124e+00 -8.141999999999999238e-01
2.265500044300154059e+00 -8.141999999999999238e-01
2.265673906528474557e+00 -8.699199999999999156e-01
2.262500451497192699e+00 -8.729199999999999182e-01
2.198500236241970551e+00 -8.729199999999999182e-01
2.195499658631264506e+00 -8.699199999999999156e-01
2.195499658631264506e+00 -8.419200000000000017e-01
2.192500065828276945e+00 -8.389199999999999990e-01
2.134500254535523389e+00 -8.389199999999999990e-01
2.131500254535523275e+00 -8.359199999999999964e-01
2.131500254535523275e+00 -7.487999999999999101e-01
2.130500004115935209e+00 -7.477999999999999092e-01
2.111500400911162423e+00 -7.477999999999999092e-01
2.110500324139752415e+00 -7.487999999999999101e-01
2.110500324139752415e+00 -8.072999999999999066e-01
2.107499920177697383e+00 -8.102999999999999092e-01
2.043500342433296701e+00 -8.102999999999999092e-01
2.040499764822579110e+00 -8.072999999999999066e-01
2.040499764822579110e+00 -7.793099999999999472e-01
2.037500172019624856e+00 -7.763099999999999445e-01
1.979500127178071223e+00 -7.763099999999999445e-01
1.976766433017568270e+00 -7.733099999999999419e-01
1.976760524146766729e+00 -7.052999999999999270e-01
1.975500283955434089e+00 -7.042999999999999261e-01
1.940698033892959806e+00 -7.042999999999999261e-01
1.940699596706558783e+00 -6.601999999999998980e-01
1.936200298104769901e+00 -6.581999999999998963e-01
1.879999789288552048e+00 -6.581999999999998963e-01
1.879999789288552048e+00 -6.915449999999999653e-01
1.881951446904515768e+00 -6.949809999999999599e-01
1.884787881800746412e+00 -6.967123046149719112e-01
1.889471664078753221e+00 -6.997539883911934044e-01
1.894046439890229472e+00 -7.029572809000084188e-01
1.898506635575539114e+00 -7.063182794229244665e-01
1.902846817073279961e+00 -7.098328891009635377e-01
1.907061696540851115e+00 -7.134968279236169053e-01
1.911146138796873339e+00 -7.173056319458158692e-01
1.915095167577617996e+00 -7.212546607265604148e-01
1.918903971599816849e+00 -7.253391029825827507e-01
1.922567910422470217e+00 -7.295539824501537929e-01
1.926082520100509177e+00 -7.338941639478947510e-01
1.929443518623425335e+00 -7.383543596332042824e-01
1.932646811132240350e+00 -7.429291354446805329e-01
1.935688494908461843e+00 -7.476129177226872313e-01
1.938564864128943910e+00 -7.524000000000000687e-01
1.941272414380861955e+00 -7.572845499542575354e-01
1.943807846931300487e+00 -7.622606165137476575e-01
1.946168072746249811e+00 -7.673221371078720043e-01
1.948350216254119749e+00 -7.724629450534541419e-01
1.950351618849178958e+00 -7.776767770678930658e-01
1.952169842130658362e+00 -7.829572809000084899e-01
1.953802670873564740e+00 -7.882980230692802071e-01
1.955248115727593161e+00 -7.936924967040531742e-01
1.956504415640842653e+00 -7.991341294691585162e-01
1.957570040005387035e+00 -8.046162915732911758e-01
1.958443690522085001e+00 -8.101323038463895676e-01
1.959124302782357496e+00 -8.156754458771754424e-01
1.959611047565005482e+00 -8.212389642009400026e-01
1.959903331846489127e+00 -8.268160805275999170e-01
1.959966257062860429e+00 -8.356879999999999864e-01
1.959999797996928361e+00 -9.883999999999999453e-01
-1.570796378360930001e+00 2.987126566087999202e-01
-1.047197602762631075e+00 6.477785070076658158e-01
-5.235988271643323699e-01 2.987126566087999202e-01
-5.156603344325105809e-08 6.477785070076658158e-01
5.235987240322652614e-01 2.987126566087999202e-01
1.047197499630564188e+00 6.477785070076658158e-01
1.570796275228863115e+00 2.987126566087999202e-01
2.094395050827162041e+00 6.477785070076658158e-01
2.617993826425460746e+00 2.987126566087999202e-01
3.141592602023759451e+00 6.477785070076658158e-01
-2.617993929557527188e+00 2.987126566087999202e-01
-2.094395153959228484e+00 6.477785070076658158e-01
