# Cls = PFC
# Exp = NSTX
# Name = DivertorLower
4.300000000000000000e+01 0.000000000000000000e+00
1.088085999999999984e+02 3.742460899999999810e+02
1.329961999999999591e+02 3.647149400000001265e+02
1.342696299999999496e+02 3.647149400000001265e+02
1.342696299999999496e+02 3.659258700000001454e+02
1.329961999999999591e+02 3.659258700000001454e+02
1.329961999999999591e+02 3.664219700000001581e+02
1.317227599999999654e+02 3.664219700000001581e+02
1.317227599999999654e+02 3.669180600000001391e+02
1.304493199999999717e+02 3.669180600000001391e+02
1.304493199999999717e+02 3.674258700000001454e+02
1.291758799999999781e+02 3.674258700000001454e+02
1.291758799999999781e+02 3.679219700000001581e+02
1.279024499999999875e+02 3.679219700000001581e+02
1.279024499999999875e+02 3.684297800000001644e+02
1.266329099999999812e+02 3.684297800000001644e+02
1.266329099999999812e+02 3.689258700000001454e+02
1.253594699999999875e+02 3.689258700000001454e+02
1.253554699999999826e+02 3.694336900000001265e+02
1.240859399999999795e+02 3.694336900000001265e+02
1.240859399999999795e+02 3.699297800000001075e+02
1.228124999999999858e+02 3.699297800000001075e+02
1.228124999999999858e+02 3.704376000000000886e+02
1.215390599999999921e+02 3.704376000000000886e+02
1.215390599999999921e+02 3.709336900000000696e+02
1.202656299999999874e+02 3.709336900000000696e+02
1.202656299999999874e+02 3.714297800000000507e+02
1.189921899999999937e+02 3.714297800000000507e+02
1.189921899999999937e+02 3.719376000000000317e+02
1.177187500000000000e+02 3.719376000000000317e+02
1.177187500000000000e+02 3.724375900000000570e+02
1.164453199999999953e+02 3.724375900000000570e+02
1.164453199999999953e+02 3.729415000000000759e+02
1.151718800000000016e+02 3.729415000000000759e+02
1.151718800000000016e+02 3.734375900000000570e+02
1.138984400000000079e+02 3.734375900000000570e+02
1.138984400000000079e+02 3.739454000000000633e+02
1.126289000000000016e+02 3.739454000000000633e+02
1.126289000000000016e+02 3.744454100000000381e+02
1.113515600000000063e+02 3.744454100000000381e+02
1.113515600000000063e+02 3.749493100000000254e+02
1.100820300000000032e+02 3.749493100000000254e+02
1.100820300000000032e+02 3.754493100000000254e+02
1.088085999999999984e+02 3.754453100000000063e+02
