# Cls = PFC
# Exp = DEMO2019
# Name = innerblanket
8.160000000000000000e+02 3.200000000000000000e+01
8.392096999999999696e+00 5.530527900000000052e+00
8.410721699999999856e+00 5.521185400000000243e+00
8.501738300000001303e+00 6.561509799999999615e+00
8.490872500000000045e+00 6.566574099999999525e+00
8.480000000000000426e+00 6.571623999999999910e+00
8.457016799999999890e+00 6.582241299999999740e+00
8.434004000000001611e+00 6.592794299999999552e+00
8.410961799999999045e+00 6.603282699999999394e+00
8.387890299999998689e+00 6.613706699999999827e+00
8.364789699999999328e+00 6.624066000000000010e+00
8.341660199999999747e+00 6.634360599999999941e+00
8.318502000000000507e+00 6.644590400000000230e+00
8.295315199999999223e+00 6.654755399999999987e+00
8.284585499999998603e+00 6.659409099999999526e+00
8.273832300000000473e+00 6.664008499999999557e+00
8.263056100000000015e+00 6.668553399999999520e+00
8.252256900000000783e+00 6.673043800000000303e+00
8.241435199999999739e+00 6.677479400000000176e+00
8.230591200000000995e+00 6.681860300000000308e+00
8.219725200000000953e+00 6.686186199999999857e+00
8.208837400000000173e+00 6.690457099999999713e+00
8.197928199999999777e+00 6.694672899999999593e+00
8.186997800000000325e+00 6.698833500000000107e+00
8.176046400000000602e+00 6.702938699999999805e+00
8.165074499999999347e+00 6.706988400000000183e+00
8.154082199999999503e+00 6.710982600000000353e+00
8.143069800000001024e+00 6.714921200000000034e+00
8.132037600000000310e+00 6.718804000000000443e+00
8.120986000000000260e+00 6.722630900000000409e+00
8.109915100000000265e+00 6.726401899999999934e+00
8.098825299999999672e+00 6.730116799999999344e+00
8.087716900000000209e+00 6.733775599999999528e+00
8.076590100000000660e+00 6.737378099999999925e+00
8.065445200000000980e+00 6.740924299999999647e+00
8.054282500000001122e+00 6.744414100000000190e+00
8.043102299999999261e+00 6.747847399999999496e+00
8.031904799999999511e+00 6.751224099999999950e+00
8.020690499999998835e+00 6.754544100000000384e+00
8.009459399999999007e+00 6.757807300000000517e+00
7.998212099999999936e+00 6.761013600000000068e+00
7.986948599999999843e+00 6.764163099999999318e+00
7.975669299999999851e+00 6.767255500000000090e+00
7.964374600000000193e+00 6.770290799999999720e+00
7.953064599999999373e+00 6.773268899999999704e+00
7.941739800000000571e+00 6.776189800000000041e+00
7.930400300000000513e+00 6.779053399999999563e+00
7.919046400000000041e+00 6.781859499999999485e+00
7.907678500000000277e+00 6.784608200000000089e+00
7.896296900000000285e+00 6.787299400000000205e+00
7.884901700000000346e+00 6.789932900000000160e+00
7.873493400000000086e+00 6.792508799999999347e+00
7.862072299999999458e+00 6.795026899999999870e+00
7.850638499999999631e+00 6.797487199999999952e+00
7.839192399999999950e+00 6.799889699999999593e+00
7.827734300000000367e+00 6.802234200000000008e+00
7.816264499999999948e+00 6.804520700000000311e+00
7.804783300000000423e+00 6.806749200000000499e+00
7.793290999999999968e+00 6.808919600000000294e+00
7.781787800000000033e+00 6.811031799999999414e+00
7.770274099999999962e+00 6.813085699999999356e+00
7.758750100000000316e+00 6.815081499999999792e+00
7.747216199999999553e+00 6.817018899999999881e+00
7.735672700000000290e+00 6.818897899999999623e+00
7.724119800000000424e+00 6.820718499999999906e+00
7.712557799999999908e+00 6.822480599999999562e+00
7.700987099999999863e+00 6.824184299999999759e+00
7.689407899999999962e+00 6.825829300000000543e+00
7.677820500000000159e+00 6.827415799999999813e+00
7.666225199999999518e+00 6.828943699999999950e+00
7.654622400000000049e+00 6.830412900000000676e+00
7.643012200000000256e+00 6.831823299999999932e+00
7.631395099999999765e+00 6.833174999999999777e+00
7.619771300000000025e+00 6.834468000000000210e+00
7.608141100000000101e+00 6.835702100000000669e+00
7.596504900000000227e+00 6.836877300000000268e+00
7.584862799999999794e+00 6.837993700000000175e+00
7.573215199999999925e+00 6.839051200000000108e+00
7.561562399999999684e+00 6.840049800000000069e+00
7.549904699999999913e+00 6.840989400000000664e+00
7.538242499999999957e+00 6.841870000000000118e+00
7.526575900000000097e+00 6.842691600000000207e+00
7.514905300000000565e+00 6.843454099999999762e+00
7.503230999999999540e+00 6.844157699999999345e+00
7.491553200000000245e+00 6.844802099999999889e+00
7.479872400000000532e+00 6.845387500000000180e+00
7.468188800000000072e+00 6.845913799999999938e+00
7.456502599999999426e+00 6.846381000000000050e+00
7.444814299999999996e+00 6.846788999999999348e+00
7.433123999999999398e+00 6.847137899999999888e+00
7.421432099999999643e+00 6.847427699999999895e+00
7.409738900000000683e+00 6.847658299999999976e+00
7.398044600000000415e+00 6.847829800000000411e+00
7.386349699999999352e+00 6.847942100000000032e+00
7.374654300000000440e+00 6.847995300000000007e+00
7.362958800000000359e+00 6.847989300000000057e+00
7.351263499999999951e+00 6.847924100000000180e+00
7.339568700000000057e+00 6.847799799999999770e+00
7.327874700000000630e+00 6.847616299999999434e+00
7.316181700000000454e+00 6.847373700000000341e+00
7.304490099999999764e+00 6.847071899999999545e+00
7.292800199999999400e+00 6.846710999999999991e+00
7.281112300000000204e+00 6.846290899999999624e+00
7.269426600000000072e+00 6.845811800000000780e+00
7.257743499999999237e+00 6.845273500000000233e+00
7.246063299999999430e+00 6.844676100000000041e+00
7.234386200000000322e+00 6.844019699999999595e+00
7.222712699999999764e+00 6.843304199999999504e+00
7.211042800000000419e+00 6.842529599999999768e+00
7.199377099999999530e+00 6.841695999999999778e+00
7.187715700000000041e+00 6.840803499999999815e+00
7.176059000000000410e+00 6.839851899999999318e+00
7.164407299999999701e+00 6.838841400000000625e+00
7.152760800000000252e+00 6.837772000000000183e+00
7.141119800000000239e+00 6.836643600000000376e+00
7.129484800000000178e+00 6.835456399999999988e+00
7.117855899999999458e+00 6.834210399999999908e+00
7.106233399999999811e+00 6.832905499999999854e+00
7.094617699999999694e+00 6.831541900000000389e+00
7.083008999999999666e+00 6.830119499999999455e+00
7.071407699999999963e+00 6.828638399999999997e+00
7.059814000000000256e+00 6.827098699999999631e+00
7.048228199999999610e+00 6.825500299999999854e+00
7.036650700000000036e+00 6.823843300000000056e+00
7.025081699999999429e+00 6.822127800000000519e+00
7.013521599999999800e+00 6.820353799999999467e+00
7.001970500000000541e+00 6.818521300000000451e+00
6.990428899999999501e+00 6.816630500000000481e+00
6.978896999999999906e+00 6.814681199999999883e+00
6.967375099999999932e+00 6.812673700000000387e+00
6.955863500000000421e+00 6.810607899999999937e+00
6.944362500000000438e+00 6.808483900000000588e+00
6.932872399999999935e+00 6.806301699999999677e+00
6.921393499999999754e+00 6.804061399999999260e+00
6.909926099999999849e+00 6.801763100000000506e+00
6.898470399999999891e+00 6.799406900000000142e+00
6.887026799999999227e+00 6.796992699999999665e+00
6.875595500000000193e+00 6.794520600000000243e+00
6.864176999999999751e+00 6.791990799999999773e+00
6.852771300000000565e+00 6.789403199999999750e+00
6.841378899999999597e+00 6.786757999999999846e+00
6.830000000000000071e+00 6.784055099999999783e+00
6.818283600000000000e+00 6.781208499999999972e+00
6.806582200000000249e+00 6.778300800000000237e+00
6.794896200000000164e+00 6.775332099999999969e+00
6.783225800000000305e+00 6.772302499999999448e+00
6.771571299999999738e+00 6.769212099999999843e+00
6.759933200000000753e+00 6.766060900000000267e+00
6.748311600000000077e+00 6.762849100000000391e+00
6.736706899999999720e+00 6.759576699999999327e+00
6.725119399999999636e+00 6.756243900000000302e+00
6.713549500000000059e+00 6.752850699999999762e+00
6.701997500000000052e+00 6.749397100000000371e+00
6.690463600000000177e+00 6.745883399999999419e+00
6.678948099999999499e+00 6.742309599999999570e+00
6.667451500000000308e+00 6.738675800000000216e+00
6.655974000000000501e+00 6.734981999999999580e+00
6.644515900000000030e+00 6.731228500000000281e+00
6.633077600000000018e+00 6.727415299999999654e+00
6.621659199999999856e+00 6.723542400000000363e+00
6.610261300000000340e+00 6.719610099999999697e+00
6.598883999999999972e+00 6.715618400000000321e+00
6.587527600000000483e+00 6.711567399999999850e+00
6.576192600000000610e+00 6.707457199999999453e+00
6.564879099999999745e+00 6.703287999999999691e+00
6.553587499999999899e+00 6.699059799999999676e+00
6.542318199999999528e+00 6.694772799999999968e+00
6.531071299999999802e+00 6.690427099999999960e+00
6.519847300000000345e+00 6.686022799999999933e+00
6.508646399999999943e+00 6.681560000000000166e+00
6.497468899999999437e+00 6.677038899999999444e+00
6.486315099999999667e+00 6.672459499999999544e+00
6.475185399999999980e+00 6.667822000000000138e+00
6.464080000000000048e+00 6.663126600000000010e+00
6.452999199999999824e+00 6.658373300000000050e+00
6.441943400000000430e+00 6.653562299999999929e+00
6.430912799999999763e+00 6.648693699999999929e+00
6.419907799999999831e+00 6.643767600000000328e+00
6.408928600000000309e+00 6.638784199999999913e+00
6.397975499999999371e+00 6.633743599999999851e+00
6.387048899999999918e+00 6.628645999999999816e+00
6.376149000000000733e+00 6.623491500000000087e+00
6.365276200000000273e+00 6.618280099999999777e+00
6.354430599999999707e+00 6.613012200000000007e+00
6.343612699999999549e+00 6.607687700000000497e+00
6.332822699999999472e+00 6.602306999999999704e+00
6.322060900000000316e+00 6.596870000000000012e+00
6.311327599999999372e+00 6.591376900000000205e+00
6.300623100000000143e+00 6.585828000000000237e+00
6.289947699999999919e+00 6.580223299999999220e+00
6.279301699999999542e+00 6.574563100000000659e+00
6.268685300000000460e+00 6.568847300000000722e+00
6.258098900000000242e+00 6.563076299999999641e+00
6.247542700000000337e+00 6.557250200000000362e+00
6.237016999999999811e+00 6.551369099999999612e+00
6.226522200000000673e+00 6.545433200000000618e+00
6.216058399999999651e+00 6.539442600000000105e+00
6.205626100000000811e+00 6.533397500000000413e+00
6.195225399999999993e+00 6.527298200000000605e+00
6.184856599999999816e+00 6.521144599999999514e+00
6.174520099999999623e+00 6.514937100000000036e+00
6.164216099999999976e+00 6.508675699999999509e+00
6.153944900000000828e+00 6.502360700000000548e+00
6.143706800000000356e+00 6.495992300000000164e+00
6.133502000000000010e+00 6.489570500000000131e+00
6.123330799999999741e+00 6.483095599999999514e+00
6.113193599999999783e+00 6.476567699999999483e+00
6.103090500000000418e+00 6.469986999999999711e+00
6.093021900000000102e+00 6.463353800000000149e+00
6.082988000000000284e+00 6.456668099999999910e+00
6.072989100000000029e+00 6.449930199999999836e+00
6.063025500000000179e+00 6.443140299999999598e+00
6.053097399999999517e+00 6.436298400000000086e+00
6.043205200000000055e+00 6.429404900000000644e+00
6.033349000000000295e+00 6.422459899999999777e+00
6.023529199999999584e+00 6.415463599999999822e+00
6.013746000000000258e+00 6.408416199999999563e+00
6.003999700000000495e+00 6.401317900000000449e+00
5.994290600000000246e+00 6.394168800000000097e+00
5.984618799999999794e+00 6.386969199999999347e+00
5.974984800000000540e+00 6.379719199999999368e+00
5.965388700000000100e+00 6.372419100000000114e+00
5.955830700000000810e+00 6.365069099999999480e+00
5.946311300000000521e+00 6.357669299999999524e+00
5.936830500000000121e+00 6.350220000000000198e+00
5.927388800000000124e+00 6.342721300000000006e+00
5.917986200000000530e+00 6.335173499999999791e+00
5.908623200000000075e+00 6.327576800000000112e+00
5.899299899999999930e+00 6.319931300000000363e+00
5.890016600000000047e+00 6.312237299999999607e+00
5.880773600000000378e+00 6.304495000000000182e+00
5.871571000000000318e+00 6.296704599999999985e+00
5.862409200000000098e+00 6.288866299999999576e+00
5.853288400000000280e+00 6.280980400000000685e+00
5.844208899999999929e+00 6.273046999999999151e+00
5.835170900000000493e+00 6.265066299999999977e+00
5.826174599999999870e+00 6.257038699999999842e+00
5.817220299999999789e+00 6.248964200000000524e+00
5.808308200000000809e+00 6.240843100000000199e+00
5.799438600000000221e+00 6.232675699999999708e+00
5.790611700000000361e+00 6.224462099999999332e+00
5.781827700000000014e+00 6.216202599999999912e+00
5.773087000000000302e+00 6.207897400000000232e+00
5.764389699999999728e+00 6.199546699999999966e+00
5.755735999999999741e+00 6.191150799999999954e+00
5.747126299999999688e+00 6.182709899999999870e+00
5.738560699999999848e+00 6.174224199999999385e+00
5.730039399999999894e+00 6.165693899999999950e+00
5.721562800000000060e+00 6.157119300000000628e+00
5.713131000000000626e+00 6.148500699999999597e+00
5.704744200000000376e+00 6.139838099999999521e+00
5.696402799999999544e+00 6.131132000000000026e+00
5.688106799999999907e+00 6.122382400000000224e+00
5.679856599999999922e+00 6.113589799999999741e+00
5.671652400000000149e+00 6.104754200000000353e+00
5.663494399999999374e+00 6.095875900000000236e+00
5.655382700000000540e+00 6.086955299999999625e+00
5.647317699999999441e+00 6.077992400000000295e+00
5.639299600000000190e+00 6.068987600000000704e+00
5.631328499999999515e+00 6.059941099999999636e+00
5.623404700000000034e+00 6.050853199999999710e+00
5.615528400000000531e+00 6.041724100000000597e+00
5.607699899999999182e+00 6.032554000000000194e+00
5.599919200000000430e+00 6.023343200000000230e+00
5.592186700000000066e+00 6.014091999999999771e+00
5.584502599999999539e+00 6.004800499999999985e+00
5.576867000000000019e+00 5.995469100000000218e+00
5.569280200000000569e+00 5.986098100000000422e+00
5.561742299999999695e+00 5.976687599999999989e+00
5.554253600000000013e+00 5.967237899999999762e+00
5.546814300000000308e+00 5.957749200000000300e+00
5.539424600000000254e+00 5.948221899999999174e+00
5.532084700000000410e+00 5.938656299999999888e+00
5.524794799999999562e+00 5.929052399999999778e+00
5.517555000000000653e+00 5.919410700000000247e+00
5.510365700000000366e+00 5.909731300000000687e+00
5.503226899999999588e+00 5.900014600000000442e+00
5.496138799999999769e+00 5.890260800000000074e+00
5.489101800000000253e+00 5.880470099999999256e+00
5.482115900000000153e+00 5.870642899999999997e+00
5.475181300000000029e+00 5.860779400000000194e+00
5.468298300000000722e+00 5.850879899999999800e+00
5.461466999999999850e+00 5.840944599999999376e+00
5.454687600000000636e+00 5.830973799999999763e+00
5.447960300000000089e+00 5.820967800000000025e+00
5.441285200000000266e+00 5.810926799999999837e+00
5.434662599999999344e+00 5.800851200000000318e+00
5.428092700000000548e+00 5.790741200000000255e+00
5.421575500000000325e+00 5.780596999999999319e+00
5.415111399999999797e+00 5.770418999999999521e+00
5.408700399999999853e+00 5.760207400000000533e+00
5.402342800000000445e+00 5.749962599999999924e+00
5.396038700000000077e+00 5.739684699999999751e+00
5.389788199999999918e+00 5.729373999999999967e+00
5.383591599999999922e+00 5.719031000000000198e+00
5.377449099999999760e+00 5.708655700000000444e+00
5.371360700000000321e+00 5.698248600000000330e+00
5.365326699999999782e+00 5.687809800000000138e+00
5.359347200000000200e+00 5.677339700000000100e+00
5.353422400000000358e+00 5.666838600000000170e+00
5.347552399999999651e+00 5.656306700000000021e+00
5.341737499999999805e+00 5.645744399999999885e+00
5.335977699999999935e+00 5.635151800000000044e+00
5.330273199999999711e+00 5.624529400000000123e+00
5.324624200000000585e+00 5.613877400000000684e+00
5.319030800000000170e+00 5.603195999999999621e+00
5.313493199999999916e+00 5.592485700000000115e+00
5.308011599999999497e+00 5.581746600000000669e+00
5.302585999999999800e+00 5.570979000000000347e+00
5.297216599999999609e+00 5.560183299999999385e+00
5.291903599999999486e+00 5.549359800000000398e+00
5.286647199999999991e+00 5.538508700000000395e+00
5.281447400000000236e+00 5.527630300000000219e+00
5.276304399999999895e+00 5.516725000000000101e+00
5.271218300000000134e+00 5.505792999999999715e+00
5.266189299999999740e+00 5.494834599999999902e+00
5.261217499999999880e+00 5.483850099999999728e+00
5.256303100000000228e+00 5.472839900000000313e+00
5.251446200000000175e+00 5.461804100000000162e+00
5.246646900000000002e+00 5.450743199999999788e+00
5.241905299999999990e+00 5.439657500000000034e+00
5.237221599999999810e+00 5.428547099999999404e+00
5.232595999999999137e+00 5.417412500000000186e+00
5.228028400000000353e+00 5.406253899999999391e+00
5.223519100000000748e+00 5.395071600000000522e+00
5.219068199999999713e+00 5.383866000000000263e+00
5.214675800000000194e+00 5.372637300000000060e+00
5.210341999999999807e+00 5.361385799999999868e+00
5.206066899999999720e+00 5.350111899999999920e+00
5.201850699999999605e+00 5.338815899999999282e+00
5.197693400000000352e+00 5.327497999999999401e+00
5.193595300000000137e+00 5.316158599999999623e+00
5.189556300000000455e+00 5.304797999999999902e+00
5.185576600000000091e+00 5.293416500000000191e+00
5.181656399999999607e+00 5.282014300000000162e+00
5.177795600000000498e+00 5.270591900000000329e+00
5.173994500000000052e+00 5.259149500000000366e+00
5.170253100000000046e+00 5.247687499999999616e+00
5.166571499999999872e+00 5.236206000000000138e+00
5.162949800000000700e+00 5.224705600000000061e+00
5.159388200000000424e+00 5.213186399999999665e+00
5.155886699999999934e+00 5.201648800000000072e+00
5.152445399999999509e+00 5.190093100000000348e+00
5.149064400000000319e+00 5.178519599999999556e+00
5.145743900000000259e+00 5.166928600000000316e+00
5.142483799999999938e+00 5.155320500000000195e+00
5.139284299999999917e+00 5.143695499999999754e+00
5.136145400000000194e+00 5.132054000000000116e+00
5.133067399999999836e+00 5.120396300000000345e+00
5.130050100000000057e+00 5.108722600000000114e+00
5.127093799999999924e+00 5.097033499999999329e+00
5.124198500000000323e+00 5.085328999999999766e+00
5.121364200000000366e+00 5.073609600000000164e+00
5.118591099999999727e+00 5.061875600000000475e+00
5.115879299999999574e+00 5.050127299999999764e+00
5.113228699999999627e+00 5.038364999999999760e+00
5.110639500000000446e+00 5.026589099999999810e+00
5.108111799999999647e+00 5.014799799999999586e+00
5.105645599999999895e+00 5.002997399999999928e+00
5.103240999999999694e+00 4.991182399999999575e+00
5.100897999999999932e+00 4.979354999999999976e+00
5.098616700000000002e+00 4.967515599999999587e+00
5.096397200000000183e+00 4.955664399999999858e+00
5.094239599999999868e+00 4.943801800000000135e+00
5.092143799999999665e+00 4.931928100000000370e+00
5.090109999999999246e+00 4.920043599999999628e+00
5.088138200000000388e+00 4.908148699999999920e+00
5.086228399999999539e+00 4.896243700000000310e+00
5.084380799999999923e+00 4.884328800000000470e+00
5.082595300000000371e+00 4.872404500000000027e+00
5.080872000000000277e+00 4.860471099999999822e+00
5.079210999999999920e+00 4.848528800000000416e+00
5.077612300000000189e+00 4.836578000000000266e+00
5.076075900000000196e+00 4.824619099999999605e+00
5.074601999999999613e+00 4.812652299999999883e+00
5.073190400000000544e+00 4.800677899999999276e+00
5.071841299999999997e+00 4.788696400000000075e+00
5.070554800000000029e+00 4.776707999999999288e+00
5.069330700000000078e+00 4.764713099999999812e+00
5.068169200000000707e+00 4.752711900000000433e+00
5.067070399999999530e+00 4.740704800000000496e+00
5.066034099999999540e+00 4.728692200000000234e+00
5.065060599999999802e+00 4.716674399999999601e+00
5.064149699999999754e+00 4.704651600000000045e+00
5.063301499999999677e+00 4.692624200000000023e+00
5.062516099999999852e+00 4.680592599999999770e+00
5.061793399999999998e+00 4.668556999999999846e+00
5.061133499999999508e+00 4.656517899999999877e+00
5.060536299999999876e+00 4.644475400000000143e+00
5.060002000000000777e+00 4.632430000000000270e+00
5.059530500000000153e+00 4.620381999999999323e+00
5.059121900000000061e+00 4.608331699999999920e+00
5.058776100000000220e+00 4.596279400000000237e+00
5.058493200000000023e+00 4.584225499999999620e+00
5.058273100000000078e+00 4.572170299999999799e+00
5.058115899999999776e+00 4.560114099999999837e+00
5.058021600000000007e+00 4.548057200000000577e+00
5.057990099999999600e+00 4.535999999999999588e+00
5.057990099999999600e+00 -5.469000000000000306e+00
6.271878599999999970e+00 -5.394755500000000481e+00
5.830991400000000269e+00 -1.199999999999999956e+00
5.830991400000000269e+00 1.100000000000000089e+00
6.053522799999999648e+00 4.282342200000000432e+00
6.054107399999999473e+00 4.290502299999999991e+00
6.054720000000000546e+00 4.298660299999999879e+00
6.055360499999999924e+00 4.306816200000000094e+00
6.056028900000000270e+00 4.314969900000000358e+00
6.056725199999999809e+00 4.323121199999999220e+00
6.057449400000000317e+00 4.331270099999999346e+00
6.058201500000000017e+00 4.339416500000000454e+00
6.058981499999999798e+00 4.347560200000000208e+00
6.059789399999999659e+00 4.355701200000000384e+00
6.060625100000000209e+00 4.363839500000000093e+00
6.061488599999999671e+00 4.371974800000000272e+00
6.062380100000000382e+00 4.380107100000000031e+00
6.063299299999999725e+00 4.388236299999999979e+00
6.064246400000000037e+00 4.396362299999999834e+00
6.065221199999999868e+00 4.404484999999999317e+00
6.066223899999999780e+00 4.412604299999999924e+00
6.067254399999999492e+00 4.420720199999999878e+00
6.068312600000000501e+00 4.428832400000000113e+00
6.069398600000000421e+00 4.436941000000000024e+00
6.070512300000000749e+00 4.445045900000000216e+00
6.071653799999999990e+00 4.453146900000000130e+00
6.072823000000000526e+00 4.461243900000000373e+00
6.074019900000000582e+00 4.469336900000000057e+00
6.075244500000000158e+00 4.477425699999999509e+00
6.076496800000000142e+00 4.485510299999999617e+00
6.077776799999999646e+00 4.493590600000000101e+00
6.079084400000000166e+00 4.501666400000000401e+00
6.080419599999999924e+00 4.509737699999999627e+00
6.081782500000000091e+00 4.517804400000000165e+00
6.083172999999999497e+00 4.525866399999999956e+00
6.084591000000000527e+00 4.533923600000000498e+00
6.086036600000000796e+00 4.541975800000000341e+00
6.087509799999999416e+00 4.550023100000000653e+00
6.089010500000000548e+00 4.558065299999999986e+00
6.090538800000000030e+00 4.566102299999999836e+00
6.092094499999999968e+00 4.574133999999999922e+00
6.093677699999999753e+00 4.582160399999999356e+00
6.095288400000000273e+00 4.590181199999999961e+00
6.096926599999999752e+00 4.598196600000000522e+00
6.098592099999999405e+00 4.606206199999999917e+00
6.100285099999999794e+00 4.614210200000000484e+00
6.102005400000000357e+00 4.622208200000000211e+00
6.103753199999999879e+00 4.630200399999999661e+00
6.105528200000000183e+00 4.638186499999999768e+00
6.107330600000000054e+00 4.646166500000000532e+00
6.109160299999999211e+00 4.654140299999999897e+00
6.111017300000000319e+00 4.662107699999999966e+00
6.112901599999999824e+00 4.670068800000000131e+00
6.114813100000000112e+00 4.678023399999999832e+00
6.116751800000000294e+00 4.685971300000000284e+00
6.118717700000000370e+00 4.693912599999999991e+00
6.120710700000000060e+00 4.701847100000000168e+00
6.122730999999999923e+00 4.709774799999999928e+00
6.124778300000000009e+00 4.717695499999999598e+00
6.126852799999999988e+00 4.725609099999999785e+00
6.128954300000000188e+00 4.733515599999999601e+00
6.131082799999999722e+00 4.741414799999999374e+00
6.133238399999999757e+00 4.749306699999999992e+00
6.135421000000000014e+00 4.757191200000000286e+00
6.137630600000000491e+00 4.765068199999999976e+00
6.139867199999999414e+00 4.772937600000000558e+00
6.142130600000000662e+00 4.780799200000000582e+00
6.144421000000000355e+00 4.788653100000000329e+00
6.146738199999999708e+00 4.796499100000000126e+00
6.149082199999999609e+00 4.804337099999999694e+00
6.151453099999999452e+00 4.812167000000000527e+00
6.153850799999999843e+00 4.819988799999999962e+00
6.156275199999999614e+00 4.827802300000000102e+00
6.158726399999999934e+00 4.835607500000000059e+00
6.161204200000000242e+00 4.843404200000000159e+00
6.163708800000000210e+00 4.851192399999999516e+00
6.166239899999999885e+00 4.858971999999999625e+00
6.168797699999999828e+00 4.866742900000000205e+00
6.171382099999999760e+00 4.874505000000000088e+00
6.173993000000000286e+00 4.882258199999999881e+00
6.176630499999999913e+00 4.890002400000000193e+00
6.179294399999999854e+00 4.897737499999999855e+00
6.181984900000000671e+00 4.905463499999999755e+00
6.184701699999999747e+00 4.913180200000000220e+00
6.187444900000000025e+00 4.920887500000000081e+00
6.190214499999999731e+00 4.928585500000000508e+00
6.193010500000000640e+00 4.936273899999999770e+00
6.195832699999999527e+00 4.943952699999999645e+00
6.198681200000000224e+00 4.951621799999999851e+00
6.201555999999999180e+00 4.959281100000000109e+00
6.204456900000000275e+00 4.966930500000000137e+00
6.207384000000000235e+00 4.974569900000000544e+00
6.210337299999999949e+00 4.982199300000000441e+00
6.213316599999999745e+00 4.989818500000000157e+00
6.216321999999999903e+00 4.997427399999999409e+00
6.219353500000000423e+00 5.005026100000000255e+00
6.222410899999999856e+00 5.012614300000000078e+00
6.225494300000000258e+00 5.020191999999999766e+00
6.228603600000000462e+00 5.027759099999999926e+00
6.231738800000000467e+00 5.035315499999999389e+00
6.234899799999999992e+00 5.042861199999999933e+00
6.238086700000000207e+00 5.050396000000000107e+00
6.241299299999999661e+00 5.057919799999999633e+00
6.244537599999999244e+00 5.065432600000000285e+00
6.247801700000000125e+00 5.072934199999999727e+00
6.251091399999999965e+00 5.080424700000000016e+00
6.254406699999999653e+00 5.087903800000000309e+00
6.257747600000000077e+00 5.095371500000000609e+00
6.261114099999999461e+00 5.102827800000000025e+00
6.264506099999999300e+00 5.110272499999999773e+00
6.267923500000000203e+00 5.117705500000000463e+00
6.271366299999999505e+00 5.125126900000000596e+00
6.274834499999999871e+00 5.132536299999999940e+00
6.278328099999999523e+00 5.139933899999999944e+00
6.281846999999999959e+00 5.147319400000000655e+00
6.285391100000000009e+00 5.154692899999999689e+00
6.288960499999999954e+00 5.162054199999999149e+00
6.292555000000000121e+00 5.169403199999999643e+00
6.296174699999999902e+00 5.176739899999999395e+00
6.299819400000000513e+00 5.184064199999999900e+00
6.303489199999999570e+00 5.191375899999999710e+00
6.307184000000000346e+00 5.198675000000000601e+00
6.310903800000000174e+00 5.205961499999999909e+00
6.314648500000000553e+00 5.213235099999999456e+00
6.318418099999999704e+00 5.220495899999999523e+00
6.322212500000000013e+00 5.227743799999999830e+00
6.326031699999999702e+00 5.234978600000000704e+00
6.329875600000000269e+00 5.242200300000000368e+00
6.333744199999999935e+00 5.249408800000000319e+00
6.337637499999999591e+00 5.256604000000000276e+00
6.341555399999999842e+00 5.263785900000000240e+00
6.345497900000000691e+00 5.270954300000000536e+00
6.349464799999999798e+00 5.278109200000000278e+00
6.352682300000000559e+00 5.283850700000000344e+00
6.355932000000000137e+00 5.289573999999999998e+00
6.359213999999999700e+00 5.295279000000000735e+00
6.362528000000000183e+00 5.300965299999999658e+00
6.365873999999999810e+00 5.306632899999999431e+00
6.369251900000000077e+00 5.312281500000000101e+00
6.372661600000000703e+00 5.317911000000000499e+00
6.376102999999999632e+00 5.323521200000000064e+00
6.379575899999999855e+00 5.329111900000000013e+00
6.383080299999999596e+00 5.334683000000000064e+00
6.386616000000000071e+00 5.340234200000000264e+00
6.390182900000000110e+00 5.345765400000000334e+00
6.393780899999999434e+00 5.351276499999999992e+00
6.397409999999999819e+00 5.356767099999999893e+00
6.401069900000000423e+00 5.362237299999999429e+00
6.404760500000000079e+00 5.367686700000000144e+00
6.408481899999999953e+00 5.373115199999999980e+00
6.412233699999999814e+00 5.378522700000000434e+00
6.416015999999999941e+00 5.383909000000000056e+00
6.419828599999999774e+00 5.389273799999999781e+00
6.423671299999999640e+00 5.394617100000000498e+00
6.427544100000000427e+00 5.399938699999999869e+00
6.431446799999999797e+00 5.405238299999999718e+00
6.435379299999999247e+00 5.410515900000000045e+00
6.439341399999999993e+00 5.415771200000000007e+00
6.443333199999999650e+00 5.421004100000000214e+00
6.447354299999999760e+00 5.426214500000000385e+00
6.451404800000000606e+00 5.431402100000000566e+00
6.455484400000000456e+00 5.436566799999999589e+00
6.459592999999999918e+00 5.441708400000000445e+00
6.463730599999999882e+00 5.446826800000000190e+00
6.467896899999999505e+00 5.451921800000000040e+00
6.472091900000000564e+00 5.456993200000000321e+00
6.476315400000000722e+00 5.462040899999999866e+00
6.480567299999999697e+00 5.467064800000000169e+00
6.484847399999999595e+00 5.472064500000000109e+00
6.489155600000000135e+00 5.477040200000000247e+00
6.493491800000000147e+00 5.481991400000000070e+00
6.497855799999999959e+00 5.486918099999999576e+00
6.502247500000000180e+00 5.491820200000000263e+00
6.506666799999999640e+00 5.496697400000000400e+00
6.511113400000000162e+00 5.501549699999999987e+00
6.515587400000000251e+00 5.506376799999999960e+00
6.520088399999999673e+00 5.511178700000000319e+00
6.524616500000000485e+00 5.515955100000000222e+00
6.529171400000000069e+00 5.520705900000000277e+00
6.533752999999999922e+00 5.525430899999999923e+00
6.538361100000000370e+00 5.530130100000000049e+00
6.542995700000000525e+00 5.534803299999999204e+00
6.547656500000000435e+00 5.539450200000000102e+00
6.552343399999999818e+00 5.544070800000000077e+00
6.557056300000000171e+00 5.548664899999999456e+00
6.561795000000000044e+00 5.553232399999999735e+00
6.566559400000000046e+00 5.557773100000000355e+00
6.571349299999999616e+00 5.562286900000000145e+00
6.576164499999999968e+00 5.566773699999999714e+00
6.581004899999999935e+00 5.571233199999999997e+00
6.585870400000000124e+00 5.575665400000000105e+00
6.590760799999999975e+00 5.580070099999999478e+00
6.595675899999999814e+00 5.584447199999999611e+00
6.600615700000000530e+00 5.588796499999999945e+00
6.605579800000000112e+00 5.593117900000000198e+00
6.610568199999999450e+00 5.597411300000000089e+00
6.615580800000000039e+00 5.601676499999999947e+00
6.620617300000000149e+00 5.605913300000000099e+00
6.625677500000000109e+00 5.610121799999999936e+00
6.630761399999999917e+00 5.614301600000000114e+00
6.635868799999999901e+00 5.618452699999999744e+00
6.640999499999999500e+00 5.622574999999999434e+00
6.646153400000000211e+00 5.626668300000000400e+00
6.651330200000000303e+00 5.630732499999999696e+00
6.656529800000000385e+00 5.634767499999999707e+00
6.661752199999999569e+00 5.638773100000000760e+00
6.666996900000000004e+00 5.642749199999999909e+00
6.672264100000000475e+00 5.646695700000000429e+00
6.677553299999999581e+00 5.650612500000000260e+00
6.682864600000000266e+00 5.654499399999999731e+00
6.688197600000000520e+00 5.658356300000000338e+00
6.693552399999999736e+00 5.662183100000000024e+00
6.698928600000000344e+00 5.665979600000000005e+00
6.704326100000000288e+00 5.669745799999999392e+00
6.709744699999999895e+00 5.673481500000000288e+00
6.715184299999999773e+00 5.677186700000000030e+00
6.720644700000000249e+00 5.680861100000000441e+00
6.726125699999999874e+00 5.684504700000000632e+00
6.731627200000000144e+00 5.688117300000000043e+00
6.737148900000000218e+00 5.691698900000000449e+00
6.742690699999999815e+00 5.695249399999999795e+00
6.748252499999999543e+00 5.698768499999999904e+00
6.753833999999999449e+00 5.702256199999999886e+00
6.759435000000000748e+00 5.705712499999999743e+00
6.765055400000000496e+00 5.709137099999999521e+00
6.770695100000000188e+00 5.712530000000000108e+00
6.776353699999999591e+00 5.715891099999999447e+00
6.782031299999999874e+00 5.719220199999999643e+00
6.787727499999999914e+00 5.722517300000000695e+00
6.793442100000000039e+00 5.725782199999999378e+00
6.799175100000000249e+00 5.729014900000000132e+00
6.804926199999999703e+00 5.732215199999999733e+00
6.810695299999999897e+00 5.735382999999999676e+00
6.816482099999999988e+00 5.738518400000000241e+00
6.822286500000000586e+00 5.741621000000000308e+00
6.828108300000000241e+00 5.744690899999999267e+00
6.833947199999999889e+00 5.747727900000000112e+00
6.839803200000000416e+00 5.750732000000000177e+00
6.845676099999999487e+00 5.753703000000000678e+00
6.851565599999999812e+00 5.756640900000000727e+00
6.857471499999999942e+00 5.759545600000000043e+00
6.863393699999999598e+00 5.762417000000000122e+00
6.869331999999999994e+00 5.765254899999999516e+00
6.875286199999999681e+00 5.768059300000000000e+00
6.881256200000000156e+00 5.770830100000000407e+00
6.887241600000000297e+00 5.773567299999999847e+00
6.893242400000000103e+00 5.776270600000000144e+00
6.899258200000000230e+00 5.778940099999999802e+00
6.905289100000000069e+00 5.781575700000000317e+00
6.911334700000000275e+00 5.784177200000000241e+00
6.917394900000000568e+00 5.786744699999999852e+00
6.923469400000000107e+00 5.789277900000000088e+00
6.929558100000000387e+00 5.791776899999999451e+00
6.935660799999999959e+00 5.794241500000000045e+00
6.941777300000000039e+00 5.796671700000000094e+00
6.947907400000000067e+00 5.799067400000000205e+00
6.954050900000000368e+00 5.801428600000000380e+00
6.960207599999999495e+00 5.803754999999999775e+00
6.966377300000000439e+00 5.806046699999999561e+00
6.972559799999999974e+00 5.808303700000000624e+00
6.978754900000000205e+00 5.810525700000000349e+00
6.984962499999999963e+00 5.812712799999999902e+00
6.991182300000000183e+00 5.814864899999999892e+00
6.997414100000000303e+00 5.816982000000000319e+00
7.003657699999999764e+00 5.819063800000000342e+00
7.009912999999999172e+00 5.821110499999999632e+00
7.016179699999999464e+00 5.823121900000000295e+00
7.022457700000000358e+00 5.825097899999999385e+00
7.028746700000000125e+00 5.827038499999999566e+00
7.035046499999999980e+00 5.828943699999999950e+00
7.041356899999999364e+00 5.830813299999999977e+00
7.047677800000000659e+00 5.832647299999999646e+00
7.054008899999999471e+00 5.834445699999999846e+00
7.060350099999999962e+00 5.836208400000000296e+00
7.066701100000000402e+00 5.837935299999999827e+00
7.073061700000000229e+00 5.839626400000000217e+00
7.079431699999999772e+00 5.841281699999999688e+00
7.085810999999999638e+00 5.842900999999999456e+00
7.092199299999999873e+00 5.844484300000000410e+00
7.098596399999999917e+00 5.846031699999999276e+00
7.105002199999999490e+00 5.847542900000000543e+00
7.111416300000000135e+00 5.849018100000000331e+00
7.117838700000000074e+00 5.850457000000000463e+00
7.124268999999999963e+00 5.851859800000000611e+00
7.130707199999999801e+00 5.853226300000000215e+00
7.137153000000000524e+00 5.854556499999999275e+00
7.143606100000000403e+00 5.855850300000000175e+00
7.150066500000000325e+00 5.857107799999999642e+00
7.156533800000000056e+00 5.858328900000000061e+00
7.163007899999999317e+00 5.859513500000000263e+00
7.169488599999999323e+00 5.860661499999999968e+00
7.175975600000000121e+00 5.861773100000000625e+00
7.182468799999999653e+00 5.862848099999999896e+00
7.188968000000000025e+00 5.863886499999999558e+00
7.195472899999999505e+00 5.864888200000000218e+00
7.201983300000000199e+00 5.865853299999999493e+00
7.208499100000000048e+00 5.866781600000000374e+00
7.215020000000000877e+00 5.867673300000000758e+00
7.221545899999999740e+00 5.868528100000000691e+00
7.228076399999999957e+00 5.869346199999999847e+00
7.234611499999999751e+00 5.870127499999999721e+00
7.241150800000000665e+00 5.870872000000000313e+00
7.247694300000000034e+00 5.871579500000000174e+00
7.254241600000000290e+00 5.872250200000000753e+00
7.260792599999999375e+00 5.872883999999999993e+00
7.267347100000000282e+00 5.873480899999999671e+00
7.273904800000000392e+00 5.874040799999999507e+00
7.280465600000000315e+00 5.874563799999999780e+00
7.287029200000000095e+00 5.875049800000000211e+00
7.293595400000000062e+00 5.875498799999999910e+00
7.300164099999999934e+00 5.875910799999999767e+00
7.306734999999999758e+00 5.876285799999999782e+00
7.313307899999999862e+00 5.876623699999999673e+00
7.319882599999999684e+00 5.876924600000000609e+00
7.326458899999999552e+00 5.877188399999999646e+00
7.333036600000000682e+00 5.877415200000000617e+00
7.339615499999999848e+00 5.877604900000000576e+00
7.346195300000000650e+00 5.877757599999999805e+00
7.352775899999999254e+00 5.877873099999999518e+00
7.359357000000000149e+00 5.877951600000000276e+00
7.365938400000000108e+00 5.877993000000000023e+00
7.372520000000000628e+00 5.877997299999999647e+00
7.379101499999999980e+00 5.877964500000000037e+00
7.385682700000000267e+00 5.877894599999999414e+00
7.392263500000000320e+00 5.877787699999999838e+00
7.398843499999999906e+00 5.877643699999999249e+00
7.405422599999999633e+00 5.877462500000000034e+00
7.412000500000000436e+00 5.877244399999999480e+00
7.418577199999999650e+00 5.876989099999999411e+00
7.425152299999999705e+00 5.876696799999999499e+00
7.431725600000000043e+00 5.876367500000000632e+00
7.438296999999999493e+00 5.876001100000000754e+00
7.444866200000000767e+00 5.875597700000000145e+00
7.451433100000000032e+00 5.875157299999999694e+00
7.457997299999999719e+00 5.874679900000000288e+00
7.464558799999999827e+00 5.874165500000000151e+00
7.471117200000000125e+00 5.873614199999999563e+00
7.477672499999999722e+00 5.873025900000000021e+00
7.484224300000000163e+00 5.872400700000000029e+00
7.490772500000000278e+00 5.871738500000000194e+00
7.497316799999999226e+00 5.871039500000000189e+00
7.503857200000000560e+00 5.870303600000000621e+00
7.510393200000000213e+00 5.869530899999999995e+00
7.516924799999999962e+00 5.868721400000000088e+00
7.523451800000000134e+00 5.867874999999999730e+00
7.529973899999999887e+00 5.866991900000000371e+00
7.536490899999999549e+00 5.866072100000000233e+00
7.543002599999999447e+00 5.865115499999999926e+00
7.549508799999999908e+00 5.864122300000000010e+00
7.556009299999999484e+00 5.863092400000000204e+00
7.562503899999999391e+00 5.862025899999999901e+00
7.568992399999999954e+00 5.860922899999999380e+00
7.575474599999999725e+00 5.859783199999999859e+00
7.581950200000000528e+00 5.858607100000000401e+00
7.588419100000000306e+00 5.857394500000000725e+00
7.594881099999999385e+00 5.856145499999999338e+00
7.601335999999999871e+00 5.854860099999999790e+00
7.607783499999999144e+00 5.853538300000000305e+00
7.614223400000000197e+00 5.852180299999999669e+00
7.620655600000000085e+00 5.850785899999999984e+00
7.627079800000000631e+00 5.849355300000000035e+00
7.633495899999999779e+00 5.847888600000000103e+00
7.639903599999999351e+00 5.846385699999999908e+00
7.646302700000000563e+00 5.844846800000000009e+00
7.652693100000000470e+00 5.843271800000000127e+00
7.659074500000000008e+00 5.841660799999999654e+00
7.665446700000000391e+00 5.840013899999999758e+00
7.671809500000000170e+00 5.838331100000000440e+00
7.678162799999999955e+00 5.836612500000000203e+00
7.684506199999999509e+00 5.834858099999999936e+00
7.690839700000000612e+00 5.833067999999999920e+00
7.697162999999999755e+00 5.831242199999999265e+00
7.703475899999999932e+00 5.829380900000000310e+00
7.709778199999999693e+00 5.827484000000000108e+00
7.716069700000000253e+00 5.825551599999999830e+00
7.722350200000000164e+00 5.823583800000000643e+00
7.728619499999999753e+00 5.821580599999999883e+00
7.734877499999999628e+00 5.819542099999999607e+00
7.741123899999999836e+00 5.817468400000000095e+00
7.747358400000000422e+00 5.815359599999999851e+00
7.753581000000000500e+00 5.813215600000000371e+00
7.759791500000000397e+00 5.811036600000000441e+00
7.765989499999999879e+00 5.808822600000000058e+00
7.772174999999999834e+00 5.806573799999999785e+00
7.778347700000000309e+00 5.804290100000000230e+00
7.784507400000000743e+00 5.801971700000000176e+00
7.790654000000000856e+00 5.799618699999999905e+00
7.796787199999999807e+00 5.797231000000000023e+00
7.802906899999999979e+00 5.794808800000000204e+00
7.822248899999999949e+00 5.787059599999999193e+00
7.841569999999999929e+00 5.779258099999999843e+00
7.860869899999999966e+00 5.771404400000000656e+00
7.880148400000000386e+00 5.763498499999999858e+00
7.899405499999999414e+00 5.755540400000000112e+00
7.918641000000000041e+00 5.747530199999999923e+00
7.937854699999999930e+00 5.739467999999999570e+00
7.957046500000000577e+00 5.731353900000000223e+00
7.976216400000000206e+00 5.723187799999999825e+00
7.995363999999999471e+00 5.714969899999999825e+00
8.014489300000001037e+00 5.706700300000000503e+00
8.033592199999999295e+00 5.698378899999999803e+00
8.052672499999999900e+00 5.690005799999999780e+00
8.071730099999999908e+00 5.681581100000000717e+00
8.090764800000000534e+00 5.673104900000000228e+00
8.109776500000000610e+00 5.664577200000000090e+00
8.128765099999998966e+00 5.655998099999999695e+00
8.147730300000000980e+00 5.647367700000000212e+00
8.166672200000000714e+00 5.638685900000000473e+00
8.185590499999999992e+00 5.629953000000000429e+00
8.204485099999999420e+00 5.621168800000000410e+00
8.223355800000000215e+00 5.612333600000000366e+00
8.242202600000000601e+00 5.603447300000000020e+00
8.261025200000000623e+00 5.594510100000000818e+00
8.279823600000000283e+00 5.585522000000000098e+00
8.298597599999999019e+00 5.576483000000000523e+00
8.317347100000000992e+00 5.567393299999999989e+00
8.336071900000000312e+00 5.558252799999999993e+00
8.354771899999999363e+00 5.549061800000000488e+00
8.373447000000000529e+00 5.539820100000000025e+00
0.000000000000000000e+00 1.929112422229332657e-01
1.963495408493620697e-01 1.929112422229332657e-01
3.926990816987241950e-01 1.929112422229332657e-01
5.890486225480862092e-01 1.929112422229332657e-01
7.853981633974481680e-01 1.929112422229332657e-01
9.817477042468102377e-01 1.929112422229332657e-01
1.178097245096172418e+00 1.929112422229332657e-01
1.374446785945534488e+00 1.929112422229332657e-01
1.570796326794896558e+00 1.929112422229332657e-01
1.767145867644258628e+00 1.929112422229332657e-01
1.963495408493620697e+00 1.929112422229332657e-01
2.159844949342982545e+00 1.929112422229332657e-01
2.356194490192344837e+00 1.929112422229332657e-01
2.552544031041707129e+00 1.929112422229332657e-01
2.748893571891068976e+00 1.929112422229332657e-01
2.945243112740430824e+00 1.929112422229332657e-01
3.141592653589793116e+00 1.929112422229332657e-01
-2.945243112740431268e+00 1.929112422229332657e-01
-2.748893571891068976e+00 1.929112422229332657e-01
-2.552544031041707573e+00 1.929112422229332657e-01
-2.356194490192345281e+00 1.929112422229332657e-01
-2.159844949342982989e+00 1.929112422229332657e-01
-1.963495408493621364e+00 1.929112422229332657e-01
-1.767145867644259072e+00 1.929112422229332657e-01
-1.570796326794896780e+00 1.929112422229332657e-01
-1.374446785945534488e+00 1.929112422229332657e-01
-1.178097245096172196e+00 1.929112422229332657e-01
-9.817477042468109039e-01 1.929112422229332657e-01
-7.853981633974485010e-01 1.929112422229332657e-01
-5.890486225480862092e-01 1.929112422229332657e-01
-3.926990816987248056e-01 1.929112422229332657e-01
-1.963495408493625416e-01 1.929112422229332657e-01
